15 20
- - - - - - - - - - - - - - - - - - - - 
- 2 3 7 - 4 8 6 9 - 2 4 1 - 1 5 3 - 4 9 
- 6 9 8 - 2 1 3 7 - 5 1 3 8 4 9 7 - 1 5 
- 4 5 9 8 7 - 5 1 6 9 7 - 5 3 - 4 9 6 8 
- 1 7 - 6 1 8 2 - 4 7 5 8 6 2 9 - 1 2 4 
- - 8 3 1 - 9 1 8 3 - 3 4 1 - 1 5 2 3 7 
- 9 2 1 4 3 6 - 6 1 7 2 - 2 1 3 4 5 - - 
- 7 6 - 5 1 - 1 5 2 3 - 1 3 2 5 - 7 6 2 
- 4 1 2 - 9 8 6 7 - 9 2 5 4 - 2 6 - 8 1 
- - - 3 1 6 2 5 - 3 4 1 2 - 6 4 8 7 9 3 
- 6 8 5 9 7 - 4 1 2 - 5 3 4 8 - 2 4 1 - 
- 4 9 7 - 8 5 2 3 7 9 6 - 3 9 1 7 - 2 4 
- 2 4 1 9 - 2 8 - 5 7 3 1 2 - 7 9 6 4 8 
- 1 6 - 8 5 1 3 7 4 2 - 8 6 9 4 - 8 3 1 
- 3 7 - 7 1 3 - 9 1 3 - 3 5 1 2 - 9 5 7