15 20
- - - - - - - - - - - - - - - - - - - - 
- 9 8 7 - 1 3 9 - 8 9 6 - 3 5 1 2 - 3 2 
- 3 1 6 2 5 4 7 - 9 2 5 8 1 7 6 4 - 8 6 
- - 5 2 1 - 2 5 1 3 - 1 5 - 3 2 5 1 7 4 
- 1 3 - 3 7 1 - 2 6 1 3 4 5 8 - 1 3 6 - 
- 4 6 8 7 9 - 2 4 - 9 8 - 4 6 1 3 - 9 1 
- 3 2 1 - 5 1 3 - 5 4 2 8 7 9 6 - 4 5 8 
- 2 4 3 6 - 7 8 4 9 6 - 9 2 - 2 6 8 - - 
- - - 5 4 1 - 5 1 - 3 1 6 8 4 - 3 5 1 2 
- 1 4 2 - 8 9 4 2 7 5 6 - 3 7 6 - 9 6 8 
- 8 7 - 9 7 8 6 - 9 7 - 7 1 - 2 5 7 4 1 
- - 9 1 3 - 7 1 3 4 2 8 5 - 5 8 9 - 2 3 
- 2 3 7 5 1 4 - 7 2 - 7 2 4 1 - 7 1 5 - 
- 1 8 - 1 2 6 8 5 3 4 9 - 6 4 5 8 2 3 1 
- 4 6 - 2 3 5 1 - 1 3 5 - 9 8 7 - 6 7 8