15 20
- - - - - - - - - - - - - - - - - - - - 
- 2 3 1 5 - 6 1 - 4 5 9 - 1 3 9 - 8 9 7 
- 8 7 6 9 - 9 3 5 6 7 8 - 5 2 8 6 3 4 1 
- 1 4 - 6 8 5 - 4 2 - 3 1 7 - 7 8 - 6 5 
- - 1 3 2 7 - 6 3 1 7 - 4 9 8 - 9 4 7 - 
- 3 2 8 - 6 8 9 2 - 9 8 6 - 3 5 7 6 8 9 
- 1 5 - 2 9 4 - 1 4 - 7 3 5 1 2 - 1 3 7 
- 6 8 9 3 - 3 1 - 3 5 4 2 1 - 4 6 2 - - 
- - - 7 1 9 - 2 4 1 3 6 - 2 6 - 9 3 7 8 
- 2 1 4 - 8 7 4 9 6 - 9 8 - 9 3 5 - 4 9 
- 5 7 8 9 6 3 - 1 2 5 - 3 7 8 4 - 1 3 6 
- - 4 6 7 - 1 4 2 - 3 6 1 2 - 6 9 5 8 - 
- 1 3 - 5 1 - 8 3 5 - 4 2 - 9 2 7 - 2 6 
- 5 2 1 8 3 4 6 - 9 6 7 5 4 8 - 8 9 5 7 
- 8 6 9 - 4 2 7 - 7 1 3 - 2 6 - 5 3 1 4