14 24
- - - - - - - - - - - - - - - - - - - - - - - - 
- - 2 6 3 1 - 1 3 2 6 - 4 7 9 - 6 8 9 - 4 3 2 1 
- 7 6 8 9 4 - 4 5 3 9 7 1 6 8 - 3 1 2 4 7 9 5 8 
- 8 4 9 - 3 1 2 - 5 8 9 - 3 6 1 2 - 7 3 9 - 7 9 
- 9 7 - 8 5 9 - 6 4 3 - 7 9 - 6 5 9 - 1 5 2 3 - 
- 4 3 9 2 - 3 2 9 - 7 3 6 5 9 - 4 7 3 - 6 1 4 8 
- - - 6 1 3 - 1 8 2 - 1 4 - 4 2 1 - 5 9 8 - 6 9 
- 3 9 7 - 9 7 3 - 8 5 2 9 4 7 6 - 2 1 6 - 3 1 6 
- 2 5 - 2 1 3 - 8 9 4 - 2 1 - 1 3 7 - 8 9 4 - - 
- 4 6 1 5 - 9 8 7 - 1 8 5 2 4 - 2 1 4 - 7 2 8 4 
- - 8 7 4 9 - 2 4 5 - 9 8 - 2 3 1 - 9 6 8 - 2 1 
- 1 3 - 6 8 9 - 5 3 1 2 - 5 9 8 - 7 8 9 - 8 9 5 
- 8 7 9 3 4 2 5 6 - 4 6 5 3 1 7 9 2 - 3 1 4 6 2 
- 2 4 7 1 - 8 2 9 - 2 7 1 - 6 9 8 1 - 8 3 9 7 -