15 20
- - - - - - - - - - - - - - - - - - - - 
- 9 5 - 9 3 1 - 3 7 5 - 4 1 2 - 2 4 1 3 
- 6 4 3 7 1 2 - 5 9 8 6 2 3 7 - 5 7 2 8 
- 8 2 1 - 5 4 9 7 - 9 4 1 - 5 7 6 8 3 9 
- - - 8 9 2 - 2 1 3 7 5 - 5 1 2 3 6 - - 
- 2 1 4 3 - 6 8 4 9 - 2 7 1 4 - 8 9 5 7 
- 1 5 - 7 8 9 - 2 1 3 - 9 6 3 8 4 - 3 4 
- 8 7 9 - 4 5 3 - 7 4 1 8 2 - 7 1 3 2 - 
- - 2 5 3 1 - 7 3 8 6 9 - 4 1 9 - 9 6 8 
- 1 3 - 5 2 9 8 7 - 1 2 3 - 8 6 5 - 4 1 
- 5 4 2 6 - 3 5 1 2 - 3 5 1 2 - 9 7 1 2 
- - - 3 1 8 6 9 - 8 6 4 9 7 - 4 3 8 - - 
- 3 7 1 4 5 2 - 5 9 7 - 8 3 1 7 - 9 1 3 
- 1 8 4 2 - 5 7 1 4 2 3 6 - 2 3 5 6 4 1 
- 7 9 6 8 - 1 2 4 - 5 1 7 - 4 8 2 - 2 5