15 20
- - - - - - - - - - - - - - - - - - - - 
- 8 9 6 - 2 1 4 - 3 7 2 - 9 5 - 7 9 3 8 
- 1 7 2 - 8 5 7 9 2 6 4 - 8 7 3 4 6 1 2 
- 3 5 1 6 4 2 - 5 1 - 1 2 4 - 2 1 7 - - 
- 2 8 4 1 - 3 1 6 - 4 3 1 6 2 - 3 8 2 1 
- - - 7 9 8 - 3 7 1 2 - 3 7 8 9 5 - 9 7 
- 8 4 3 - 2 9 4 8 5 - 5 6 - 9 4 8 7 6 5 
- 9 6 - 8 1 6 2 - 3 7 1 4 2 5 - 9 1 8 - 
- - 8 2 1 - 7 5 3 6 9 8 - 1 7 9 6 - 7 2 
- 3 7 5 2 1 4 - 1 8 - 4 7 9 6 8 - 2 3 1 
- 1 3 - 6 3 5 1 2 - 5 2 8 4 - 7 4 5 - - 
- 6 9 2 7 - 8 7 4 9 1 - 9 6 8 - 3 1 2 7 
- - - 5 9 6 - 9 6 8 - 7 6 - 7 5 9 6 3 8 
- 6 8 3 5 2 1 4 - 5 3 8 4 1 6 2 - 4 5 9 
- 2 9 1 4 - 3 2 - 7 2 9 - 3 9 1 - 3 1 5