15 20
- - - - - - - - - - - - - - - - - - - - 
- 9 7 - 5 2 1 - 8 1 9 - 1 6 - 3 8 9 1 7 
- 8 3 - 7 5 4 1 6 3 2 - 3 9 5 1 7 8 2 6 
- - 9 7 2 1 - 5 9 - 1 2 5 - 7 5 9 - 7 9 
- 7 8 9 - 9 6 - 1 3 - 1 4 2 9 6 - 2 6 8 
- 1 2 6 3 - 1 7 3 9 5 8 - 1 3 - 2 1 - - 
- 5 4 8 1 3 - 1 2 - 1 9 3 - 1 9 8 3 4 2 
- 3 1 - 6 5 2 9 4 1 3 - 1 6 - 8 1 - 3 1 
- - - 1 2 9 3 - 7 9 - 7 8 9 4 - 9 1 2 - 
- 6 1 2 5 7 4 9 - 6 7 8 9 - 9 7 - 2 5 1 
- 9 5 8 - 8 1 7 6 3 5 9 - 2 8 9 3 6 7 5 
- - 2 3 1 - 6 5 7 8 9 - 2 1 6 8 5 - 1 3 
- 7 6 9 2 1 - 8 9 - 8 3 9 6 - 6 1 3 8 2 
- 5 4 7 3 2 1 - 2 7 3 1 8 5 9 - 2 1 6 4 
- 1 3 - 9 7 8 - 8 9 6 - 1 3 2 - 8 6 9 7