15 20
- - - - - - - - - - - - - - - - - - - - 
- 8 1 - 9 3 7 - 7 1 9 - 8 4 - 7 4 - 6 2 
- 9 5 - 6 2 5 7 9 3 8 - 6 2 8 9 5 3 4 1 
- 5 3 6 2 1 - 2 6 - 6 2 4 1 5 - 7 8 9 6 
- 7 9 8 3 - 4 1 8 2 - 1 9 - 9 4 6 - 7 3 
- 6 4 - 1 5 2 3 - 4 1 3 7 2 6 5 - 5 8 4 
- - 7 8 4 9 6 - 8 7 9 5 - 5 7 3 2 1 - - 
- 7 8 9 - 3 1 5 2 - 3 4 6 1 - 6 8 7 4 9 
- 1 6 2 3 4 - 7 1 4 2 - 9 3 2 8 - 3 1 7 
- - - 5 1 7 6 2 - 9 4 7 8 - 1 7 4 9 2 - 
- 9 8 6 - 8 3 1 4 6 5 2 - 7 6 9 8 - 7 5 
- 5 7 - 7 6 4 - 7 8 - 1 2 5 3 - 6 4 3 2 
- 2 4 1 3 - 1 3 9 7 5 - 8 9 - 8 9 7 6 4 
- 7 9 3 8 4 2 5 6 - 3 7 1 6 4 2 5 - 9 8 
- 8 6 - 9 5 - 6 8 - 8 9 6 - 2 1 7 - 5 1