15 20
- - - - - - - - - - - - - - - - - - - - 
- 6 7 - 3 9 - 1 3 - 9 3 - 8 1 2 - 3 7 9 
- 9 5 8 7 6 - 2 8 9 7 1 - 4 5 3 2 1 6 8 
- 1 2 3 - 8 3 4 - 8 6 5 7 9 - 1 5 2 3 7 
- 8 4 - 6 5 1 - 3 7 8 - 9 6 8 - 4 6 9 - 
- - 1 2 3 - 9 6 8 - 4 2 - 7 4 2 1 - 4 1 
- 9 6 4 8 7 - 1 4 5 - 1 4 2 - 5 7 9 8 3 
- 7 3 1 - 8 6 4 - 7 9 5 8 - 2 1 3 4 - - 
- - - 8 3 5 2 - 4 8 1 3 - 7 6 4 - 8 5 7 
- 3 7 6 4 9 - 2 1 9 - 7 4 9 - 3 5 6 1 2 
- 8 9 - 1 2 4 3 - 4 7 - 2 3 1 - 9 7 8 - 
- - 6 4 5 - 7 1 5 - 5 3 1 - 3 8 2 - 4 5 
- 1 5 3 2 7 - 7 8 4 9 6 - 2 7 9 - 9 6 8 
- 7 8 2 6 9 3 5 - 2 8 9 7 5 - 5 2 4 3 1 
- 2 3 1 - 2 1 4 - 1 3 - 9 8 - 7 3 - 2 6