15 20
- - - - - - - - - - - - - - - - - - - - 
- 1 2 - 4 1 5 3 - 1 2 - 2 1 9 - 3 2 5 1 
- 3 4 - 6 9 7 5 8 3 4 - 1 5 6 7 4 8 9 3 
- 7 9 8 5 3 - 2 6 - 1 8 4 - 8 1 - 6 4 - 
- 5 6 1 2 - 5 8 9 7 3 6 - 1 4 3 6 - 8 5 
- 2 8 - 3 4 2 1 - 8 5 9 2 4 7 - 8 5 7 9 
- - 5 2 1 6 3 - 5 9 - 3 1 2 - 2 4 1 - - 
- 7 3 1 - 7 1 2 3 6 4 - 7 5 8 4 9 2 6 1 
- 9 7 3 5 8 4 1 2 - 6 5 4 3 2 1 - 8 9 3 
- - - 6 8 9 - 4 6 9 - 1 3 - 9 6 8 3 7 - 
- 3 1 4 9 - 3 5 4 7 1 2 - 8 6 3 9 - 2 4 
- 5 9 - 7 9 6 8 - 8 6 4 7 9 1 - 6 3 1 2 
- - 2 6 - 3 1 - 7 6 2 - 1 6 - 8 7 9 4 6 
- 8 4 5 3 7 2 6 1 - 3 7 8 4 2 1 5 - 3 1 
- 9 5 7 8 - 4 3 5 - 4 2 - 7 1 4 2 - 5 3