14 18
- - - - - - - - - - - - - - - - - - 
- 9 8 5 6 - 9 2 1 - - 9 8 2 - 9 3 7 
- 4 1 3 5 - 8 3 7 9 - 8 6 4 5 3 2 1 
- - 9 6 7 4 2 1 - 8 2 1 - 3 4 2 1 - 
- - - 7 8 2 1 - 9 6 5 4 2 1 3 - 4 1 
- 4 2 8 9 3 - 9 8 7 1 - 4 7 9 8 5 2 
- 8 7 9 - 1 7 3 2 - 3 8 1 - - 9 6 3 
- 9 8 - 8 7 9 - 7 5 4 6 3 2 1 - 7 8 
- - 9 2 1 5 8 7 - 8 7 9 6 5 4 2 - - 
- - - 9 3 6 - 2 1 9 6 - 7 8 6 5 4 9 
- 7 9 8 2 - 1 6 2 - 8 7 5 4 3 1 2 6 
- 3 8 7 - 1 3 5 4 2 9 6 - 9 8 7 6 - 
- 1 2 4 3 5 7 9 8 6 - 9 8 7 5 4 3 6 
- 2 7 6 9 - 2 8 3 1 - 8 2 1 - 3 1 9