14 18
- - - - - - - - - - - - - - - - - - 
- 2 5 1 3 - 3 9 8 - - 2 1 5 - 9 2 8 
- 7 9 2 8 - 2 8 3 1 - 9 8 7 6 5 3 4 
- - 6 3 5 2 1 4 - 9 2 1 - 8 3 2 1 - 
- - - 5 9 6 7 - 9 8 4 7 2 6 5 - 4 1 
- 1 2 4 6 3 - 9 8 2 1 - 1 9 8 5 6 7 
- 3 1 7 - 7 3 2 1 - 6 1 3 - - 1 5 2 
- 9 4 - 6 5 1 - 7 6 5 3 4 2 1 - 7 9 
- - 7 2 8 9 6 1 - 9 7 8 6 3 2 1 - - 
- - - 1 7 8 - 2 1 4 3 - 9 5 4 3 2 8 
- 4 8 6 9 - 1 3 2 - 8 5 7 4 3 2 1 6 
- 3 9 5 - 7 3 5 4 6 9 8 - 9 8 4 3 - 
- 1 2 3 6 9 4 7 5 8 - 9 8 7 6 5 4 3 
- 2 7 4 9 - 2 8 3 9 - 6 2 1 - 6 5 9