14 18
- - - - - - - - - - - - - - - - - - 
- 6 8 7 9 - 9 6 1 - - 1 3 4 - 7 1 2 
- 1 2 4 7 - 6 4 3 1 - 2 1 3 7 8 6 9 
- - 7 6 8 9 1 2 - 4 5 9 - 1 2 9 5 - 
- - - 1 5 3 2 - 6 2 3 7 4 8 9 - 3 2 
- 3 1 2 4 6 - 9 8 3 4 - 1 2 8 9 7 5 
- 8 4 3 - 2 8 3 1 - 8 1 7 - - 3 2 1 
- 9 3 - 8 5 9 - 9 8 6 3 5 2 1 - 4 3 
- - 2 1 5 4 6 3 - 9 7 4 6 3 2 1 - - 
- - - 2 3 1 - 9 8 7 1 - 9 7 4 6 2 8 
- 6 1 3 9 - 9 8 4 - 9 2 8 5 3 4 1 6 
- 7 2 4 - 5 7 6 3 4 2 1 - 9 6 8 7 - 
- 9 6 8 7 3 4 5 1 2 - 4 2 8 5 7 3 1 
- 8 3 5 1 - 8 7 2 9 - 3 1 6 - 9 4 7