14 20
- - - - - - - - - - - - - - - - - - - -
- 2 6 1 3 4 - 2 4 1 - 7 5 8 6 9 - 1 2 4
- 4 8 5 7 6 9 1 2 3 - 3 2 5 1 7 4 6 8 9
- - 9 3 - 5 6 3 1 - - - 6 9 - 1 2 3 4 5
- 6 4 2 3 1 7 - 6 7 - 7 1 6 9 8 3 - 1 2
- 2 5 - 1 2 5 8 3 6 7 9 4 - 7 3 1 8 5 6
- 9 7 8 - 3 4 7 - 8 9 - 3 1 - 6 5 7 - -
- 7 1 9 8 - 8 6 7 9 - 5 8 9 7 - 8 9 7 6
- - - 6 9 8 - 9 4 - 1 3 - 2 1 4 - 4 1 2
- 3 2 5 1 4 7 - 6 9 5 2 7 3 4 8 1 - 3 8
- 6 1 - 5 6 9 8 3 7 - 1 3 - 3 1 2 7 5 4
- 4 3 1 2 5 - 9 5 - - - 8 7 6 9 - 9 2 -
- 8 5 4 3 7 2 6 1 9 - 7 1 9 2 5 4 8 6 3
- 9 4 2 - 9 6 7 2 8 - 9 6 8 - 2 3 5 4 1