16 26
- - - - - - - - - - - - - - - - - - - - - - - - - -
- 1 4 - - 9 1 8 3 - - - 6 3 4 - - 7 9 8 - 2 5 4 - -
- 8 9 - 8 3 2 5 1 9 - 3 9 7 8 - 9 3 8 6 - 1 8 9 2 -
- 2 1 5 3 - 6 9 4 8 5 2 7 - 2 7 8 1 - 5 8 7 9 - 1 4
- 6 5 7 9 3 8 - 2 4 1 - 2 9 1 8 - 8 7 9 4 - 7 8 5 9
- 9 3 8 - 2 3 1 5 - 2 8 5 7 3 6 1 4 9 - 5 9 6 7 3 8
- - 7 9 8 6 - 4 6 7 8 9 - - 7 9 3 - 6 1 3 2 4 5 - -
- 1 2 - 9 1 7 6 8 5 - 7 1 4 5 - 9 1 8 2 6 - - 6 2 -
- 5 8 7 6 4 9 - - 9 7 - 4 7 9 - 8 9 - - 7 2 3 9 6 1
- - 6 8 - - 6 2 9 8 1 - 2 9 6 1 - 4 2 3 9 8 1 - 7 9
- - - 3 7 9 4 1 2 - 9 5 7 - - 5 2 8 1 9 - 7 5 8 9 -
- 9 6 2 4 8 1 - 8 9 4 3 5 7 6 2 1 - 5 8 7 9 - 6 1 3
- 8 9 1 2 - 3 2 5 1 - 2 3 1 4 - 8 5 9 - 1 3 2 7 4 5
- 4 1 - 6 8 2 1 - 7 2 1 9 - 8 1 5 2 6 3 4 - 8 9 5 7
- - 8 1 3 9 - 6 2 3 1 - 6 8 9 2 - 1 7 2 8 5 9 - 3 8
- - - 2 1 5 - 9 4 8 - - 8 9 7 - - - 8 1 9 2 - - 8 9