15 15
8 - - - - - 11 3 - 7 7 9 - 6 5
8 9 - 8 6 - - 12 - 6 6 8 7 9 10
1 1 1 2 2 2 3 4 5 5 6 6 6 7 7
8 1 9 9 2 2 3 4 5 10 11 6 6 7 7
8 1 12 13 14 2 3 4 5 10 11 11 15 15 15
8 12 12 13 14 16 16 4 10 10 17 17 18 19 15
8 8 20 20 21 16 16 22 22 22 22 23 18 19 15
24 20 20 21 21 16 16 22 25 25 25 23 19 19 19
24 26 26 21 21 27 27 27 25 28 28 23 29 29 29
30 26 26 31 31 27 27 27 25 32 32 33 33 34 34
30 26 26 31 31 35 36 37 38 38 38 39 34 34 34
30 30 40 31 41 35 36 37 38 42 42 39 34 43 43
40 40 40 31 41 35 37 37 37 42 44 39 39 45 45
40 46 47 47 47 35 48 48 48 49 44 50 50 45 45
46 46 46 51 52 52 48 53 48 49 54 50 50 50 55
46 56 56 51 57 57 48 53 53 53 54 54 58 58 55
56 56 56 57 57 57 57 53 53 54 54 54 58 58 58
