15 15
9 - 8 9 5 10 4 5 - - 7 - - 10 -
11 13 7 4 9 11 8 4 - 6 - 8 7 - -
1 1 1 2 2 2 2 3 3 4 4 4 5 5 5
1 1 6 6 6 2 7 3 3 3 4 4 5 5 8
9 9 9 6 6 2 7 7 3 10 10 8 8 8 8
9 11 9 6 12 12 12 12 13 13 10 14 14 14 15
11 11 16 16 17 18 12 12 19 13 13 13 14 15 15
20 11 16 21 17 18 22 19 19 19 23 23 24 15 15
20 20 25 21 26 18 22 22 22 27 23 23 24 28 28
25 25 25 21 26 26 26 29 29 27 27 27 24 30 30
25 31 31 21 26 32 26 29 29 33 33 27 34 34 30
25 35 35 21 32 32 29 29 36 37 37 27 34 34 30
35 35 35 38 38 32 39 39 36 37 37 40 40 40 40
41 41 41 42 42 32 43 39 36 44 40 40 45 45 45
41 41 42 42 42 46 43 47 44 44 48 48 49 45 45
50 41 42 51 46 46 52 47 44 44 53 49 49 49 49
50 50 50 51 46 46 52 52 53 53 53 53 49 54 54
