16 16
8 7 9 10 6 7 8 8 10 7 7 8 8 9 7 -
10 7 11 10 5 12 5 - 8 5 6 12 12 9 - -
1 1 1 2 2 3 3 4 5 6 6 6 7 8 8 9
1 10 10 10 10 11 11 4 5 12 12 12 7 13 13 9
14 14 15 15 16 11 11 17 17 17 18 18 7 7 19 20
14 14 15 15 16 21 22 17 23 23 18 24 24 19 19 20
25 25 26 26 27 21 22 28 23 29 18 30 30 31 32 32
33 33 34 34 27 21 35 28 23 29 29 31 31 31 36 37
38 39 34 34 40 40 35 41 42 43 29 44 44 44 36 37
38 39 39 39 45 45 41 41 42 43 46 46 46 46 36 36
47 47 48 48 49 50 50 51 52 53 53 54 55 55 55 55
56 56 49 49 49 50 51 51 52 53 53 54 57 57 57 58
56 56 59 59 60 50 61 51 62 63 63 54 64 57 58 58
65 65 60 60 60 61 61 66 62 67 63 68 64 69 70 70
71 65 72 72 73 66 66 66 62 67 74 68 69 69 75 70
71 76 72 72 73 73 77 77 77 78 74 68 79 75 75 80
71 76 81 81 81 82 82 83 83 78 84 79 79 79 75 80
85 85 85 81 86 86 82 87 87 87 84 84 88 88 89 89
