16 16
7 6 11 5 - 7 6 7 7 14 5 - 9 - 13 15
9 7 7 - 8 - 6 - 8 - 6 8 9 - 8 8
1 2 2 2 3 4 5 5 6 7 7 8 8 9 9 10
1 11 11 11 3 4 12 12 6 7 8 8 13 9 9 10
14 15 15 15 3 16 16 16 16 7 8 13 13 17 10 10
14 18 19 3 3 20 20 21 21 22 22 17 17 17 17 23
24 18 19 19 19 20 21 21 25 25 26 26 26 27 23 23
24 28 19 29 29 20 30 21 31 31 31 26 26 27 32 23
33 28 28 34 34 30 30 35 35 36 37 38 39 39 32 32
33 28 40 40 41 41 41 42 43 36 37 38 39 39 39 32
33 44 40 45 45 46 41 42 43 43 47 48 48 49 50 50
44 44 40 51 52 46 46 46 43 47 47 48 48 49 50 50
44 44 51 51 52 52 46 53 53 54 55 56 57 57 58 59
60 60 60 61 61 62 62 53 53 54 55 56 63 64 58 59
60 60 65 65 61 61 61 66 54 54 67 67 63 64 68 68
69 70 70 65 71 72 73 66 66 66 74 74 63 64 75 75
69 70 70 76 71 72 73 73 77 78 74 74 79 80 80 80
81 81 81 76 82 82 83 83 77 78 78 74 79 79 80 80
