15 15
8 10 9 8 8 5 4 5 8 9 9 8 6 10 8
11 10 9 10 9 8 8 2 5 9 10 5 6 5 8
1 2 2 2 3 3 4 4 5 6 6 7 8 8 8
1 2 2 2 3 9 9 4 5 6 7 7 10 8 8
1 11 11 11 9 9 9 5 5 7 7 7 10 10 10
1 1 12 11 9 13 13 13 5 7 14 14 14 15 15
12 12 12 12 16 16 13 13 5 7 14 14 14 15 15
12 17 17 12 16 16 18 18 18 14 14 19 20 15 15
12 17 17 21 16 16 16 16 18 18 18 19 20 15 15
22 22 22 21 21 23 24 24 25 18 18 19 19 26 26
27 27 27 21 23 23 24 24 25 28 29 19 19 30 30
27 27 27 21 21 21 24 24 28 28 29 31 31 31 32
27 27 33 33 33 21 34 34 35 29 29 31 31 32 32
36 37 37 33 33 38 38 34 35 29 39 39 31 32 40
36 36 36 36 33 33 38 34 34 41 41 41 42 32 40
36 36 36 43 43 43 44 44 34 41 41 42 42 42 45
43 43 43 43 43 44 44 44 41 41 41 42 42 42 45
