15 15
11 11 5 4 6 11 11 9 7 6 7 4 5 6 10
1 8 8 8 6 5 5 11 10 6 8 9 14 9 5
1 1 1 1 2 2 2 2 3 3 3 3 3 4 5
6 6 1 1 7 8 8 8 9 9 3 3 4 4 5
6 6 1 1 7 8 8 8 9 9 9 3 10 4 4
6 6 11 11 7 12 12 12 9 13 13 13 10 4 4
14 11 11 7 7 12 12 12 9 15 13 13 10 16 16
14 14 14 7 7 12 12 17 17 15 18 18 18 19 16
14 14 14 20 20 20 21 21 21 15 18 19 19 19 22
23 23 23 20 20 21 21 21 18 18 18 24 19 22 22
23 23 23 20 25 25 21 21 26 27 24 24 22 22 22
28 28 29 25 25 30 31 26 26 27 24 32 32 32 22
28 28 29 33 30 30 31 26 26 27 24 34 35 35 35
28 28 29 33 30 36 36 26 26 24 24 34 34 34 35
37 37 38 30 30 36 36 36 39 39 39 34 34 34 35
37 38 38 30 30 40 36 36 40 39 39 41 41 35 35
37 37 37 42 42 40 40 40 40 39 39 41 41 41 41
