15 15
- 5 - 8 4 8 8 - 10 - 10 9 10 - 6
11 8 10 - 5 5 4 9 10 7 - 7 10 7 -
1 1 1 2 2 3 4 5 5 5 5 6 7 7 7
8 1 1 3 3 3 4 5 5 9 9 6 6 7 7
8 10 11 11 3 3 12 13 5 14 14 6 6 15 7
8 10 11 11 12 12 12 13 13 13 14 16 16 15 15
8 8 17 17 18 18 18 18 18 14 14 19 20 20 20
21 8 17 17 17 22 22 22 23 23 19 19 20 20 24
21 8 25 25 25 22 22 22 22 26 26 27 27 20 24
28 28 29 29 29 29 30 31 31 26 27 27 32 32 24
28 28 29 29 33 33 30 30 30 26 27 34 34 32 32
28 28 35 29 36 33 30 37 30 38 39 34 40 40 41
35 35 35 36 36 33 37 37 38 38 39 39 42 42 41
43 43 43 43 36 33 37 37 38 38 44 42 42 45 46
47 47 48 48 36 33 49 49 50 38 44 42 42 45 46
47 47 48 48 36 36 51 49 50 50 44 44 42 45 52
53 53 48 48 48 51 51 54 54 50 44 44 52 52 52
