15 15
6 - 8 11 5 6 7 8 - 7 5 7 - 12 11
8 8 11 8 8 8 7 6 9 - 4 - - 5 9
1 1 2 3 3 4 5 5 6 7 7 8 8 9 9
1 1 2 10 4 4 5 6 6 6 11 11 8 12 12
13 2 2 10 14 14 15 15 16 16 16 11 11 12 12
13 17 17 10 14 14 15 15 18 19 19 19 20 21 21
22 17 23 23 24 24 25 25 18 19 26 20 20 21 21
22 17 27 28 28 29 29 25 18 18 26 26 20 30 30
31 31 27 27 32 32 29 25 33 34 35 36 36 36 37
31 38 38 27 32 32 39 33 33 34 35 40 36 41 37
42 42 42 43 44 44 39 39 45 46 47 40 48 41 41
49 43 43 43 44 44 50 50 45 46 47 40 48 41 51
49 49 49 52 52 53 53 54 54 55 55 40 48 48 51
56 56 57 57 52 58 58 59 59 60 60 61 62 62 51
63 63 63 63 64 65 66 59 67 60 60 61 61 62 68
69 69 70 70 64 65 66 66 67 71 71 71 61 62 68
69 69 70 70 64 72 72 73 73 71 74 74 74 68 68
