15 15
6 - 7 - 9 - 8 6 10 6 - 8 - 8 11
7 13 7 5 - 5 7 5 - 12 3 9 - 5 10
1 1 1 2 2 2 3 3 4 4 4 5 5 6 6
1 7 8 8 8 8 9 9 10 10 10 11 5 12 6
7 7 7 13 14 14 14 9 9 15 10 11 5 12 12
16 16 16 13 13 17 17 18 19 15 20 11 11 21 21
22 22 23 23 13 17 17 18 19 19 20 24 24 21 21
25 25 26 26 27 28 29 30 30 30 20 24 24 31 31
32 32 33 33 27 28 29 34 34 34 35 35 35 31 31
36 36 36 36 28 28 37 38 38 34 39 40 40 41 41
42 42 42 43 43 37 37 44 45 45 39 40 46 46 47
48 48 48 43 43 49 37 44 45 50 50 51 47 47 47
48 52 53 53 53 49 49 44 45 54 50 51 51 55 55
56 52 52 57 57 58 58 58 59 54 50 60 60 55 61
56 62 62 63 63 64 65 65 59 54 66 66 60 55 61
67 68 68 69 69 64 64 70 71 71 72 72 72 73 73
67 68 68 74 74 64 70 70 71 71 72 75 75 73 73
