15 15
9 11 6 6 6 8 12 10 3 7 11 4 7 9 4
10 6 7 5 9 10 11 7 6 11 7 10 6 2 6
1 1 2 2 3 4 4 4 4 5 6 6 6 7 8
1 1 3 3 3 3 9 9 10 5 6 6 6 7 8
11 1 3 12 3 12 13 9 10 14 14 15 7 7 8
11 12 12 12 12 12 13 13 10 10 15 15 7 7 8
16 16 16 16 17 17 13 13 10 18 18 18 19 7 20
21 22 22 16 17 17 17 13 10 18 18 19 19 20 20
21 22 22 22 17 17 23 23 24 24 18 19 20 20 20
25 25 22 26 26 26 23 23 24 24 18 27 20 28 28
25 25 22 29 26 26 23 23 24 30 30 27 27 28 28
25 25 25 29 31 23 23 24 24 32 32 33 33 33 28
34 29 29 29 31 35 35 36 36 32 32 37 37 28 28
34 34 34 38 38 38 38 36 36 32 32 39 39 40 40
34 34 34 38 38 38 38 41 41 32 32 42 39 42 42
43 43 44 44 45 45 46 46 46 47 47 42 42 42 48
43 43 44 44 49 49 49 49 50 50 47 42 51 51 48
