15 15
9 7 10 6 6 7 11 11 7 7 8 4 5 8 8
10 8 10 7 4 3 5 7 11 8 8 8 8 8 9
1 1 2 2 3 3 4 4 4 4 4 5 6 7 7
1 1 2 2 8 8 8 9 10 4 4 5 6 7 7
11 11 2 2 2 8 8 9 10 12 12 5 5 7 7
11 11 11 13 13 13 9 9 10 14 14 14 14 15 15
16 16 16 16 13 13 17 9 10 14 14 14 14 15 15
18 18 18 16 13 13 17 19 19 20 21 21 21 15 15
22 22 23 23 24 25 26 19 20 20 27 27 28 28 28
22 23 23 29 24 25 26 19 30 30 27 27 27 28 28
31 23 32 29 32 32 33 30 30 30 30 30 27 28 34
31 35 32 32 32 33 33 33 30 36 36 37 34 34 34
31 35 32 32 38 33 33 33 33 37 37 37 37 39 40
41 42 38 38 38 43 43 44 44 37 37 39 39 39 40
41 42 42 38 43 43 43 44 45 37 46 47 47 47 48
49 49 42 38 43 50 43 45 45 46 46 47 47 51 48
49 49 49 49 49 50 43 46 46 46 47 47 47 51 51
