15 15
6 - 6 5 8 9 5 7 3 9 8 9 13 8 -
9 5 5 - 9 7 7 - 9 6 - - 10 7 11
1 2 3 3 4 4 4 4 5 6 7 7 7 8 8
1 2 2 3 9 9 9 9 5 6 10 11 11 12 12
13 14 14 15 15 16 17 17 5 18 10 11 11 19 12
13 20 21 15 22 16 17 17 5 18 23 24 24 19 19
13 20 21 15 22 25 25 26 26 27 23 24 28 28 29
30 31 31 31 32 32 25 33 33 27 27 27 28 28 29
30 34 34 34 35 35 36 37 37 38 39 39 40 41 41
42 42 34 43 35 35 36 44 44 38 38 40 40 45 45
42 46 46 43 47 47 36 48 48 49 50 51 51 45 52
53 53 46 54 54 55 55 56 56 49 50 51 57 52 52
58 58 59 59 60 60 61 61 62 62 62 62 57 52 63
58 58 64 64 60 60 65 65 65 66 67 67 57 63 63
68 69 69 64 70 71 65 72 72 66 67 67 73 73 63
68 74 70 70 70 71 75 75 76 66 66 77 77 73 78
74 74 74 79 79 80 80 75 76 76 81 81 81 78 78
