15 15
5 - 10 5 3 6 7 10 - 8 8 - - 10 10
12 9 8 4 6 11 5 6 6 8 12 5 - - 6
1 2 2 3 3 4 4 4 5 5 6 6 6 6 7
1 8 2 3 3 3 4 9 9 5 6 10 10 7 7
11 8 8 12 12 13 4 9 9 9 14 14 15 15 15
11 8 8 12 12 13 16 17 18 19 19 20 20 15 21
11 11 22 22 22 13 16 17 18 23 19 24 24 21 21
11 25 25 26 26 27 27 27 18 23 28 28 29 21 21
30 30 31 32 33 34 34 27 35 36 36 37 29 29 38
31 31 31 32 33 33 39 39 35 40 40 37 29 41 38
42 31 43 43 44 44 45 39 46 47 47 37 41 41 38
42 42 43 43 44 44 45 48 46 47 49 50 50 41 51
52 52 43 53 54 55 55 48 48 49 49 51 51 51 51
56 57 57 53 54 55 55 58 58 58 59 60 61 61 62
56 57 63 64 64 65 65 66 66 58 59 60 60 67 62
68 68 63 69 69 69 65 66 70 70 70 71 67 67 62
68 68 63 69 69 72 72 73 73 74 74 71 67 62 62
