16 16
6 12 - 2 7 6 10 8 6 9 - 6 10 8 5 11
6 9 5 6 11 - 8 10 7 9 - - 8 4 9 -
1 2 2 2 2 3 3 4 4 5 5 6 7 8 8 9
1 10 10 2 3 3 3 4 11 12 5 6 7 8 13 9
14 14 10 15 16 16 17 4 11 12 5 18 7 19 13 13
20 21 21 15 15 17 17 4 22 22 22 18 18 19 13 23
20 21 21 24 24 24 17 25 25 26 27 28 28 29 30 23
20 21 31 31 24 24 32 26 26 26 27 27 28 29 30 30
33 33 34 34 35 35 32 32 36 37 37 27 38 38 39 30
40 41 41 34 42 42 32 43 36 44 44 27 38 38 39 30
40 45 46 46 42 47 47 43 43 48 44 49 50 38 51 51
45 45 52 53 53 47 54 54 55 48 56 49 50 57 57 57
58 58 52 59 59 60 54 61 55 48 56 56 50 62 62 62
58 58 63 63 59 60 54 61 64 65 65 65 65 66 66 67
58 63 63 68 68 69 54 61 64 65 70 70 71 72 72 67
73 73 74 74 75 69 76 77 78 78 70 79 71 72 72 80
73 81 82 74 75 75 76 77 78 78 79 79 83 83 83 80
81 81 82 74 84 84 77 77 77 85 85 79 83 83 86 86
