16 16
- 6 8 10 11 8 6 6 11 4 8 7 10 - 6 8
7 8 10 9 6 8 5 5 12 9 - 4 - 7 6 13
1 2 2 2 3 3 4 4 5 6 7 8 8 9 10 10
1 11 11 11 3 3 12 12 5 6 7 7 13 9 14 14
15 11 16 16 17 17 18 19 19 19 19 13 13 9 14 14
15 15 15 16 20 20 18 21 22 22 23 23 24 24 24 24
25 26 26 27 27 27 27 21 28 22 23 29 30 30 31 32
25 25 33 33 34 34 21 21 28 29 29 29 30 30 31 32
35 35 36 37 37 38 38 39 28 40 40 41 41 41 42 42
35 35 36 37 43 43 39 39 28 44 45 45 41 46 47 47
48 49 50 50 50 50 51 51 52 44 45 53 46 46 46 54
48 49 55 55 56 56 57 57 52 44 53 53 58 59 59 54
48 49 60 60 56 57 57 61 61 44 62 63 58 58 64 65
66 67 67 67 68 68 68 69 61 61 62 63 58 64 64 65
66 70 70 67 71 71 69 69 69 72 72 63 73 73 74 65
75 76 76 77 71 78 78 79 79 72 72 80 80 73 74 81
75 75 77 77 77 78 82 82 83 83 83 84 84 85 74 81
75 86 86 86 87 87 88 88 88 89 89 84 84 85 85 85
