15 15
9 7 6 8 7 6 10 7 10 6 7 9 8 - 8
- 9 7 10 8 6 - 7 9 6 - 7 5 9 -
1 2 2 3 3 3 3 4 5 5 6 6 6 7 7
1 2 8 8 9 10 10 4 5 5 11 11 11 11 12
1 13 13 9 9 14 14 4 15 15 15 16 17 18 12
19 19 13 20 20 14 14 21 21 22 16 16 17 18 18
19 23 23 24 24 24 25 25 21 22 22 16 26 18 27
28 28 29 30 30 25 25 31 31 32 32 33 26 27 27
34 34 29 35 36 36 37 37 38 32 32 33 39 40 41
42 34 43 35 44 44 44 37 38 45 46 46 39 40 41
42 42 43 47 44 48 49 49 50 45 46 39 39 40 41
51 51 47 47 52 48 48 50 50 53 54 54 55 55 55
56 51 57 47 52 58 58 59 59 53 53 60 60 61 61
56 56 57 57 52 62 62 59 63 63 64 60 60 65 65
66 67 68 69 69 62 70 70 71 63 64 64 64 72 65
66 67 68 73 73 73 70 71 71 74 75 75 72 72 72
66 76 76 76 76 77 77 77 71 74 75 75 78 78 78
