16 16
8 - 10 10 - 13 - 6 5 9 8 9 7 6 7 9
9 - 7 - 5 - 8 8 6 11 9 8 11 10 11 8
1 1 2 2 3 4 4 4 5 6 6 7 8 9 9 10
2 2 2 2 3 11 11 5 5 6 6 7 8 12 12 10
13 13 2 14 3 15 16 5 17 17 6 7 8 18 12 12
19 19 19 14 14 15 16 5 17 17 8 8 8 18 12 12
19 19 20 20 20 15 21 21 22 22 8 23 23 18 18 12
19 19 20 24 24 15 21 21 25 25 26 26 23 18 27 27
28 28 20 29 29 15 15 30 30 31 26 26 32 32 27 27
33 28 34 29 29 35 15 30 30 31 31 31 32 32 36 36
33 28 34 29 35 35 30 30 30 31 37 37 32 32 36 36
38 38 39 40 35 40 41 42 42 31 31 37 43 44 44 44
38 38 39 40 40 40 41 42 42 43 43 43 43 44 44 44
45 45 39 40 46 40 41 42 43 43 47 47 48 48 49 49
50 50 39 46 46 46 51 42 52 52 47 47 47 48 49 49
50 50 39 53 54 46 51 42 55 55 56 47 47 48 57 49
50 39 39 53 54 54 55 55 55 55 56 58 58 57 57 49
50 53 53 53 59 59 59 55 60 60 61 61 58 57 57 57
