16 16
10 5 - 8 - 9 8 8 10 5 5 - 11 9 9 8
7 9 7 6 - - 7 7 7 10 4 8 - - - 11
1 1 2 2 3 3 4 5 6 6 6 6 7 7 7 8
2 2 2 9 9 4 4 5 10 6 6 11 7 7 8 8
2 2 9 9 12 13 13 13 10 13 11 11 7 8 8 14
15 15 16 16 12 12 17 13 13 13 18 18 7 14 14 14
15 16 16 19 19 12 17 17 17 20 21 21 14 14 22 14
15 23 23 19 19 12 20 20 20 20 24 21 25 25 22 22
15 23 23 26 26 26 27 27 20 20 24 21 25 25 28 28
29 23 30 30 30 26 27 27 27 27 24 24 25 28 28 28
29 23 30 30 30 31 31 31 32 32 32 24 25 28 33 33
29 29 34 35 35 36 36 36 36 32 32 37 37 28 33 33
34 34 34 34 38 38 38 38 39 32 32 37 37 37 40 40
41 41 42 42 43 38 44 39 39 45 45 46 37 37 40 40
41 47 42 42 43 43 44 48 49 49 50 46 51 52 52 52
53 47 42 43 43 43 43 48 49 49 50 46 51 52 52 52
53 54 54 54 54 55 55 48 56 56 57 57 58 58 59 59
53 53 54 54 54 55 48 48 56 56 57 58 58 58 58 59
