16 16
11 8 7 10 9 9 6 7 8 9 8 5 - 7 5 9
7 9 6 3 10 9 8 6 10 9 10 - 9 10 - 9
1 2 2 3 4 5 6 7 8 8 8 9 10 10 11 11
1 12 13 3 4 5 6 7 7 8 9 9 14 15 15 16
17 12 13 18 18 18 6 19 20 20 9 21 14 22 15 16
17 12 23 23 18 24 24 19 25 26 26 21 14 22 27 27
28 28 29 29 30 30 30 25 25 26 26 21 31 31 32 32
33 34 34 29 35 36 36 37 38 39 39 21 31 31 40 40
33 34 41 29 35 36 36 37 38 38 42 43 43 44 44 45
46 46 41 47 48 48 48 49 49 49 42 50 50 50 51 45
46 46 52 47 53 53 53 54 54 42 42 55 55 55 51 56
57 58 52 47 47 53 59 54 60 60 60 61 62 62 51 56
57 58 52 63 63 64 59 54 60 65 65 61 62 62 56 56
57 58 52 66 66 64 64 67 67 67 65 61 68 68 69 69
70 70 71 71 66 66 64 72 72 73 73 74 74 75 75 69
70 70 76 77 78 79 79 80 81 73 82 83 83 75 75 84
85 85 76 77 78 86 86 80 81 81 82 83 83 87 87 84
88 88 88 77 89 89 89 90 90 91 91 92 92 87 87 84
