16 16
11 9 3 6 7 3 11 10 8 10 8 11 9 9 10 8
9 10 8 11 11 7 7 4 5 7 9 8 15 11 7 4
1 1 2 2 2 3 4 4 5 6 6 6 7 7 8 8
1 1 2 2 2 3 4 4 5 6 6 6 6 9 8 8
1 1 2 2 4 4 4 10 11 11 11 6 9 9 8 8
1 12 12 12 12 12 12 10 11 11 11 13 14 14 8 15
1 16 17 18 18 12 12 19 19 19 13 13 13 14 8 15
20 16 17 18 18 21 22 19 19 19 23 13 13 14 24 24
20 20 25 26 26 21 22 22 27 23 23 23 28 14 14 14
20 20 25 25 26 22 22 22 27 27 27 23 28 14 29 29
30 30 30 30 31 22 32 32 27 27 27 33 33 33 34 34
30 35 35 30 31 31 32 36 36 36 37 37 33 33 34 38
35 35 35 39 39 31 36 36 36 36 37 40 40 33 38 38
41 41 41 39 39 42 42 43 43 43 44 40 40 40 45 38
41 41 41 39 39 42 46 46 44 44 44 47 47 45 45 45
41 41 48 39 42 42 46 46 44 44 49 47 47 50 45 51
52 48 48 48 42 42 46 46 44 49 49 49 47 50 51 51
52 48 48 48 42 53 53 53 44 49 49 49 54 54 51 51
