15 15
6 9 5 6 7 - - 9 9 10 - 8 6 3 12
9 7 7 9 8 7 13 8 3 9 6 - 6 7 8
1 1 1 1 2 2 3 3 4 4 5 5 6 7 7
8 9 10 2 2 11 3 3 12 4 5 5 6 7 13
8 9 10 14 14 11 15 12 12 16 17 18 18 19 13
20 21 22 22 23 23 15 12 16 16 17 18 19 19 13
20 21 24 24 25 26 15 15 27 28 28 28 29 29 30
20 31 31 32 25 26 33 33 27 27 34 28 35 35 30
36 31 31 32 37 37 38 38 39 27 34 34 40 41 41
36 36 42 32 37 37 43 38 39 44 44 40 40 45 46
47 42 42 48 48 48 43 49 49 50 50 51 51 45 46
47 42 52 52 53 53 54 49 49 50 55 55 51 56 57
47 58 59 52 60 60 54 54 61 62 62 55 56 56 57
63 58 59 64 64 65 66 66 61 62 67 67 68 56 57
63 69 70 70 64 65 65 66 61 71 68 68 68 72 73
69 69 74 75 76 65 77 77 77 71 78 79 79 72 73
80 80 74 75 76 81 81 82 82 71 78 78 83 83 73
