16 16
10 10 7 15 10 6 7 8 11 6 8 7 5 8 5 11
11 12 4 3 10 10 6 5 7 11 12 11 9 8 9 6
1 1 1 2 3 3 4 4 4 5 5 6 6 7 7 8
1 1 1 2 2 3 3 4 4 9 6 6 6 7 7 8
10 2 2 2 11 11 11 11 12 9 9 9 9 7 7 13
10 10 14 14 11 11 11 12 12 15 15 15 15 13 13 13
16 14 14 17 17 18 18 18 18 15 15 19 19 13 13 13
16 16 17 17 17 20 18 18 18 21 15 19 22 22 23 23
24 24 24 24 20 20 25 21 21 21 26 26 26 26 27 23
24 28 28 24 29 29 25 25 21 21 26 26 26 27 27 23
28 28 28 24 29 29 29 25 30 31 31 31 31 27 27 27
28 28 28 32 32 32 25 25 30 31 33 33 31 34 27 27
35 35 36 32 32 32 37 38 30 30 33 33 39 34 34 34
35 35 36 32 32 40 37 38 30 30 33 33 39 41 41 34
42 42 42 43 43 40 40 38 30 44 33 44 44 41 45 34
42 42 42 43 43 40 40 44 44 44 44 44 41 41 45 34
46 42 46 43 43 43 47 47 48 48 48 49 49 41 45 34
46 46 46 43 50 50 50 48 48 48 48 48 49 45 45 45
