15 15
9 - 7 - 9 9 8 9 3 - 6 - 8 11 10
- - 6 10 6 9 8 5 7 4 - - 8 11 11
1 1 1 2 3 3 3 4 4 5 5 5 6 6 6
7 8 9 2 2 3 10 11 12 12 13 14 15 15 16
7 8 9 2 2 17 10 11 12 12 13 14 18 15 16
19 20 20 17 17 17 21 11 22 23 23 23 18 24 16
19 25 25 26 27 27 21 11 22 22 28 24 24 24 29
30 30 26 26 27 31 31 11 32 32 28 33 33 29 29
34 30 35 35 35 31 31 36 32 32 37 33 38 38 38
34 34 34 34 39 39 31 36 40 40 37 41 41 38 38
42 42 42 42 39 43 43 36 36 44 37 41 45 45 46
47 47 48 49 49 43 50 50 51 44 44 45 45 52 46
53 48 48 54 54 55 50 51 51 44 44 52 52 52 56
53 53 48 54 54 55 50 57 51 58 58 59 60 56 56
53 61 61 62 54 57 57 57 63 63 58 59 60 64 64
65 65 61 62 66 66 67 68 68 69 69 69 70 71 71
65 65 65 66 66 67 67 72 72 72 73 73 70 70 71
