15 15
6 6 4 - 5 7 11 10 - - 8 4 11 9 8
- 8 8 - 12 8 - 8 - 7 8 - 5 8 5
1 2 2 2 3 3 4 4 4 5 6 7 8 8 8
1 2 2 3 3 9 4 4 4 5 6 7 8 8 10
1 1 1 11 11 9 12 4 13 5 5 14 14 14 10
15 15 11 11 11 12 12 13 13 13 5 14 14 10 10
16 16 16 11 17 18 12 13 13 19 19 19 14 14 20
16 16 17 17 17 18 18 21 21 19 19 22 23 20 20
16 24 24 25 26 26 21 21 21 21 19 22 23 27 27
28 28 28 25 25 29 29 29 21 30 30 31 23 27 27
32 32 32 33 33 29 29 29 34 30 30 31 27 27 27
35 36 36 33 33 33 37 29 34 30 30 31 38 38 39
35 35 36 40 33 33 37 37 41 41 42 43 43 44 39
35 35 40 40 40 45 46 47 41 41 42 42 48 44 49
50 40 40 40 51 45 46 47 52 52 42 42 48 49 49
50 53 53 53 51 54 52 52 52 52 55 42 49 49 49
53 53 53 53 51 54 54 54 54 55 55 55 56 56 49
