15 15
7 11 8 - - 11 11 6 - 5 - 6 - 6 10
11 8 8 8 6 - 9 10 - 7 7 6 - 7 3
1 1 1 2 2 2 3 3 4 4 4 5 5 6 7
1 1 8 8 2 2 3 3 3 9 10 10 11 6 7
1 1 8 8 12 12 12 12 12 9 10 10 11 7 7
13 13 8 8 8 12 14 14 9 9 10 10 11 11 11
15 15 16 17 17 14 14 18 9 9 19 20 20 21 11
22 16 16 17 23 23 23 18 24 24 19 25 25 21 11
22 22 16 17 23 23 23 18 18 24 25 25 25 21 21
22 22 22 26 27 27 27 18 18 24 28 25 29 29 21
30 22 26 26 27 27 27 18 31 31 28 25 29 29 21
30 30 26 26 27 32 32 33 33 33 28 34 34 35 36
37 37 37 26 38 33 33 33 33 39 40 40 35 35 36
41 42 37 43 38 38 44 45 39 39 40 46 46 35 47
41 42 42 43 38 38 44 45 45 39 48 46 35 35 47
41 42 41 49 38 38 44 45 45 39 48 48 50 50 50
41 41 41 49 49 49 49 51 51 48 48 48 50 50 50
