16 16
7 7 6 9 10 11 7 8 12 7 8 7 5 7 11 10
9 10 8 7 6 6 8 6 10 13 11 7 5 8 9 9
1 1 1 2 2 2 3 3 4 4 5 5 5 5 6 6
7 1 1 2 2 3 3 4 4 4 8 8 5 5 6 6
7 7 9 2 2 2 4 4 10 10 11 12 5 13 13 13
14 7 9 15 15 15 11 11 11 11 11 12 12 12 12 16
14 9 9 17 15 15 18 18 11 19 12 12 16 16 16 16
14 9 9 17 17 20 20 18 11 19 21 12 16 16 22 23
14 9 24 24 17 17 17 17 25 26 21 21 27 16 22 23
14 14 24 24 28 28 29 25 25 26 21 27 27 22 22 30
14 14 31 24 28 28 29 25 32 32 21 21 27 22 33 30
31 31 31 24 28 28 28 25 25 32 32 21 34 34 33 33
31 31 31 35 36 28 37 37 25 32 32 32 34 34 33 33
35 35 35 35 36 36 38 38 39 39 39 39 34 33 33 33
40 40 35 35 38 38 38 38 41 39 39 39 42 42 43 43
40 40 35 44 44 45 38 46 41 41 47 48 48 49 49 50
51 51 52 52 45 45 45 46 47 47 47 48 49 49 49 50
51 51 52 45 45 45 53 53 47 47 47 48 49 49 49 50
