15 15
10 11 9 3 6 - - 6 - 10 - 8 6 - 8
- 8 5 - 8 - 6 - 8 5 7 - 12 - 5
1 1 2 2 2 3 3 4 5 6 6 6 7 7 7
1 1 2 8 8 3 3 4 5 9 9 9 7 7 7
10 10 11 12 8 3 3 5 5 9 9 9 13 14 14
10 10 11 12 8 15 16 5 5 17 17 17 13 18 18
10 10 11 12 15 15 16 16 19 17 17 17 13 18 20
21 21 11 12 12 12 16 16 19 22 22 23 18 18 20
21 21 24 24 25 25 25 25 26 22 22 23 27 27 27
21 28 24 29 25 25 26 26 26 30 23 23 31 31 31
28 28 28 29 29 32 32 32 33 30 30 31 31 34 31
28 35 36 29 29 32 32 32 33 37 37 37 34 34 38
28 35 36 36 29 39 39 39 40 40 37 37 34 34 38
41 35 35 42 42 42 43 39 44 44 44 37 45 46 46
41 41 42 42 42 47 43 39 44 45 45 45 45 45 48
49 50 50 50 51 47 47 47 52 52 53 53 54 54 48
49 49 50 51 51 51 47 47 52 52 52 54 54 54 48
