16 16
3 9 9 10 - - 8 9 - 9 - 8 5 4 10 10
- 7 6 4 7 7 5 7 8 - 12 - 12 10 - 7
1 1 2 2 3 3 3 3 4 5 5 5 6 6 7 7
1 1 2 8 8 3 4 4 4 5 5 5 6 6 7 7
9 9 9 10 8 3 11 4 4 12 13 14 6 6 15 15
16 16 16 10 8 11 11 17 4 12 13 14 18 18 18 18
16 19 10 10 11 11 11 17 13 13 13 20 20 18 18 18
16 19 21 10 10 22 22 23 23 24 13 13 20 20 25 26
27 27 21 10 28 28 22 23 23 24 29 29 30 30 25 26
27 27 31 32 28 22 22 33 24 24 29 29 30 34 26 26
31 31 31 32 35 35 36 33 33 33 33 33 34 34 26 26
31 37 38 38 35 35 36 36 39 33 40 40 40 34 41 26
37 37 37 37 37 42 36 43 39 44 44 40 40 40 41 41
45 37 46 42 42 42 36 43 39 39 39 39 47 47 48 41
45 46 46 49 49 49 50 43 43 51 51 47 47 47 48 48
52 46 53 49 49 49 50 43 43 51 51 54 47 47 48 48
52 53 53 55 55 55 50 50 50 51 51 54 56 56 48 57
52 58 58 55 55 55 59 59 50 60 60 60 56 56 48 57
