16 16
- 8 8 - 3 10 11 - 7 7 - 8 - - 14 -
5 13 11 - 3 5 7 - - 8 - 9 12 - - 9
1 1 1 2 2 3 3 4 4 5 5 6 6 7 7 7
8 1 1 9 9 9 9 5 5 5 10 10 10 11 7 7
8 8 8 8 12 9 13 13 5 14 10 10 10 11 15 7
16 16 8 12 12 9 13 13 13 14 17 17 18 15 15 19
16 16 20 20 20 20 21 13 14 14 14 18 18 15 15 19
22 23 23 24 20 20 21 21 25 25 25 18 18 26 27 27
22 22 24 24 24 28 29 29 30 30 25 31 31 26 27 27
22 22 32 24 28 28 29 29 30 33 34 35 35 26 27 27
22 32 32 36 36 28 29 29 33 33 34 35 37 37 37 37
38 38 32 36 36 28 39 39 40 33 34 35 35 35 41 41
42 38 38 43 43 43 44 44 40 40 45 45 46 46 47 41
42 42 42 48 43 43 49 50 50 51 45 51 46 46 47 52
42 42 48 48 48 49 49 50 50 51 51 51 46 47 47 52
53 53 48 48 54 49 49 49 55 55 55 56 56 47 52 52
53 53 54 54 54 57 57 57 57 58 58 56 56 56 52 59
60 60 60 54 54 61 61 61 61 61 58 62 62 56 52 59
