16 16
4 5 9 12 - 8 8 5 - 9 2 - - 10 14 13
10 - - - 8 7 9 - - 6 - 5 8 - 8 7
1 2 2 2 2 3 3 4 5 5 6 7 7 8 9 9
1 10 11 11 11 11 4 4 12 12 6 7 7 8 9 13
1 10 11 14 14 15 15 15 12 12 16 16 17 9 9 13
1 10 14 14 14 15 18 18 18 12 16 16 17 17 19 19
20 21 21 22 22 15 18 18 18 23 23 23 24 24 19 19
20 21 21 22 25 25 26 27 27 28 28 28 29 29 30 30
20 21 31 31 25 26 26 27 27 28 28 28 32 33 30 30
34 21 35 35 35 36 37 27 27 38 38 32 32 33 33 33
34 39 39 35 40 36 37 41 41 38 38 32 42 42 42 42
34 39 43 35 40 44 44 41 41 45 45 32 46 46 42 42
34 47 43 48 49 50 51 51 51 51 45 32 52 46 53 53
47 47 54 48 49 50 55 55 51 45 45 52 52 52 53 53
47 47 54 48 49 56 56 57 58 59 45 60 60 52 52 53
61 61 54 54 49 56 56 57 58 59 60 60 60 62 62 53
61 61 54 63 63 63 64 65 65 59 66 60 62 62 67 67
68 68 68 63 63 63 64 64 59 59 66 66 69 69 70 70
