15 15
5 11 11 7 3 5 7 10 9 7 7 9 8 10 9
10 12 5 7 9 8 8 6 7 5 12 9 5 6 9
1 2 2 2 3 3 3 3 4 4 4 4 5 5 6
1 2 2 2 3 7 8 8 8 4 4 4 5 5 6
1 1 1 2 7 7 8 8 8 4 9 10 10 10 10
1 1 11 11 11 12 12 8 8 9 9 10 10 10 13
1 11 11 11 14 12 12 12 15 15 15 16 16 16 13
17 17 18 18 14 14 12 12 19 19 15 16 16 16 20
17 17 17 18 21 21 21 19 19 19 22 22 16 16 20
23 17 17 24 24 21 25 25 26 26 22 22 27 27 27
23 24 24 24 28 21 21 26 26 26 22 22 29 30 27
23 24 24 24 28 21 21 31 31 31 22 22 29 30 30
32 32 32 33 33 34 34 34 35 35 36 29 29 30 30
32 32 37 38 33 34 35 35 35 36 36 39 39 40 40
32 32 37 38 38 41 42 42 43 36 36 39 44 40 40
45 37 37 37 46 41 42 47 43 36 36 39 44 44 40
45 37 37 46 46 46 42 47 47 47 47 39 48 48 48
