15 15
- 7 9 6 9 4 12 6 10 7 6 8 7 - 7
11 12 - 5 7 4 11 7 4 - - 9 - 10 -
1 1 2 2 3 3 4 4 4 5 6 6 6 6 7
8 8 9 10 11 11 11 4 12 5 5 13 14 7 7
8 8 9 10 15 16 17 18 12 5 19 13 14 7 20
21 21 22 22 15 16 17 18 12 19 19 23 14 24 20
25 25 22 26 26 26 17 27 28 19 29 23 23 24 20
30 30 30 30 31 32 17 27 28 28 29 33 33 24 24
34 34 31 31 31 32 35 27 28 36 36 37 37 38 38
39 39 40 40 41 35 35 42 42 42 36 43 43 38 38
39 39 44 44 41 45 45 45 46 46 36 43 43 47 48
49 50 50 44 51 51 52 53 53 46 46 54 54 47 48
49 55 55 56 57 57 52 52 53 58 58 54 54 59 48
49 56 56 56 60 60 52 61 61 61 62 62 63 59 59
64 64 65 66 60 67 67 61 68 68 68 62 63 69 69
64 64 65 66 66 70 70 71 71 68 72 73 73 73 69
74 74 65 75 75 75 75 71 71 72 72 73 76 76 76
