16 16
7 11 - 7 10 11 - 10 - 9 11 7 5 - 10 3
9 4 4 6 6 12 12 5 - - - 7 8 8 10 10
1 1 2 3 4 4 5 6 6 7 7 8 8 8 9 10
1 11 2 3 3 5 5 12 12 13 13 14 14 9 9 10
15 11 16 16 17 17 18 18 12 13 19 20 14 21 22 22
15 23 24 24 24 25 25 18 26 26 19 20 21 21 21 22
23 23 23 24 27 25 28 28 26 29 29 29 30 31 32 32
33 33 34 27 27 35 35 36 26 37 38 39 30 31 40 40
41 33 34 42 42 35 36 36 36 37 38 39 39 43 40 40
41 44 44 42 42 45 46 46 46 37 38 39 43 43 47 47
48 49 49 50 50 45 45 46 51 51 51 52 52 52 53 54
48 55 55 55 56 45 57 57 57 51 58 58 59 59 53 54
60 60 61 61 56 62 63 63 63 64 58 65 65 59 66 54
60 60 67 67 56 62 62 63 68 64 58 65 65 59 66 69
70 71 71 71 56 72 72 68 68 73 74 74 74 75 76 69
70 77 77 78 72 72 79 80 73 73 81 81 75 75 76 76
82 83 83 78 84 79 79 80 85 85 86 86 87 87 76 88
82 82 82 78 84 89 89 89 89 86 86 90 90 90 88 88
