15 15
- - 7 - 9 - 9 - - 6 7 9 9 - 8
10 7 8 8 8 5 8 8 - 5 - 8 12 7 10
1 1 1 2 3 3 3 4 4 5 6 6 6 7 8
9 9 2 2 2 3 3 4 5 5 5 7 7 7 8
10 10 10 11 2 2 12 12 13 13 7 7 14 15 15
16 16 10 11 17 17 12 12 13 13 13 14 14 14 15
18 18 18 11 19 17 20 12 12 21 21 21 14 22 22
23 18 18 19 19 20 20 24 24 24 24 21 25 26 26
23 23 19 19 19 27 27 28 28 28 28 21 25 26 26
23 29 29 30 30 30 31 31 32 32 33 34 34 35 35
36 29 29 30 37 30 31 31 38 38 33 33 33 39 39
36 36 37 37 37 40 40 40 40 41 41 42 33 39 39
43 44 45 46 46 47 40 48 48 48 49 42 50 50 50
43 44 45 51 51 47 52 48 48 48 49 53 53 50 50
44 44 45 51 51 47 52 54 54 55 55 53 56 57 57
44 58 45 59 59 59 52 54 54 55 60 60 56 57 57
58 58 58 58 59 52 52 52 61 61 62 62 62 57 57
