16 16
- 10 - 9 6 6 10 13 8 - - 9 - 3 11 10
- 6 11 - - 8 10 6 - - 11 - - 8 7 -
1 2 2 2 2 2 3 3 3 4 4 4 5 5 5 6
1 1 1 2 7 7 3 3 3 8 4 4 9 9 6 6
10 10 11 11 7 7 12 13 13 8 14 14 9 9 9 15
10 10 11 16 7 12 12 13 13 14 14 14 9 15 15 15
10 10 17 16 12 12 18 13 13 19 19 19 19 15 20 20
21 22 17 23 23 24 18 18 25 19 26 26 27 27 20 20
21 22 22 23 23 24 18 18 25 25 26 28 28 29 20 30
21 31 22 32 23 33 33 34 34 34 26 35 29 29 30 30
21 31 31 32 32 32 32 36 34 34 35 35 29 29 30 30
37 37 31 31 38 38 38 36 39 40 40 40 41 41 41 30
42 37 37 43 38 43 36 36 39 44 45 40 41 41 46 46
42 42 37 43 43 43 43 36 36 44 45 40 41 47 46 46
42 42 48 48 48 49 49 50 50 44 51 52 47 47 46 46
42 53 54 54 54 49 49 55 55 44 51 52 47 47 47 56
53 53 53 54 54 57 57 55 44 44 58 59 59 59 59 56
53 53 60 60 54 57 57 61 61 58 58 58 58 59 62 62
