15 15
8 7 7 9 7 9 - 6 8 - 4 5 8 6 10
7 7 6 6 9 6 - 10 11 - 6 10 - 7 5
1 1 2 3 4 5 5 6 6 7 7 7 7 8 8
1 2 2 3 4 5 9 6 6 10 10 11 12 13 14
15 15 2 16 16 9 9 17 17 10 10 11 12 13 14
18 18 19 20 21 21 22 22 23 23 23 24 25 26 26
27 18 19 20 20 28 22 29 29 24 24 24 25 30 26
27 19 19 31 31 28 32 32 32 33 34 25 25 30 35
36 36 36 37 38 38 39 40 33 33 34 34 41 41 35
42 42 37 37 38 43 39 40 44 45 45 46 41 35 35
47 42 48 49 49 43 43 40 44 50 50 46 46 51 52
47 47 48 49 49 43 53 40 54 55 56 46 51 51 52
57 57 58 58 59 59 53 60 54 55 56 61 61 51 62
63 63 58 64 64 64 53 60 60 55 55 65 65 62 62
66 63 63 64 67 68 68 60 69 69 70 65 71 71 62
66 72 72 73 67 68 74 69 69 70 70 75 76 71 77
78 78 73 73 67 74 74 74 79 79 75 75 76 76 77
