15 15
4 7 5 11 5 - 9 - 8 7 6 8 12 - 5
4 7 9 - 8 5 4 12 6 - 10 4 - 11 -
1 1 2 2 2 3 4 4 4 5 5 6 6 6 7
1 8 8 9 9 3 10 11 5 5 12 13 13 13 7
14 14 8 15 15 16 10 11 11 12 12 12 13 17 17
18 18 8 15 15 16 19 19 11 20 21 22 22 22 23
24 24 25 26 16 16 27 27 27 20 21 21 22 28 23
24 29 25 26 30 31 31 32 33 33 34 34 34 28 23
35 29 36 36 30 30 31 32 33 37 38 38 38 39 39
35 40 41 41 42 43 43 44 44 37 45 45 46 46 47
40 40 40 41 42 43 48 48 44 49 49 45 46 46 47
50 50 50 51 51 52 53 53 49 49 54 54 55 55 55
56 50 57 57 52 52 53 58 58 59 59 59 60 60 61
56 62 62 63 64 64 64 58 65 65 65 65 60 60 61
56 66 63 63 64 67 67 68 68 69 70 70 71 61 61
56 66 66 66 72 67 73 68 74 69 75 71 71 76 76
77 77 77 72 72 72 73 74 74 74 75 75 71 76 76
