16 16
7 9 10 6 10 9 10 10 8 10 1 5 7 11 8 7
7 3 9 7 13 8 9 6 7 7 8 10 7 7 10 10
1 1 2 2 3 4 4 4 4 4 5 6 6 6 7 7
1 1 1 3 3 8 8 8 8 8 5 9 9 10 10 7
11 1 1 3 3 12 13 13 14 14 15 16 16 10 10 17
11 11 18 18 12 12 13 19 19 13 15 16 16 10 10 17
20 20 18 18 18 18 13 13 13 13 16 16 21 21 10 17
20 20 18 22 22 23 23 23 24 25 26 26 21 21 27 27
28 22 22 22 22 23 23 23 24 25 26 26 21 21 29 29
28 22 30 30 31 31 23 23 32 25 26 26 33 21 34 34
35 35 30 30 31 31 31 31 32 32 32 26 33 33 36 37
38 35 35 39 40 40 41 42 42 32 32 43 43 44 36 37
38 35 39 39 40 40 41 42 42 45 32 43 43 44 36 36
38 38 38 39 46 47 41 45 45 45 48 49 50 44 44 36
38 51 51 39 46 47 41 41 45 45 48 49 50 44 44 36
51 51 51 39 46 46 52 52 45 45 49 49 49 44 44 36
53 53 54 54 46 46 55 55 55 55 49 49 49 56 56 57
58 58 54 54 46 46 55 55 55 55 59 59 59 56 56 57
