16 16
7 - 12 - 14 12 2 9 10 10 4 - 5 - 4 -
8 8 - 11 8 9 - - 7 - 11 15 6 6 - 11
1 1 2 2 3 3 4 5 5 6 7 7 8 8 9 9
1 1 10 10 10 3 4 5 6 6 7 8 8 8 9 9
1 1 10 10 10 3 4 5 11 11 12 12 12 13 14 14
15 16 17 18 18 18 4 5 19 19 19 19 20 13 13 14
15 16 17 21 18 18 4 4 22 19 23 23 20 13 24 25
26 27 28 21 18 29 29 22 22 22 23 23 23 13 24 25
26 27 28 28 30 31 29 32 32 22 33 33 23 34 34 25
35 35 28 28 30 31 29 32 32 22 36 37 37 34 34 25
35 35 28 38 31 31 39 39 32 36 36 40 37 37 25 25
41 42 42 38 31 39 39 39 43 43 36 40 40 44 44 44
41 41 45 45 46 46 46 47 47 47 36 48 48 48 44 49
41 45 45 45 45 50 46 46 51 47 47 47 52 52 49 49
53 53 53 53 54 50 50 55 51 51 56 56 52 57 57 58
59 53 53 60 54 54 55 55 51 51 56 56 61 57 58 58
59 59 60 60 54 54 55 62 62 63 63 61 61 57 64 58
65 65 65 65 65 65 55 62 62 62 61 61 57 57 64 64
