15 15
7 - 3 5 14 - 6 6 12 - - 6 9 - 5
6 - - 5 8 6 10 - 7 9 11 10 6 6 6
1 1 2 2 2 2 2 3 3 3 3 3 4 5 5
6 6 7 7 8 8 2 9 3 3 4 4 4 4 5
10 11 11 7 8 8 2 9 12 12 12 4 4 13 13
10 11 11 7 8 8 14 14 12 12 15 15 15 13 13
10 11 16 16 16 16 17 17 17 12 18 18 15 13 13
19 11 11 16 16 20 17 17 17 18 18 18 21 21 21
19 19 22 22 16 20 17 23 24 24 24 24 24 21 21
19 19 22 22 25 20 23 23 23 26 26 24 27 27 21
28 28 28 22 25 20 23 23 23 26 26 29 29 29 30
28 31 31 22 25 25 25 32 33 26 26 29 29 29 30
31 31 31 22 25 25 32 32 33 33 33 34 35 35 35
31 31 36 36 37 37 32 32 33 33 33 34 35 35 35
38 38 38 37 37 37 39 39 40 40 41 34 42 42 35
43 44 44 45 45 45 39 39 40 40 41 41 42 46 46
43 43 44 45 45 45 47 47 47 40 41 41 46 46 46
