15 15
9 - 7 3 6 - 9 7 - 11 10 - 3 3 -
7 - - 7 8 7 - 10 - - 7 10 7 - 10
1 1 1 1 2 2 3 3 4 5 5 6 7 8 9
10 10 11 11 12 12 13 14 4 4 5 6 7 8 9
10 10 11 11 11 11 13 14 15 4 5 16 7 8 9
17 17 17 18 18 13 13 14 15 15 5 16 19 19 9
20 20 21 21 21 22 13 13 16 16 16 16 19 19 9
23 24 24 21 21 22 25 26 27 27 28 29 29 19 9
23 24 24 21 30 30 25 26 26 27 28 28 29 31 31
23 23 24 32 32 33 33 26 26 26 28 28 31 31 34
23 32 32 32 32 33 33 35 36 36 37 37 31 31 34
23 38 39 39 40 40 40 35 36 41 37 42 42 42 43
38 38 39 39 39 44 40 40 36 41 37 45 45 42 43
38 46 46 47 39 44 44 48 48 48 37 45 45 42 43
49 49 47 47 47 47 44 44 50 48 37 45 45 43 43
51 51 51 52 47 53 53 50 50 54 54 55 55 56 56
51 51 51 52 57 57 57 58 58 54 54 55 55 56 56
