15 15
- 8 9 2 5 - 9 12 10 6 7 - 7 - 6
8 6 10 6 8 5 - 7 9 6 10 9 10 - 8
1 2 2 3 4 4 4 5 6 6 6 6 7 7 8
1 2 9 3 10 10 10 5 11 11 12 13 14 14 8
1 9 9 3 15 15 16 16 17 17 12 13 14 14 8
18 18 19 19 15 15 16 16 17 17 20 13 21 22 22
23 24 25 25 25 15 26 26 26 17 20 20 21 27 22
23 24 24 28 28 29 30 30 26 26 31 32 32 27 22
23 23 33 28 28 29 29 29 34 35 31 31 31 36 22
37 37 33 38 38 39 39 29 34 35 31 40 36 36 41
42 42 33 33 43 44 44 44 45 46 46 40 36 36 41
42 42 47 48 43 44 49 49 45 45 46 40 50 50 41
51 51 47 48 43 52 49 49 53 53 54 55 56 57 57
58 58 48 48 52 52 49 59 53 53 54 55 56 57 60
61 62 62 62 63 63 64 59 59 65 65 55 66 60 60
61 67 62 68 69 69 64 59 59 70 65 55 66 71 71
61 67 68 68 69 69 72 72 72 70 73 73 74 74 71
