16 16
7 9 4 8 10 9 8 7 7 13 8 8 8 10 7 9
13 14 9 6 4 11 13 8 4 8 6 7 10 8 7 4
1 2 2 2 2 3 3 3 3 3 4 4 4 5 5 6
1 2 7 2 2 3 3 3 8 8 4 4 9 9 6 6
1 2 7 7 10 11 11 11 8 8 4 9 9 9 6 6
12 12 13 13 10 10 10 14 8 8 4 15 15 9 6 6
16 16 13 13 17 17 17 14 14 8 15 15 15 18 18 18
19 19 19 20 17 20 17 17 14 21 21 15 21 22 18 18
19 19 23 20 20 20 17 17 14 21 21 21 21 22 24 24
19 19 23 20 25 26 27 28 28 28 28 28 21 29 24 24
19 30 23 25 25 26 27 31 31 32 32 33 33 29 34 34
30 30 23 25 25 35 36 36 31 37 38 33 29 29 29 39
40 30 23 25 25 35 36 36 31 37 38 41 42 39 39 39
40 30 30 30 30 35 36 36 36 41 41 41 42 39 39 43
44 44 44 45 46 46 47 47 36 41 41 48 48 49 50 43
44 44 44 45 45 46 51 51 51 51 51 49 49 49 50 43
44 44 52 45 53 46 51 51 51 54 55 49 56 49 49 57
58 58 52 45 53 46 59 59 54 54 55 55 56 49 57 57
