15 15
11 5 9 8 - 9 4 8 - 7 - 9 11 - 3
8 5 10 10 4 - 9 4 - 8 9 6 - 9 -
1 2 2 3 4 4 5 5 6 6 6 7 7 8 9
1 10 2 3 4 4 11 12 12 12 12 7 7 8 9
13 10 14 3 15 16 11 12 17 17 18 18 19 19 9
13 10 14 14 15 16 16 20 21 17 18 22 22 23 23
24 25 25 26 26 27 28 20 21 29 18 30 30 31 31
24 25 32 32 26 27 28 28 21 29 30 30 33 31 34
35 35 32 32 32 36 36 28 21 29 37 30 33 38 34
39 39 39 40 40 40 41 42 21 37 37 43 38 38 44
45 46 46 46 47 47 41 42 42 37 37 43 38 44 44
45 48 48 47 47 47 49 50 51 52 52 53 38 54 44
45 55 56 56 57 58 49 50 51 52 52 53 54 54 59
55 55 60 57 57 58 61 61 62 63 63 64 64 54 59
65 65 60 60 57 66 66 62 62 63 63 63 64 54 59
67 68 68 60 69 69 69 69 62 70 71 72 72 59 59
67 67 73 73 74 74 75 75 62 70 71 76 76 76 76
