15 15
- 10 5 4 7 10 6 - 5 - - 8 6 12 12
- 10 - 10 9 8 6 - 7 5 10 - 9 5 6
1 1 2 2 3 3 4 4 5 5 6 6 7 7 7
1 1 1 2 2 3 4 4 4 6 6 6 6 7 7
8 8 8 9 10 3 11 11 4 4 12 12 12 13 13
8 14 14 9 10 3 11 11 11 15 15 12 12 13 13
16 14 17 17 17 17 17 18 11 15 15 19 19 13 19
16 14 20 20 21 21 17 18 22 23 23 19 19 19 19
16 14 21 21 21 24 24 22 22 23 23 25 25 25 26
27 27 28 29 29 24 24 30 30 23 25 25 25 31 26
32 32 28 33 29 24 24 30 30 23 23 25 34 31 26
32 32 28 33 35 35 35 35 30 36 36 34 34 34 26
32 32 37 38 38 35 39 35 30 40 41 41 41 41 26
42 37 37 38 38 39 39 39 40 40 40 43 41 41 44
42 37 37 37 38 38 45 39 46 47 47 43 48 41 44
42 42 49 49 49 50 45 46 46 47 47 43 48 51 51
42 42 49 52 52 50 50 46 46 47 47 47 48 53 53
