15 15
10 8 7 9 8 8 8 - - 5 - 7 5 - -
7 11 7 11 - - 7 6 - - - 8 9 8 -
1 1 2 2 2 3 3 4 5 5 6 7 7 8 8
1 1 9 10 3 3 3 4 5 6 6 6 7 8 8
11 9 9 10 10 12 3 13 5 14 14 6 7 15 8
11 11 10 10 10 12 13 13 13 16 14 17 17 15 18
11 11 19 19 19 20 13 13 21 16 14 22 23 23 18
11 24 24 24 20 20 25 25 21 16 16 22 26 26 27
28 24 29 29 20 25 25 25 21 16 30 22 26 26 27
28 29 29 29 20 25 21 21 21 30 30 31 31 32 32
33 34 34 34 35 36 36 36 36 30 31 31 31 37 32
33 33 34 34 35 36 38 38 38 39 39 39 40 37 32
41 33 33 35 35 36 42 38 38 43 43 39 40 37 37
41 41 44 35 35 45 42 46 46 46 43 47 47 48 37
41 44 44 45 45 45 42 42 42 46 47 47 49 48 48
50 50 44 44 51 45 52 42 53 53 47 53 49 48 54
50 50 51 51 51 45 52 52 52 53 53 53 48 48 54
