16 16
- - 9 8 2 - 12 - - - 10 - 7 8 10 -
10 8 - 4 - 9 11 7 - 11 - 5 - 7 10 8
1 1 2 2 2 3 4 5 5 6 6 7 8 8 8 9
1 1 10 10 2 3 4 5 5 11 6 7 7 7 12 9
13 1 10 14 3 3 4 5 5 11 11 11 15 15 12 9
13 16 14 14 3 17 4 17 18 19 19 19 15 15 9 9
13 16 14 14 3 17 17 17 18 20 20 20 21 21 22 22
16 16 16 14 23 23 23 23 18 18 20 20 21 24 24 22
16 25 25 26 26 27 27 28 29 29 29 20 24 24 30 22
25 25 31 31 26 26 28 28 32 32 29 33 24 30 30 22
34 34 31 31 26 26 28 32 32 35 33 33 36 30 37 37
38 34 31 31 39 39 28 32 32 35 33 33 36 36 37 37
38 38 39 39 39 40 28 41 42 42 42 42 36 36 37 37
43 38 44 44 40 40 40 41 41 42 42 45 45 36 46 47
43 43 44 44 44 40 48 48 48 49 50 50 50 50 46 47
43 51 51 51 51 51 52 48 48 49 49 53 53 50 47 47
43 54 54 55 55 52 52 56 48 49 49 53 53 57 47 47
43 54 54 55 55 52 56 56 56 49 53 53 57 57 57 57
