16 16
10 7 7 9 9 9 - 8 7 6 9 4 5 8 9 10
- 10 8 12 - - 9 12 - 6 7 5 6 9 10 10
1 1 1 2 2 2 3 3 4 4 4 5 5 6 6 7
1 8 8 9 9 10 11 11 4 12 12 5 6 6 7 7
13 14 14 14 15 10 11 11 16 16 12 17 17 18 7 19
13 13 14 20 15 21 22 23 23 23 23 17 17 18 19 19
24 24 20 20 21 21 22 25 25 26 26 27 27 18 28 19
29 29 29 20 30 31 22 22 25 32 33 33 34 28 28 28
29 35 36 36 30 31 37 38 38 32 32 34 34 39 39 40
35 35 41 36 30 37 37 37 38 38 42 43 44 44 39 40
45 35 41 41 46 46 47 48 49 49 42 43 50 44 51 40
45 45 52 53 53 47 47 48 48 54 55 55 50 50 51 51
56 52 52 52 57 47 58 58 48 54 59 59 59 60 60 61
56 62 63 63 57 64 65 66 66 67 67 67 59 60 68 61
56 62 69 69 57 64 65 66 70 70 67 71 72 68 68 61
56 62 62 73 73 64 65 66 70 70 71 71 72 74 74 74
75 75 75 76 77 77 78 78 79 80 81 81 72 82 83 83
84 84 75 76 85 85 78 78 79 80 81 81 72 82 83 83
