15 15
- 9 6 - 6 7 8 8 6 - 10 9 4 6 10
8 12 8 8 - 4 - 8 8 8 4 12 10 4 7
1 1 2 2 3 3 4 4 4 5 6 6 6 7 7
8 1 2 9 9 10 11 11 12 5 13 6 6 14 7
8 1 15 16 17 10 10 12 12 12 13 18 19 14 7
8 1 15 16 17 20 20 21 21 22 22 18 19 23 23
24 24 25 25 26 26 26 26 21 27 27 28 28 29 29
24 30 30 30 31 31 32 33 33 27 27 28 28 29 34
35 36 36 30 31 31 32 32 37 38 39 39 39 34 34
35 40 40 41 41 42 42 37 37 38 39 43 44 45 45
35 46 46 41 41 42 47 47 48 48 43 43 44 45 45
49 49 46 50 51 51 52 52 53 53 54 43 55 55 56
49 57 57 50 51 51 58 52 53 53 54 59 59 55 56
49 60 60 50 61 61 58 52 62 62 54 63 64 55 65
66 66 60 61 61 61 67 67 62 62 68 63 64 69 65
70 71 71 72 72 73 74 75 75 75 68 63 69 69 76
70 70 71 72 72 73 74 77 77 78 78 78 79 79 76
