15 15
5 5 9 7 8 7 8 12 9 11 7 3 8 9 4
9 7 9 6 6 8 6 7 8 3 8 11 9 10 5
1 1 2 2 3 4 4 4 4 4 5 6 6 6 7
8 8 2 2 3 4 4 4 9 9 5 10 10 10 7
8 8 2 2 3 3 3 3 9 9 9 10 11 12 12
8 8 13 13 14 15 15 16 16 16 10 10 11 12 17
8 18 13 13 14 19 19 20 16 16 16 10 21 22 17
8 18 23 23 24 24 24 20 16 16 21 21 21 22 17
23 23 23 23 25 25 25 25 25 26 27 27 21 17 17
23 23 28 28 29 25 30 26 26 26 31 31 21 32 32
33 34 34 29 29 30 30 26 26 26 31 31 21 35 35
33 36 29 29 29 29 30 37 38 38 39 39 39 39 35
33 36 40 40 40 37 37 37 41 38 39 39 39 42 42
43 43 40 40 40 37 37 37 41 44 44 45 45 42 46
43 43 43 47 40 40 47 48 48 44 45 45 45 42 46
43 43 43 47 47 47 47 48 48 44 44 42 42 42 49
50 50 50 51 51 47 47 48 48 44 44 44 52 52 49
