15 15
11 10 6 5 6 - 7 7 9 5 9 8 8 8 7
6 - 6 8 10 - 10 - 7 6 8 6 - 8 9
1 2 3 3 4 4 4 5 5 6 6 6 7 8 9
1 2 2 2 10 11 11 5 12 12 12 6 7 8 9
13 14 14 14 10 10 15 16 16 17 17 17 17 8 9
13 13 14 18 18 10 15 15 16 17 19 19 20 20 21
13 13 14 22 22 10 23 15 24 24 19 25 20 20 21
26 27 22 22 22 23 23 23 28 29 29 25 30 30 31
26 27 32 32 33 33 34 34 28 29 29 35 36 30 31
26 37 37 38 38 38 34 28 28 39 35 35 36 40 31
41 37 37 42 38 43 44 44 39 39 45 35 35 40 31
41 46 37 42 47 43 48 49 49 50 45 51 51 51 51
46 46 52 53 47 43 48 49 49 50 45 54 54 55 55
56 56 52 53 53 53 48 57 49 58 58 59 54 60 61
62 52 52 52 63 63 48 57 57 64 65 59 60 60 61
62 66 66 66 63 67 68 69 70 64 65 59 71 72 73
62 74 74 66 66 67 68 69 70 71 71 71 71 72 73
