16 16
2 4 8 9 4 5 11 10 10 10 10 11 9 9 9 8
7 12 5 8 11 10 5 8 10 11 9 9 4 6 7 7
1 1 2 3 3 4 4 4 5 5 5 6 6 7 7 7
8 1 2 3 3 3 3 5 5 5 5 5 6 6 6 9
8 10 2 11 11 11 11 12 13 13 13 14 6 6 6 9
10 10 15 15 11 11 12 12 14 14 14 14 16 17 17 17
18 18 15 15 15 15 12 19 19 14 14 20 16 17 17 21
22 22 22 15 12 12 12 19 19 23 23 20 20 17 21 21
24 22 22 22 22 25 25 19 23 23 23 23 26 21 21 21
24 24 27 27 28 25 29 29 30 30 23 23 26 21 31 31
32 32 32 32 28 29 29 33 33 33 34 35 35 31 31 31
32 32 32 32 28 29 29 33 33 33 34 36 35 31 31 31
37 38 38 38 28 28 39 39 39 34 34 36 35 40 40 40
37 37 38 38 41 42 39 39 39 34 34 36 36 40 40 40
43 43 38 41 41 42 42 44 45 45 45 45 46 47 47 47
43 38 38 41 42 42 42 44 45 48 45 45 46 47 47 47
49 49 49 50 50 50 51 44 51 48 48 52 52 47 53 53
49 49 49 50 50 50 51 51 51 51 52 52 52 53 53 53
