16 16
- 10 9 7 10 - - 8 8 - - - - - - 2
11 12 - 8 8 - 9 7 1 4 10 14 7 3 - 9
1 1 2 2 2 3 3 3 4 5 5 5 6 6 7 7
1 2 2 8 8 9 3 3 4 4 10 6 6 6 6 7
1 1 8 8 9 9 11 11 4 4 10 12 12 12 12 13
14 1 15 15 9 9 16 11 11 4 17 17 18 12 12 13
14 14 19 19 9 16 16 20 20 21 17 17 18 22 22 22
14 14 19 19 23 16 20 20 24 21 17 17 18 22 25 22
26 26 23 23 23 16 27 27 24 24 24 28 18 18 25 29
26 26 23 30 30 16 27 31 31 24 28 28 25 25 25 29
32 32 33 30 30 30 27 34 34 35 36 36 36 37 37 37
38 33 33 39 40 40 27 34 34 35 35 36 36 37 37 37
38 33 33 39 40 40 27 34 34 41 41 41 42 43 43 43
44 44 44 44 40 40 45 45 45 41 41 46 42 42 43 43
44 47 47 47 48 45 45 45 49 50 41 46 42 51 51 52
47 47 53 53 48 54 54 54 49 50 50 55 55 52 52 52
56 56 53 48 48 54 57 57 49 50 50 50 58 58 59 52
56 56 60 60 54 54 57 57 57 58 58 58 58 59 59 52
