16 16
5 11 8 - - 7 9 8 7 8 10 7 - 10 10 8
6 13 10 8 - 6 6 5 10 7 8 - 8 6 - 10
1 1 2 2 3 3 4 5 5 5 5 6 6 7 7 7
1 8 8 9 9 3 4 4 4 4 10 10 11 12 7 7
13 14 14 9 9 15 16 16 16 17 10 10 11 12 12 12
13 14 14 18 15 15 15 19 19 17 20 21 21 22 22 12
13 23 24 18 15 25 25 19 26 26 20 21 21 27 28 28
23 23 24 29 29 30 30 26 26 26 31 31 27 27 28 32
23 33 24 29 34 35 35 36 37 38 38 38 27 39 28 32
23 33 33 33 34 34 35 36 37 40 40 41 27 39 32 32
42 42 43 43 44 44 35 45 45 46 47 41 48 48 48 32
49 42 50 51 51 52 52 53 54 46 47 55 48 48 56 56
49 42 50 57 57 57 57 53 54 58 47 55 59 59 60 61
49 62 63 64 65 66 66 53 67 58 47 68 68 68 60 61
49 62 63 64 65 66 66 67 67 58 47 68 69 70 70 61
49 71 71 64 72 72 73 73 74 74 74 75 69 70 70 61
76 71 71 77 78 78 78 78 79 74 80 75 81 81 82 83
76 76 71 77 84 84 85 85 79 80 80 75 81 81 82 83
