15 15
7 7 7 6 9 10 13 11 10 11 9 3 5 6 3
7 11 9 8 6 2 6 4 6 7 7 9 14 12 9
1 1 2 2 2 3 4 4 5 5 5 6 6 7 7
8 8 2 2 2 3 3 5 5 5 5 6 9 9 7
8 8 10 10 10 10 3 11 11 11 12 12 13 13 13
8 8 14 14 10 10 3 3 11 11 12 15 15 16 16
17 17 18 19 19 10 3 3 11 11 15 15 15 16 16
20 20 18 18 19 21 21 22 23 23 15 15 15 24 24
20 20 25 25 21 21 21 22 26 26 26 27 24 24 24
20 25 25 25 21 21 28 28 28 26 26 27 29 29 24
30 30 30 31 31 31 32 32 33 33 26 33 29 29 24
30 30 30 31 31 31 32 32 33 33 33 33 34 34 24
35 35 36 36 37 37 37 38 38 39 40 40 34 41 41
35 35 42 42 37 37 37 38 38 39 39 41 41 41 41
43 43 43 44 44 44 44 44 38 39 39 45 45 45 41
43 43 43 46 46 46 46 44 47 47 39 45 45 45 48
49 49 49 46 46 46 46 50 50 50 39 45 48 48 48
