15 15
9 9 - 8 - - - 7 5 10 11 8 3 6 10
12 8 8 11 - 7 - 5 8 - - 5 4 9 10
1 1 1 1 1 2 2 3 3 3 3 4 5 6 6
7 7 1 1 2 2 8 8 3 4 4 4 5 9 6
10 10 10 10 11 11 8 8 12 4 4 13 13 9 9
14 14 14 15 11 11 11 11 12 12 13 13 16 9 9
14 14 14 15 15 15 15 12 12 12 13 13 16 9 9
17 17 18 18 18 15 15 19 19 19 19 16 16 20 20
17 21 22 18 23 23 24 24 24 25 25 16 16 20 26
17 21 22 23 23 23 27 27 25 25 25 28 28 28 26
21 21 22 23 29 29 27 30 31 31 31 32 32 32 26
21 21 33 23 29 29 29 30 34 35 31 31 31 32 32
36 36 33 33 33 33 34 34 34 35 31 37 37 37 38
39 36 33 33 40 41 41 41 34 35 42 43 43 43 38
39 44 44 40 40 41 41 41 42 42 42 43 43 45 45
39 39 46 47 47 47 47 48 42 49 49 50 50 51 52
39 39 46 46 47 47 47 48 49 49 49 49 50 51 52
