16 16
9 9 10 7 9 10 10 8 8 5 3 3 6 10 11 11
13 10 10 3 5 8 5 2 5 8 8 9 5 13 10 15
1 1 1 1 2 3 3 4 4 5 5 6 7 7 8 8
9 1 1 2 2 10 3 3 4 11 6 6 7 12 8 8
9 9 13 2 10 10 3 3 14 11 7 7 7 12 15 15
13 13 13 13 16 16 16 14 14 11 11 17 17 15 15 15
18 18 18 19 19 19 20 21 21 17 17 17 17 17 15 15
18 18 18 19 19 19 20 22 22 23 23 23 17 24 24 24
25 26 18 18 27 27 27 28 28 23 23 23 29 24 24 24
25 26 30 27 27 27 27 31 28 28 28 23 29 32 33 33
34 30 30 30 27 31 31 31 28 28 28 29 29 32 33 33
34 30 30 30 35 35 31 31 36 36 37 37 38 39 40 33
41 30 42 43 35 35 35 36 36 44 44 37 38 39 40 40
41 45 42 43 35 35 46 46 46 44 44 44 44 47 47 48
45 45 49 49 50 50 51 51 46 52 52 44 44 53 53 48
45 45 45 50 50 50 50 51 46 46 52 54 54 54 55 56
57 57 45 45 58 58 50 51 59 59 60 60 54 54 55 56
57 57 61 61 62 62 62 51 59 59 59 54 54 56 56 56
