16 16
6 8 14 10 9 12 11 8 5 2 10 6 8 9 9 8
7 8 7 7 8 9 10 4 10 12 9 9 9 9 10 7
1 1 2 2 2 3 3 4 4 5 5 5 6 7 7 8
1 1 2 2 9 3 3 4 4 4 10 10 6 7 7 8
11 11 2 9 9 4 4 4 12 12 10 10 10 7 7 7
11 11 9 9 9 13 13 13 14 14 10 10 10 7 15 15
11 16 16 13 13 13 13 14 14 14 17 17 18 18 19 19
16 16 16 20 20 21 21 14 22 22 23 23 18 18 19 19
24 20 20 20 25 26 26 27 27 28 23 29 18 30 30 30
24 24 20 20 25 31 31 32 32 28 29 29 33 33 33 33
24 24 34 34 31 31 35 32 36 36 37 37 38 39 40 40
41 41 41 34 34 34 35 42 36 43 37 37 38 39 40 40
41 41 41 41 34 34 35 42 42 43 37 44 44 44 44 45
46 46 47 47 47 35 35 35 42 42 37 44 48 44 44 45
49 49 47 50 47 35 51 35 52 52 37 44 48 53 53 54
55 55 50 50 51 51 51 51 52 52 56 56 48 48 53 54
55 55 55 50 51 51 57 58 58 58 56 56 59 59 60 60
55 55 55 50 50 51 57 58 58 56 56 56 59 59 59 60
