15 15
11 9 9 9 9 7 8 5 8 8 11 5 7 7 4
7 8 8 9 12 13 8 7 4 6 9 4 9 6 7
1 1 1 1 2 2 2 3 3 4 4 5 6 6 7
1 1 1 1 2 2 2 3 8 8 4 5 5 5 7
9 9 10 10 10 2 2 3 11 8 4 5 5 5 7
9 9 10 10 12 12 13 13 11 4 4 14 14 15 15
16 16 10 16 12 12 17 11 11 18 18 19 15 15 15
16 16 16 16 17 17 17 20 20 20 19 19 15 15 15
21 22 22 23 17 17 24 24 20 20 19 19 25 25 25
21 26 26 23 17 17 24 27 27 20 20 19 25 25 28
21 21 23 23 29 29 30 27 27 27 31 31 25 28 28
21 21 32 32 29 29 30 27 27 27 33 31 34 34 28
35 35 32 32 36 30 30 30 30 33 33 31 31 37 37
35 35 38 38 36 39 39 39 40 41 33 31 42 42 43
44 44 45 45 36 40 40 40 40 41 41 31 46 43 43
44 44 45 45 47 47 48 40 49 49 41 41 46 43 43
44 44 50 50 47 47 48 49 49 49 41 41 43 43 43
