15 15
6 6 7 6 12 9 8 8 6 11 7 7 9 8 8
5 8 6 9 14 8 7 8 9 11 11 7 3 4 8
1 1 2 2 2 3 4 5 5 5 5 6 6 7 7
1 8 2 2 2 3 4 5 9 9 9 6 6 7 7
8 8 10 10 2 3 3 11 9 9 9 6 6 6 12
13 13 14 14 2 11 11 11 15 16 9 6 12 12 12
17 17 17 17 17 11 11 11 15 16 16 12 12 12 12
18 18 19 19 17 20 20 11 21 21 16 16 22 22 22
23 23 23 17 17 20 20 24 24 24 16 16 25 22 22
26 26 26 27 20 20 20 24 24 24 28 25 25 29 22
26 26 26 27 20 30 30 30 24 24 28 25 25 29 29
31 26 31 32 32 32 30 30 33 33 34 25 35 29 29
31 31 31 32 32 32 30 36 37 33 34 25 35 38 38
31 31 39 39 40 40 40 36 37 33 33 41 42 38 38
43 39 39 39 40 40 44 45 45 46 47 41 42 38 48
43 39 39 39 40 40 44 46 46 46 47 47 42 48 48
43 43 49 49 50 50 44 46 46 46 47 47 42 51 51
