16 16
- 11 2 - - - - 4 9 10 11 11 5 - - -
- 9 3 4 10 - 13 11 11 5 7 - 9 8 13 5
1 1 2 2 3 3 3 4 4 5 5 5 6 6 7 7
8 1 2 9 9 3 3 3 10 5 5 5 6 6 7 7
8 1 1 9 9 11 11 10 10 12 12 13 14 14 14 15
16 17 18 19 20 20 11 21 21 12 12 13 14 15 15 15
16 17 18 19 20 20 20 22 23 23 23 13 24 25 25 26
16 27 27 28 20 22 22 22 23 29 29 29 24 24 30 26
16 16 16 28 31 31 31 31 32 32 33 33 34 34 30 35
36 36 37 28 28 38 39 39 32 32 33 40 40 40 30 35
36 36 37 28 28 38 41 42 42 32 32 40 40 40 43 35
44 44 37 45 45 41 41 46 46 47 47 48 48 43 43 35
44 44 44 45 45 41 46 46 47 47 47 48 48 49 49 49
50 50 45 45 41 41 51 51 47 52 52 52 52 49 49 53
50 50 54 55 55 56 56 51 57 52 58 58 58 59 59 53
60 50 54 55 55 55 56 61 57 52 62 62 58 58 59 59
60 50 54 63 63 61 61 61 57 57 62 62 64 64 64 65
66 66 67 67 67 61 68 68 68 57 69 69 69 69 64 65
