16 16
7 12 - 7 5 9 3 7 9 5 10 - 9 - 9 -
9 6 8 - 6 7 9 7 7 8 11 5 12 10 - 12
1 1 2 2 3 3 4 5 5 6 6 7 7 8 8 8
9 9 2 3 3 4 4 5 10 11 6 12 7 7 8 13
14 9 15 16 17 17 18 18 10 11 19 12 12 12 20 13
14 15 15 16 16 17 21 21 10 10 19 19 22 22 20 20
23 23 24 24 24 17 21 21 25 26 27 28 29 29 30 30
23 31 31 32 32 33 34 34 25 26 27 28 28 29 30 30
31 31 35 35 36 33 37 37 38 26 39 28 40 40 41 42
43 44 45 46 36 47 47 38 38 48 39 39 40 40 41 42
43 44 45 46 49 50 47 51 52 48 48 39 53 53 42 42
43 43 54 46 49 50 51 51 52 55 56 56 57 57 58 58
54 54 54 46 59 59 60 52 52 55 55 61 61 57 62 62
63 63 63 64 64 59 60 65 65 66 55 67 61 57 62 68
69 69 69 70 71 59 72 72 72 66 67 67 67 73 73 68
74 70 70 70 71 75 75 76 77 66 78 78 79 73 73 80
74 81 82 82 71 76 76 76 77 66 78 83 79 79 84 80
81 81 85 85 85 86 86 77 77 87 87 83 83 84 84 80
