16 16
8 11 9 6 9 9 - 5 8 2 6 11 8 11 10 7
10 - 6 6 9 12 7 9 7 8 9 - 8 - 3 -
1 1 2 3 4 4 5 5 5 6 6 7 7 7 8 8
2 2 2 3 3 9 5 5 10 10 11 11 12 7 8 8
13 2 14 3 3 9 15 10 10 10 16 16 12 7 17 17
13 18 14 19 20 20 15 21 22 22 23 16 24 24 25 25
13 18 26 19 19 27 27 21 28 28 23 29 29 24 30 30
13 13 26 31 31 27 27 32 32 28 23 29 29 33 33 34
35 36 36 37 37 37 27 32 28 28 38 38 39 39 40 34
35 36 41 41 42 42 43 44 45 45 46 46 46 39 40 40
35 47 48 48 48 43 43 44 45 49 49 50 50 39 51 52
53 47 47 47 54 55 55 44 49 49 49 56 50 50 51 52
53 53 57 57 54 58 58 59 59 60 60 56 56 61 62 62
63 64 65 66 54 54 67 67 59 68 68 69 70 61 62 71
63 64 65 66 72 72 73 73 74 75 76 69 70 77 71 71
78 79 80 66 72 72 73 73 74 75 76 76 70 77 71 81
78 79 80 66 82 83 84 84 75 75 76 85 86 86 81 81
87 87 80 82 82 83 83 88 88 75 85 85 89 89 90 90
