16 16
- 11 - 8 7 12 7 10 - 6 9 8 6 14 - 6
9 8 8 11 - 9 12 8 5 8 11 6 6 6 7 11
1 1 2 2 3 3 3 4 5 5 6 6 7 8 9 9
1 10 2 2 3 3 11 4 4 4 12 12 7 8 8 9
10 10 13 13 14 15 11 4 16 17 17 18 18 19 19 19
20 20 20 20 14 15 21 22 16 17 17 23 23 23 24 24
20 25 26 26 27 27 21 22 28 28 17 23 23 29 30 31
25 25 32 26 33 33 33 34 28 35 36 36 29 29 30 31
37 38 32 39 39 33 33 34 34 35 40 40 41 42 30 30
37 38 38 43 43 44 44 45 34 40 40 40 41 42 46 30
47 48 49 50 50 50 44 45 51 51 52 52 41 53 46 54
47 48 49 55 56 57 58 58 59 59 60 61 61 53 53 54
47 62 55 55 56 57 57 63 59 64 60 61 61 65 65 54
47 62 66 67 67 68 69 63 59 64 64 70 70 71 65 72
62 62 66 67 67 68 69 73 73 74 74 70 70 71 75 72
62 76 76 77 67 68 69 78 73 79 79 80 80 71 75 81
82 82 83 77 84 85 86 78 87 88 79 89 89 71 75 81
82 82 83 84 84 85 86 86 87 88 79 90 90 90 90 90
