16 16
- 7 3 7 - - 8 - 11 - - 7 - 10 10 -
- 9 6 - 12 - 10 10 4 - 8 7 5 5 - 12
1 2 2 2 2 3 3 4 5 5 5 6 7 7 7 8
1 1 9 10 2 3 3 4 11 5 5 6 7 7 8 8
1 1 9 10 10 10 12 12 11 11 5 6 13 13 8 8
14 14 15 10 10 12 12 12 11 16 16 16 13 13 17 17
14 14 15 15 18 18 18 18 18 19 20 20 20 13 17 21
22 22 15 15 23 23 23 24 18 19 20 20 25 25 25 21
22 22 26 26 26 26 24 24 24 19 27 20 25 25 25 21
28 28 28 29 29 26 26 30 31 19 27 32 32 33 21 21
34 34 34 29 29 29 29 30 31 27 27 32 32 33 35 35
34 34 34 36 36 37 38 38 39 27 27 32 32 33 33 33
40 41 41 36 36 37 38 38 39 42 42 43 43 33 44 44
40 45 45 36 46 46 38 38 39 47 43 43 43 48 48 44
40 45 45 45 45 49 49 39 39 47 50 51 51 51 52 52
53 54 54 54 55 49 49 56 56 47 50 51 51 51 52 52
53 53 54 54 55 55 49 57 57 47 50 58 58 58 52 52
53 53 53 54 55 57 57 57 57 47 50 50 58 58 59 59
