16 16
7 9 - 6 7 5 9 6 6 - 12 8 13 - 7 -
7 8 6 4 1 9 11 13 4 - 10 9 11 - 9 -
1 1 2 2 2 3 3 4 5 5 5 6 6 7 7 7
1 1 2 8 3 3 3 4 5 6 6 6 9 9 10 10
1 1 8 8 3 3 11 12 5 6 6 13 9 9 14 14
15 15 8 8 16 16 11 12 12 12 17 13 9 9 14 14
15 15 18 18 18 16 12 12 12 17 17 17 19 19 20 20
15 21 22 22 18 18 23 23 23 17 24 17 25 25 20 20
21 21 26 26 27 27 27 27 23 17 24 25 25 25 20 20
28 28 29 30 27 31 27 27 23 24 24 32 25 25 33 33
28 34 29 30 35 31 31 36 32 32 32 32 32 37 33 33
28 34 34 38 35 31 39 36 40 40 40 41 37 37 37 33
34 34 42 38 35 31 39 39 39 40 40 41 43 43 33 33
44 45 42 46 46 31 47 47 48 48 40 49 49 43 50 50
44 45 45 45 46 46 51 51 52 52 40 49 43 43 50 50
44 45 45 45 53 46 51 54 52 55 49 49 56 43 57 57
44 44 58 58 53 53 51 54 52 55 49 49 56 56 56 56
59 59 58 58 53 53 53 53 52 55 60 60 60 60 56 56
