16 16
8 5 7 - - 12 13 13 6 6 - 10 11 - 6 5
4 8 - 11 9 8 - 9 - 6 6 3 11 - 8 6
1 1 2 2 3 3 3 3 4 5 5 6 7 7 7 8
9 10 10 2 3 3 3 4 4 5 6 6 7 11 11 8
9 10 10 10 10 12 12 12 13 5 6 14 14 11 11 8
9 15 15 16 16 12 13 13 13 17 17 18 14 14 14 14
15 15 19 16 12 12 20 13 13 17 17 18 18 21 14 22
19 19 19 23 23 24 20 20 20 25 25 21 21 21 26 22
19 19 23 23 23 24 20 20 25 25 21 21 27 26 26 22
28 29 23 30 30 31 31 20 25 25 21 27 27 26 26 32
28 29 23 30 33 33 31 34 25 35 35 36 36 37 37 32
28 29 38 38 38 31 31 34 39 35 36 36 36 37 37 32
29 29 38 38 38 31 40 34 39 35 36 41 42 42 37 43
44 45 45 38 46 46 40 34 39 47 47 41 41 37 37 43
44 48 48 49 49 50 40 34 50 47 47 51 41 52 53 53
48 48 49 49 49 50 50 50 50 50 47 51 41 52 52 52
48 48 54 49 49 55 55 56 56 57 47 51 41 58 58 58
54 54 54 54 54 55 55 59 59 57 47 51 51 51 51 58
