16 16
9 10 12 5 6 7 6 6 9 4 - 10 8 10 - 10
7 10 - 5 10 - 6 7 7 - 4 7 8 11 11 11
1 1 2 3 3 3 3 4 4 4 5 6 6 7 7 8
9 9 2 2 3 10 11 11 4 12 5 5 13 7 14 8
15 15 16 10 10 10 10 17 17 12 12 5 13 14 14 14
18 15 16 19 20 21 21 21 22 23 23 23 24 24 25 14
18 15 16 19 20 26 26 26 22 27 27 27 28 25 25 25
29 16 16 19 30 31 31 22 22 32 32 28 28 33 33 34
29 29 35 35 30 30 36 36 36 37 37 28 28 33 34 34
29 29 38 39 40 40 40 41 36 42 42 42 43 43 43 44
45 45 38 39 46 46 47 41 48 49 49 50 51 51 43 44
45 52 53 54 54 46 47 41 48 49 49 50 51 51 55 55
52 52 53 53 56 56 57 57 57 58 58 59 60 60 61 55
62 62 63 63 64 64 65 65 57 66 66 59 60 67 61 61
62 62 68 63 63 64 69 69 57 70 66 71 71 67 72 72
73 68 68 74 74 75 75 76 76 70 71 71 77 78 72 72
73 79 79 74 74 75 80 80 80 80 81 81 77 78 82 82
79 79 79 83 83 83 83 80 84 84 84 85 85 78 86 86
