16 16
8 9 8 6 9 - 10 - 5 11 8 9 - 4 8 13
11 9 6 - 9 10 4 9 - 6 - 9 8 10 6 7
1 1 1 1 2 2 2 2 3 3 4 4 5 6 6 7
8 9 9 9 10 10 11 12 13 13 14 14 5 5 5 7
8 8 9 15 15 10 11 12 12 12 14 16 16 17 17 17
18 18 19 15 20 20 20 21 21 22 22 23 16 24 25 25
26 26 19 19 27 27 20 28 28 22 29 23 23 24 25 25
26 26 30 30 27 27 31 28 32 32 29 23 33 34 35 35
36 36 30 37 37 31 31 38 32 39 40 40 33 34 35 35
41 41 42 42 43 44 38 38 39 39 45 45 46 34 47 48
41 42 42 49 43 44 50 51 52 52 45 53 46 34 47 48
54 55 49 49 56 50 50 51 57 52 45 53 58 58 59 59
54 55 55 56 56 60 61 57 57 62 63 63 64 64 59 59
65 65 66 66 56 60 61 67 67 62 62 68 69 69 70 70
71 72 72 73 73 74 75 75 75 62 68 68 76 77 77 70
71 72 72 73 73 74 74 78 79 79 79 76 76 80 77 81
71 82 82 83 83 74 78 78 78 79 84 84 84 80 81 81
85 85 82 82 86 86 86 87 87 88 88 84 89 89 90 90
