16 16
- 9 4 12 5 10 - 10 - 7 5 7 5 7 10 12
11 8 12 8 8 6 - 8 - 10 8 6 8 11 6 7
1 1 1 2 3 3 4 5 5 5 6 6 7 7 7 8
9 10 10 2 11 12 4 13 5 14 6 6 15 15 7 8
9 10 16 16 11 12 13 13 13 14 17 18 15 19 19 8
9 20 16 16 11 21 22 23 23 23 17 18 24 19 19 25
9 20 26 26 26 21 22 27 27 27 28 28 24 29 25 25
30 30 26 31 32 33 33 33 27 34 35 28 24 29 29 29
30 36 37 31 32 38 38 38 39 34 35 40 40 41 41 42
36 36 37 43 43 44 44 45 39 34 46 46 46 47 47 42
48 48 49 49 43 44 45 45 50 50 50 51 51 52 53 53
54 55 56 49 57 57 45 58 58 59 50 51 52 52 60 61
54 55 56 49 57 62 58 58 59 59 63 64 64 64 60 61
65 55 56 66 66 62 67 67 67 59 63 68 68 60 60 61
65 69 69 70 70 71 71 72 72 73 73 73 68 74 74 61
75 75 76 77 70 78 71 72 72 73 79 80 80 81 74 82
83 75 76 77 84 78 85 85 86 86 79 79 81 81 82 82
83 75 76 84 84 78 87 87 87 86 79 88 88 89 89 82
