16 16
9 7 9 9 5 7 10 7 10 12 1 7 - 9 7 11
11 10 9 4 7 9 - 11 6 8 5 - 9 9 8 9
1 1 2 2 2 3 4 5 5 5 6 7 8 8 9 10
1 1 11 2 3 3 4 4 5 12 6 7 8 8 9 10
13 13 11 11 14 15 15 4 12 12 16 17 17 17 18 18
19 19 20 20 14 14 14 21 21 21 16 17 22 23 23 18
24 25 25 20 26 27 27 28 28 29 29 30 22 31 31 31
24 24 24 20 26 26 32 33 33 29 30 30 22 34 34 35
36 36 36 37 37 37 32 32 32 38 38 39 39 39 34 35
40 40 41 42 42 42 43 44 45 45 38 46 39 47 47 48
49 40 41 50 50 43 43 44 51 51 52 46 53 54 55 48
49 56 56 57 58 43 44 44 59 59 52 60 53 54 55 55
49 61 56 57 58 58 62 63 64 64 65 60 53 53 66 67
68 61 69 69 58 62 62 63 70 70 65 71 72 72 66 67
68 68 73 74 74 75 75 75 76 77 78 71 79 80 80 80
68 81 73 74 82 82 75 76 76 77 78 78 79 79 83 83
84 81 73 85 82 82 86 87 87 77 88 89 90 90 91 91
84 81 73 85 85 86 86 86 87 77 88 89 92 92 91 91
