15 15
- 8 - 4 7 10 12 2 4 8 11 - 12 8 9
6 - 2 - 10 9 4 - - - 9 - 10 8 -
1 2 2 3 3 4 4 5 6 7 7 8 9 9 10
1 2 2 2 3 3 4 5 6 7 11 8 12 12 10
1 13 13 14 15 3 5 5 6 11 11 8 8 16 17
1 18 14 14 15 19 19 6 6 20 21 8 22 16 17
18 18 14 14 15 15 15 23 23 20 21 21 22 17 17
18 18 24 24 15 25 25 26 26 20 27 28 22 22 17
29 24 24 30 31 31 25 26 26 32 27 28 33 33 34
29 29 30 30 30 30 35 36 37 32 27 38 38 34 34
39 39 39 40 41 35 35 36 37 37 27 38 38 34 42
39 43 43 40 41 35 35 44 37 27 27 38 38 34 42
45 43 43 46 47 47 47 44 48 49 49 49 50 50 51
45 46 46 46 52 47 53 53 48 54 54 54 50 55 51
45 46 52 52 52 53 53 53 48 54 56 54 50 55 55
57 57 52 52 58 58 58 59 56 56 56 60 60 55 55
57 57 61 61 58 58 59 59 59 59 59 60 60 60 60
