15 15
1 7 9 10 4 6 9 11 8 9 8 8 6 8 8
4 8 9 10 6 8 6 5 7 7 7 9 6 8 12
1 1 1 2 2 2 3 3 3 4 4 5 5 6 7
1 1 1 2 2 2 3 3 3 8 8 6 6 6 7
9 10 11 12 13 13 13 14 14 8 8 6 6 15 15
9 10 11 12 12 16 16 17 18 19 19 20 20 20 20
21 21 21 12 16 16 16 17 18 19 19 22 22 20 20
23 23 12 12 16 16 16 24 18 19 19 22 22 20 20
23 25 25 12 26 27 27 24 24 24 19 19 22 22 22
28 29 29 12 26 27 27 24 30 31 32 32 33 33 22
28 29 29 34 26 27 27 24 30 31 32 35 36 36 36
28 28 29 34 34 37 37 24 30 30 35 35 36 36 38
39 39 40 40 41 37 37 42 42 43 44 44 36 36 38
45 40 40 40 41 37 46 46 47 43 48 48 49 49 38
45 40 40 50 50 50 46 46 47 47 47 48 51 51 38
52 52 53 53 53 46 46 46 54 47 47 48 51 51 51
53 53 53 53 53 46 54 54 54 48 48 48 51 51 51
