15 15
8 8 6 6 5 10 9 4 5 12 - 9 8 5 10
- - 8 4 - - 10 6 - 9 8 7 6 7 -
1 1 2 2 2 3 4 5 5 5 6 6 7 7 8
1 1 2 2 2 3 4 4 9 9 10 8 8 8 8
1 1 2 11 11 3 4 12 12 10 10 10 13 13 8
1 14 14 14 11 3 15 16 16 10 13 13 13 13 17
18 19 19 14 11 15 15 16 10 10 20 20 21 21 17
18 19 19 19 19 15 22 16 23 23 24 24 21 21 17
25 19 26 26 27 27 22 23 23 23 24 24 21 28 28
25 25 26 26 27 27 29 23 30 30 30 30 28 28 28
31 31 26 26 32 32 29 23 33 34 34 34 35 36 28
37 38 38 39 32 32 32 33 33 34 34 35 35 36 28
37 40 41 39 42 42 32 33 43 43 35 35 35 36 44
40 40 41 39 39 45 45 45 43 43 46 46 47 47 44
40 40 41 41 48 48 45 45 45 46 46 46 49 49 50
51 41 41 41 48 52 52 53 53 54 55 49 49 49 50
51 51 51 51 52 52 52 53 53 54 55 56 56 56 50
