16 16
- 6 - 8 - 10 9 6 - - 7 - 6 8 9 6
8 3 7 12 8 7 9 6 7 7 13 11 3 - 9 12
1 1 2 3 3 4 4 4 5 6 6 7 7 7 8 8
9 9 2 10 11 12 13 5 5 14 14 7 7 15 15 15
16 16 17 10 11 12 13 13 18 18 18 19 19 20 21 21
16 16 17 22 11 23 23 23 23 18 24 24 19 20 25 25
26 26 22 22 22 27 28 29 29 24 24 19 19 20 25 25
30 30 31 32 32 27 28 28 29 29 24 33 33 34 34 35
31 31 31 32 36 36 37 28 29 38 39 40 40 41 42 35
31 43 43 43 44 36 37 45 45 38 39 46 47 41 42 48
49 49 43 43 44 50 37 51 52 52 46 46 47 53 53 48
54 54 54 55 55 50 50 51 52 56 56 46 47 57 57 48
58 58 59 59 55 60 60 61 61 56 56 62 62 57 57 57
58 58 58 59 55 60 60 61 61 63 63 64 64 64 65 65
66 66 67 67 67 60 68 69 61 63 63 70 70 71 71 72
73 74 75 67 75 68 68 69 69 63 76 70 70 77 78 72
73 74 75 75 75 79 80 80 81 81 76 70 82 77 78 83
73 74 79 79 79 79 80 84 84 81 76 82 82 78 78 83
