16 16
- 8 7 5 - 12 10 - 9 4 - 11 6 8 6 9
14 12 6 7 - 6 9 - 11 8 12 10 7 - 5 12
1 2 2 3 3 3 4 4 5 6 6 6 7 8 8 8
1 9 10 3 3 11 11 4 5 12 6 7 7 13 8 14
1 9 10 15 15 11 16 16 5 12 17 17 18 13 19 14
1 20 20 20 15 21 16 16 22 22 17 17 18 19 19 23
24 25 25 26 26 21 27 27 22 28 29 29 30 30 31 23
24 32 32 33 34 35 35 36 37 28 29 29 38 30 31 39
24 24 32 33 34 35 35 36 37 28 40 40 38 41 41 39
24 42 32 33 34 43 43 36 44 44 45 46 46 41 47 47
48 42 49 49 50 50 51 51 44 52 45 53 54 54 55 55
48 56 57 58 50 50 59 59 60 52 52 53 61 61 55 62
56 56 57 58 63 50 64 64 60 60 52 53 61 65 65 62
66 66 57 58 63 63 63 64 60 67 67 67 67 65 68 62
66 69 70 70 71 63 72 72 72 73 73 74 75 75 68 76
69 69 70 77 71 71 78 72 72 73 73 74 75 79 79 76
80 81 81 77 82 83 78 78 84 73 85 85 75 86 79 76
80 80 81 77 82 83 87 87 84 84 84 88 88 86 89 89
