15 15
- 6 2 6 8 12 - - - 7 - 8 7 7 8
6 10 7 9 12 - 6 9 - 8 - 7 3 7 -
1 1 2 2 3 4 4 5 6 6 7 7 8 8 9
1 1 10 3 3 4 4 5 11 11 7 8 8 9 9
1 1 10 10 12 4 13 13 13 11 7 14 15 15 9
16 16 17 18 12 19 19 13 13 20 20 14 15 15 9
16 16 17 18 12 19 19 21 13 22 14 14 23 24 9
25 25 17 18 12 19 26 21 22 22 22 23 23 24 24
25 27 27 28 28 19 26 26 26 29 29 23 23 30 30
25 25 31 31 32 33 33 26 29 29 29 29 34 35 30
36 36 37 37 32 32 32 38 38 38 39 39 34 35 30
40 40 40 41 41 32 32 42 42 42 43 43 44 44 44
40 40 41 41 45 45 46 42 42 42 47 48 44 44 44
49 50 50 45 45 45 46 46 46 46 47 48 51 51 52
49 53 50 50 54 54 54 46 55 56 47 57 57 52 52
58 53 53 50 59 59 54 60 55 56 47 57 52 52 61
58 62 62 62 59 54 54 60 55 56 47 63 63 63 61
