15 15
8 4 9 - - 7 9 5 - 5 9 - 4 8 13
- 13 12 5 - 9 4 - 8 9 - 4 12 9 5
1 2 2 3 3 3 4 4 5 5 6 6 7 7 8
1 2 2 2 9 9 9 4 5 6 6 10 10 7 8
1 11 12 12 9 13 13 14 14 6 10 10 15 15 8
11 11 12 16 16 16 17 17 14 18 18 18 19 20 20
11 11 12 16 16 21 21 22 22 22 23 23 19 24 24
25 25 26 27 21 21 21 28 28 29 29 29 19 30 30
31 31 26 27 32 32 33 34 35 29 36 36 36 37 30
38 38 39 27 40 33 33 34 35 35 41 42 42 37 30
43 38 39 40 40 33 44 35 35 45 41 46 46 47 47
43 48 49 40 50 50 44 51 51 45 45 52 47 47 47
53 48 49 49 54 54 54 55 56 56 52 52 57 58 58
53 48 59 49 49 60 61 55 56 56 56 57 57 58 58
62 59 59 63 60 60 61 64 64 65 65 65 66 66 67
62 68 68 63 60 69 70 71 64 72 65 65 73 67 67
74 74 68 63 69 69 70 71 64 72 72 73 73 67 67
