15 15
- 7 4 7 7 7 7 - 6 7 7 10 - 6 10
- 9 3 - - - 10 9 12 9 8 5 3 11 5
1 1 2 3 4 5 5 6 6 7 8 8 9 9 9
1 1 2 3 4 4 5 5 10 7 11 11 12 9 9
13 13 2 2 14 14 14 15 10 16 17 12 12 18 18
19 19 20 20 20 21 15 15 22 16 17 17 23 23 24
25 25 25 26 27 21 21 28 22 29 30 23 23 31 24
25 32 32 26 27 33 34 28 22 29 30 30 23 31 24
35 35 32 26 33 33 34 28 28 28 36 37 37 37 37
35 38 32 33 33 39 39 40 40 40 36 36 37 41 41
42 38 43 43 44 44 39 39 45 45 45 46 47 47 41
42 48 49 44 44 50 51 39 52 45 45 46 53 53 41
42 48 49 54 50 50 51 52 52 52 55 55 55 53 53
42 42 56 54 57 58 59 59 60 61 62 55 55 63 64
65 66 56 57 57 58 67 67 60 61 62 62 68 63 64
65 66 57 57 69 69 69 67 70 70 70 70 68 71 71
65 66 72 72 72 69 73 73 73 73 74 74 75 75 75
