15 15
13 9 5 - - - 7 - - 7 9 5 - - 6
- - 9 10 8 - - - 5 8 - 2 9 - 11
1 1 1 1 2 2 3 3 4 4 4 4 5 5 5
6 1 7 7 8 2 3 3 4 4 9 9 10 10 5
6 6 7 7 8 2 2 3 9 9 9 9 10 10 11
6 6 7 12 12 13 13 3 14 14 15 15 10 10 11
6 12 12 12 13 13 13 16 14 17 15 18 18 11 11
19 19 12 16 16 16 16 16 14 17 17 18 18 20 20
19 21 21 22 23 23 23 23 14 17 17 18 24 24 20
19 19 19 22 22 23 25 25 14 26 27 27 28 24 20
29 29 22 22 22 23 30 26 26 26 27 27 28 24 31
32 32 33 34 34 34 30 30 26 27 27 35 28 31 31
32 32 33 34 34 34 30 30 36 36 35 35 28 28 28
32 33 33 37 38 38 38 39 36 36 35 35 40 40 40
32 41 41 37 38 38 42 39 39 43 35 44 44 45 40
41 41 46 37 47 47 42 39 43 43 43 43 43 45 45
41 41 46 37 47 47 42 48 48 48 48 49 49 45 45
