16 16
8 10 8 10 6 4 9 8 6 9 8 4 9 11 9 9
4 5 10 12 15 9 10 5 7 8 6 7 6 7 8 9
1 1 1 1 2 2 3 3 3 3 3 4 5 5 5 5
1 1 1 1 2 2 3 6 6 4 4 4 7 8 5 5
9 9 9 9 2 2 10 6 6 6 4 4 7 8 5 5
9 9 9 9 10 10 10 6 11 6 12 13 7 7 7 14
15 15 16 16 16 16 11 11 11 6 12 13 7 14 14 14
15 15 17 16 18 18 11 19 20 12 12 13 13 14 21 14
15 15 17 22 22 22 19 19 20 12 13 13 23 23 21 14
17 17 17 24 24 24 24 19 19 25 25 26 23 21 21 14
17 27 27 24 28 24 29 29 19 25 25 26 30 30 31 31
27 27 27 32 28 24 33 29 29 25 25 26 30 31 31 34
35 27 27 32 32 32 33 29 36 36 25 26 30 31 31 34
35 35 35 37 38 38 38 39 39 40 25 40 41 31 34 34
35 35 35 37 38 38 38 39 39 40 40 40 41 41 34 34
42 42 42 37 37 43 38 44 44 45 45 46 41 41 47 47
48 48 48 37 37 43 49 49 50 45 45 46 46 41 51 51
48 48 37 37 52 52 53 53 50 45 54 54 46 55 55 51
