15 15
8 11 - - 8 - 8 8 10 9 4 7 - 6 8
8 7 4 8 8 - - 10 8 10 8 10 5 4 10
1 2 2 3 3 4 5 5 5 5 6 6 7 7 7
1 1 8 3 9 4 10 11 12 13 13 14 14 14 15
8 8 8 9 9 4 10 11 12 16 17 17 18 15 15
19 20 8 9 21 21 22 22 22 16 17 18 18 23 15
19 20 24 24 25 21 22 26 27 27 17 28 28 23 23
24 24 24 25 25 25 22 26 27 27 29 28 28 30 30
31 32 32 25 33 33 33 34 34 29 29 28 35 30 30
31 36 32 37 37 38 38 34 34 29 29 39 35 30 40
36 36 32 37 37 38 41 41 41 42 42 39 39 43 40
44 44 32 45 46 46 47 48 48 48 49 39 50 43 51
52 52 53 45 46 46 47 54 48 48 49 50 50 50 51
52 52 53 55 55 47 47 54 54 56 56 57 57 58 58
52 59 59 55 60 60 61 62 62 62 63 63 64 64 64
65 66 67 67 68 68 61 62 69 69 69 70 70 71 64
65 66 66 72 72 72 61 73 73 73 69 70 70 71 71
