16 16
11 8 7 8 8 13 11 8 - 6 10 11 7 - 9 5
10 - 12 - - - - - 5 9 8 6 - - 9 9
1 1 2 2 3 4 5 5 5 5 5 6 6 7 8 8
1 1 2 2 3 4 9 5 10 10 10 6 6 7 11 12
13 13 14 15 15 15 9 16 16 16 16 16 17 7 11 12
13 14 14 15 15 18 18 19 19 19 16 17 17 7 12 12
14 14 14 20 20 18 18 18 18 19 17 17 21 21 21 12
22 23 23 20 20 24 24 25 25 26 26 17 27 27 27 12
22 28 23 29 24 24 30 30 31 31 32 33 33 27 27 34
35 28 29 29 24 24 30 30 36 36 32 37 37 37 27 34
35 35 29 29 38 38 39 39 36 36 32 37 37 37 40 40
41 35 35 35 42 42 43 39 39 44 44 44 45 45 45 46
41 47 47 48 48 49 43 50 39 44 44 44 45 45 46 46
41 41 47 47 49 49 51 50 50 50 52 52 52 52 53 46
54 41 47 47 55 51 51 51 56 50 57 52 58 52 53 53
54 41 59 59 55 60 61 61 56 56 57 57 58 58 62 62
54 59 59 59 55 60 60 61 61 61 57 57 63 63 64 65
66 66 67 67 67 60 60 68 68 61 69 69 70 70 64 65
