16 16
9 5 3 6 - 6 11 12 9 9 4 - 8 9 9 10
7 - 7 8 10 7 10 9 7 - 8 10 12 7 - 8
1 1 2 2 3 3 4 4 5 6 6 7 8 8 9 9
1 10 10 11 3 12 13 13 5 14 6 7 7 8 9 9
15 10 10 11 3 12 13 13 14 14 6 16 17 17 18 18
15 19 19 11 11 12 12 20 14 21 21 16 17 22 18 18
15 15 19 19 23 23 20 20 24 21 25 25 25 22 26 26
27 27 28 28 29 29 30 24 24 31 32 32 25 33 33 26
27 34 34 35 36 36 30 30 30 31 32 37 37 37 38 38
39 39 40 35 36 36 41 41 41 31 42 43 37 44 45 45
39 46 40 47 47 48 49 49 50 50 42 43 51 44 44 45
39 46 40 47 48 48 49 49 52 50 42 51 51 51 44 45
46 46 53 54 54 48 55 55 52 56 56 57 58 58 59 59
60 60 53 61 61 61 55 55 52 62 62 57 57 63 63 63
60 64 65 65 66 66 66 67 52 68 69 57 70 71 71 72
73 64 64 74 74 66 67 67 67 68 69 75 70 76 76 72
73 77 77 78 74 79 80 80 81 81 82 75 83 83 84 84
73 77 77 78 74 79 80 85 85 85 82 75 83 83 84 84
