16 16
8 6 - - 12 - 4 5 8 9 - 10 7 6 7 -
8 7 7 - 8 5 6 6 10 - 10 - 7 6 8 11
1 1 2 2 3 3 3 4 5 5 5 5 6 6 7 7
1 1 2 2 3 8 3 4 4 5 5 9 9 6 7 10
11 11 2 2 3 8 4 4 4 12 13 13 14 10 10 10
11 11 15 16 16 8 17 17 17 12 13 14 14 10 10 10
11 15 15 16 16 17 17 18 18 12 14 14 14 19 19 20
15 15 15 21 21 21 18 18 18 18 22 22 14 19 20 20
23 23 24 24 24 24 25 25 25 26 26 26 27 27 20 20
23 28 28 24 24 24 25 25 26 26 26 29 30 30 20 20
31 31 32 32 33 33 25 34 35 35 29 29 30 36 37 37
31 32 32 38 33 33 25 34 35 29 29 29 30 36 39 37
31 32 38 38 33 33 35 35 35 35 40 29 41 36 39 37
42 42 42 42 43 44 44 45 45 40 40 41 41 46 46 37
42 47 47 43 43 48 44 45 45 49 49 41 41 46 50 50
51 51 51 52 43 48 53 53 54 54 49 55 41 46 46 50
51 51 51 52 43 48 48 56 56 54 55 55 57 57 46 50
58 58 58 52 43 48 59 59 59 59 55 55 57 57 57 57
