16 16
9 9 8 8 8 - 8 12 10 7 7 - 7 8 8 -
7 6 7 - - 15 13 - 9 5 - 6 8 4 10 13
1 2 2 3 3 4 4 5 5 5 6 6 7 7 8 8
1 1 9 3 3 4 4 5 5 5 6 6 7 8 8 8
1 1 9 9 9 10 4 4 5 11 11 11 7 8 12 12
13 13 14 14 10 10 15 15 16 16 11 11 7 17 12 12
13 18 18 10 10 10 15 15 15 19 11 11 17 17 12 20
21 21 21 22 10 23 23 23 15 19 24 24 25 25 20 20
21 22 22 22 26 26 23 23 27 28 28 24 25 25 20 29
22 22 30 30 30 31 31 23 27 27 28 32 32 25 25 29
22 30 30 33 30 31 34 34 34 27 28 28 28 35 25 29
36 36 36 33 33 31 34 34 37 37 37 35 35 35 35 35
38 38 36 33 33 39 39 34 37 37 40 41 41 42 43 43
44 44 45 45 45 39 39 37 37 40 40 46 46 42 43 42
44 44 45 45 45 47 47 47 48 48 48 48 48 42 42 42
44 49 50 50 50 50 47 47 51 48 48 52 52 53 53 53
49 49 50 54 54 54 47 55 51 51 56 56 57 57 53 53
49 49 54 54 54 54 47 55 51 51 51 57 57 57 53 53
