15 15
11 9 8 9 6 4 - 6 4 8 8 6 8 - 6
9 - 7 - 5 13 11 - 5 - 9 5 9 9 5
1 1 2 2 2 3 3 4 4 5 6 7 7 8 9
1 1 10 10 2 11 12 12 13 5 6 14 8 8 9
15 16 17 17 18 11 12 13 13 19 19 14 14 8 9
15 16 16 20 18 11 12 13 21 19 19 22 22 22 9
15 23 16 20 18 11 24 24 21 21 25 25 26 26 27
23 23 23 28 29 29 24 24 30 21 31 32 32 27 27
33 33 28 28 34 29 35 35 30 30 31 32 32 36 36
33 33 37 28 34 34 38 35 35 39 39 39 39 36 36
40 40 37 41 42 42 38 43 44 44 44 45 45 46 46
47 40 48 41 49 49 43 43 50 50 50 51 52 52 53
47 47 48 54 55 56 56 57 58 59 59 51 52 52 53
47 60 60 54 55 56 56 57 58 61 62 62 63 64 64
65 66 66 66 67 67 68 68 69 61 62 63 63 70 70
65 66 71 71 72 72 73 73 69 69 69 63 74 75 75
65 76 76 76 72 72 73 73 77 77 78 78 74 79 79
