16 16
8 7 5 9 10 8 9 5 10 11 7 8 10 9 7 7
7 6 6 4 8 9 11 4 13 9 4 8 13 11 9 8
1 1 2 3 3 3 4 5 5 5 6 6 7 8 9 9
1 1 2 2 10 10 4 5 5 5 6 7 7 8 8 8
11 11 2 2 10 4 4 12 12 13 13 7 7 8 8 8
11 11 2 2 14 4 4 12 12 13 13 13 15 15 16 16
11 17 18 18 14 12 12 12 19 19 19 13 20 20 16 16
11 17 18 18 18 12 21 21 21 19 19 20 20 20 16 16
11 11 22 18 18 23 23 23 23 20 20 20 24 24 24 25
26 26 22 22 18 23 23 27 27 27 27 24 24 28 25 25
29 29 30 30 30 30 23 31 31 31 27 28 28 28 28 32
33 33 34 30 30 30 35 35 31 31 36 28 28 37 38 32
33 39 34 34 40 40 40 40 40 40 36 36 28 37 38 38
39 39 34 34 41 41 41 40 42 42 42 36 36 38 38 38
39 39 34 43 41 41 41 44 44 45 45 45 36 38 46 38
39 39 39 43 43 47 47 47 44 45 45 45 48 48 46 49
50 50 43 43 43 47 47 47 44 44 44 51 48 48 48 49
50 50 50 43 43 52 52 52 53 53 53 51 51 48 48 48
