15 15
5 8 7 7 - 6 - 10 - - - 6 12 8 12
12 12 7 6 8 - 9 - 7 9 5 5 5 8 -
1 2 2 3 3 3 3 4 5 5 5 5 6 6 6
1 1 2 3 3 3 4 4 5 5 7 7 6 6 6
8 1 9 9 10 10 11 11 5 7 7 12 13 13 6
8 8 8 9 10 11 11 14 14 14 12 12 15 16 16
17 18 19 19 20 11 11 21 21 14 12 12 15 16 22
17 18 18 19 20 20 23 23 24 24 12 15 15 22 22
25 18 18 26 26 26 23 23 24 24 24 15 15 22 22
25 18 27 27 26 26 26 28 28 28 28 29 29 29 22
25 25 30 27 27 31 28 28 32 32 33 29 29 29 22
34 30 30 30 30 31 35 35 32 33 33 36 37 38 38
34 34 39 30 30 40 35 35 41 41 36 36 37 38 38
34 34 39 39 39 40 35 41 41 41 36 42 42 43 43
44 39 39 39 40 40 45 41 41 46 47 42 42 42 43
44 44 48 40 40 48 45 46 46 46 47 47 49 49 49
44 44 48 48 48 48 45 46 46 47 47 47 49 49 49
