16 16
11 - 9 - 5 8 9 8 - 3 - 6 8 - 11 11
4 - - - 7 12 11 7 5 - 9 - 10 - 8 8
1 2 2 3 3 4 4 4 5 5 6 6 6 6 7 7
1 1 2 3 3 8 9 9 10 11 6 12 12 6 7 7
13 14 15 15 8 8 9 9 10 11 16 16 17 18 18 18
13 14 14 14 19 19 20 9 10 21 21 17 17 22 18 18
13 14 14 23 23 19 20 9 10 21 21 24 17 22 25 18
13 13 26 26 23 23 23 27 10 10 28 24 17 25 25 25
29 29 30 30 23 27 27 27 31 28 28 24 32 25 25 33
34 35 30 30 36 27 31 31 31 37 28 24 32 32 32 33
34 35 30 30 36 27 37 37 37 37 28 24 32 32 38 33
39 39 39 40 40 41 42 43 43 44 28 45 45 38 38 33
46 39 40 40 47 41 42 43 43 44 44 45 45 48 48 48
46 39 40 40 47 41 42 43 43 44 44 45 49 48 48 50
46 39 51 51 52 53 53 54 54 55 55 55 49 48 50 50
46 56 51 51 52 52 53 54 54 57 55 55 55 58 59 50
46 56 51 60 60 61 53 62 62 57 63 63 64 58 59 50
46 61 61 61 61 61 62 62 62 57 57 63 64 64 64 50
