20 20
18 6 18 15 13 16 2 4 10 4 19 9 20 16 11 17 19 15 13 9
3 4 7 20 12 13 11 18 12 9 3 19 16 17 20 10 14 11 19 2
10 9 14 2 17 17 18 20 16 13 5 1 5 1 8 3 18 14 16 12
17 16 15 6 7 10 2 4 20 20 5 14 15 2 19 6 16 8 1 14
2 14 2 9 3 4 7 1 7 3 17 4 10 13 11 15 8 1 16 11
12 6 18 10 13 15 16 17 2 19 17 16 18 6 10 12 5 9 13 8
9 8 19 11 10 18 4 5 6 4 10 13 19 12 18 2 20 2 3 3
4 10 8 1 20 14 16 17 15 17 8 19 11 11 6 7 4 5 12 14
19 14 3 13 11 8 18 11 5 3 14 15 20 16 4 20 12 18 19 1
17 16 3 8 3 19 14 8 11 2 4 20 6 6 18 2 1 15 17 9
2 12 6 1 19 5 14 16 13 13 7 7 17 11 19 1 3 12 14 6
1 4 12 10 4 18 11 14 10 20 7 17 18 3 7 1 6 19 6 13
11 19 10 18 16 9 9 15 18 8 11 2 6 5 4 6 7 19 20 4
11 18 7 19 14 1 5 9 5 14 18 3 7 8 13 3 4 12 6 19
10 2 4 5 11 9 6 8 3 16 19 12 12 1 8 18 10 11 9 16
13 17 17 18 14 6 10 14 7 16 8 15 12 15 20 10 9 1 20 19
6 8 17 3 4 11 10 10 14 17 18 5 7 9 6 12 5 4 8 7
12 13 19 13 18 17 9 6 11 12 1 10 8 2 15 14 11 2 14 3
3 11 4 16 17 14 8 10 12 10 14 7 15 4 15 19 17 6 18 8
20 19 14 17 10 12 7 19 8 2 13 4 10 7 2 17 18 8 11 6