65 150
57 0 64 0
0 2 1 0 1 0 2 1 2 2 1 0 2 1 0 2 2 2 2 2 2 2 2 0 3 0 2 2 2 2 1 2 2 0 2 3 0 2 2 3 0 2 1 1 0 2 2 2 2 2 2 2 2 2 2 2 2 3 0 1 0 2 2 1 0 2 2 2 1 0 2 2 3 0 1 0 2 2 1 0 2 2 2 1 2 2 2 2 1 0 1 0 2 2 1 0 2 2 2 2 2 2 1 0 2 2 2 2 2 0 1 0 2 0 2 2 1 0 1 0 1 0 2 2 2 3 0 0 2 2 1 2 2 2 0 2 2 2 1 0 2 2 2 1 0 2 1 0 2 1
2 1 1 1 1 2 1 2 2 2 2 3 0 2 3 0 2 2 2 2 2 2 0 3 0 3 0 2 2 1 2 2 1 2 2 0 3 0 2 2 2 1 2 3 1 0 1 0 2 2 2 2 2 1 0 2 1 0 3 2 3 0 1 1 1 2 2 1 1 1 0 0 2 3 1 1 0 1 1 1 0 2 1 2 2 2 2 2 3 1 1 2 2 1 1 2 1 0 1 0 2 2 3 2 3 0 2 2 2 3 1 2 1 1 0 1 2 3 2 3 1 0 2 1 2 1 1 2 2 3 2 1 0 1 2 1 0 1 1 1 0 2 1 2 3 0 3 1 0 3
0 3 2 3 2 1 2 2 2 2 2 1 2 1 0 3 0 2 2 2 2 1 3 0 2 2 3 0 2 3 0 1 2 1 0 3 0 3 2 0 1 2 2 1 2 1 2 3 0 2 2 2 1 2 3 0 3 1 0 1 0 3 2 3 2 2 1 1 1 2 3 2 2 3 1 1 1 2 3 1 2 1 2 2 1 0 1 0 1 1 1 0 2 3 2 1 1 1 1 2 1 0 2 2 2 3 0 1 0 1 1 0 3 1 1 2 2 2 2 2 3 2 1 2 2 3 1 0 2 2 2 3 1 2 1 2 3 1 2 3 2 1 2 1 0 3 0 3 2 1
2 2 1 0 1 1 0 2 2 2 1 2 1 3 1 0 2 2 2 2 1 2 1 2 2 2 1 2 1 0 3 2 1 2 2 1 2 2 2 1 2 2 1 2 1 2 3 0 3 0 2 3 2 0 1 2 0 3 1 1 2 0 2 2 2 2 3 2 3 0 2 2 2 2 3 1 1 0 1 0 1 1 0 2 3 1 1 1 1 1 1 0 1 0 2 3 1 1 2 2 3 2 1 1 0 2 3 2 3 2 3 2 1 1 2 2 2 2 1 1 0 2 3 0 2 2 3 1 0 1 0 1 1 1 2 2 1 2 1 0 2 3 0 3 2 2 3 0 2 3
0 1 2 3 1 1 1 0 2 1 1 0 3 0 3 2 2 1 0 1 2 1 1 0 2 1 2 1 2 3 0 1 1 0 2 3 0 2 1 2 1 0 3 1 2 2 2 3 2 2 1 0 2 3 2 1 1 0 3 2 1 2 1 0 1 0 0 2 2 3 0 2 2 2 2 1 2 3 1 1 2 3 2 2 2 3 2 3 2 3 1 1 1 2 2 2 3 1 0 2 2 1 1 1 2 1 0 2 2 2 2 1 1 3 0 1 0 1 2 3 1 0 2 3 0 2 2 3 1 2 3 1 1 2 2 2 3 0 3 2 2 1 2 1 0 1 0 3 0 1
1 2 1 0 3 1 1 1 0 3 2 3 0 3 0 1 0 3 3 1 0 3 1 1 0 3 0 3 0 2 3 2 3 2 2 2 3 0 3 0 3 1 0 3 0 2 2 2 1 1 0 3 0 1 1 1 2 3 0 1 2 1 1 1 2 3 1 2 2 2 3 0 1 0 1 1 0 1 1 1 0 2 2 2 2 1 0 2 2 1 2 3 2 2 2 2 1 1 1 0 2 3 1 1 1 0 3 0 1 0 1 1 2 1 1 2 3 2 2 2 3 1 0 1 2 2 2 2 3 0 1 1 1 0 2 2 1 2 1 0 2 3 0 3 1 1 2 1 1 1
2 1 1 2 1 2 3 1 2 2 2 1 1 0 3 1 1 0 1 1 2 1 2 3 2 1 2 1 1 0 0 1 0 1 0 2 1 2 2 3 0 2 3 0 3 0 2 2 3 2 3 0 3 0 1 2 2 2 3 1 0 3 1 2 2 1 1 0 1 0 1 3 1 1 1 1 3 1 2 3 1 0 1 0 1 1 2 1 0 3 0 2 1 0 2 2 3 1 1 2 0 1 2 3 1 2 1 1 2 3 1 0 1 1 2 2 2 1 0 2 2 1 1 2 2 2 2 2 2 3 1 1 1 1 0 1 2 2 3 2 1 0 3 0 3 2 1 2 3 1
0 3 1 0 3 0 1 1 0 1 0 3 1 1 0 3 2 3 1 2 1 2 1 0 2 3 0 3 2 3 1 1 1 1 2 1 2 2 1 2 3 0 1 2 1 2 1 2 1 0 2 2 1 1 2 1 0 1 0 3 2 1 2 2 1 1 2 3 1 1 2 3 1 1 1 2 1 1 0 2 3 1 2 3 1 1 2 3 2 1 1 0 3 1 0 2 2 3 1 0 3 2 2 2 3 0 3 1 0 2 3 1 1 2 2 1 0 3 2 2 1 1 1 0 2 1 0 2 0 1 1 1 1 1 1 2 1 0 2 2 3 2 1 1 0 1 2 2 1 1
2 1 1 2 2 3 1 2 3 1 2 2 3 1 2 2 1 0 3 0 3 0 3 2 1 0 3 0 2 2 3 3 1 1 0 3 0 1 2 2 2 3 2 2 3 1 2 2 2 3 0 1 1 2 1 0 3 2 1 2 1 2 2 1 1 2 2 1 1 1 0 1 1 1 3 0 3 2 3 0 1 1 0 1 2 1 0 2 1 2 3 2 1 1 1 2 2 1 1 2 1 1 0 2 1 2 1 1 1 0 3 1 0 1 0 3 0 1 0 2 3 1 2 3 0 3 3 0 3 1 1 1 1 2 3 0 3 2 2 2 2 1 1 2 3 2 1 0 3 1
0 3 2 2 1 0 3 0 2 3 0 2 1 2 2 1 2 3 0 3 0 3 0 1 2 3 2 0 2 2 3 0 3 0 3 2 3 2 0 2 2 2 2 2 2 2 2 3 2 2 3 2 3 0 3 2 0 3 2 1 1 0 2 3 2 1 2 1 2 3 1 1 2 2 1 2 2 1 0 3 1 1 1 2 1 1 2 1 1 0 2 2 3 1 2 2 2 3 2 1 1 1 2 1 2 2 3 1 1 1 2 3 1 1 2 2 3 1 1 0 1 1 0 2 3 0 1 3 0 3 1 1 1 0 2 3 0 1 0 2 2 3 1 0 2 2 3 1 0 3
2 2 1 0 3 2 1 1 0 1 2 1 1 1 0 3 2 2 2 2 2 3 1 1 2 2 2 3 0 2 2 3 1 0 2 2 2 2 3 0 2 1 0 2 1 0 1 0 2 2 1 0 1 2 2 1 2 2 1 2 3 0 2 2 1 2 1 2 0 2 3 2 2 2 2 2 2 3 2 1 1 1 1 0 3 2 1 1 1 2 2 2 1 2 1 0 2 2 2 3 1 2 1 2 2 2 2 1 1 2 2 2 3 3 0 2 1 1 1 1 2 3 2 2 1 1 2 2 3 0 3 1 1 2 2 2 3 2 3 0 2 0 3 2 2 2 1 3 2 1
0 2 3 1 0 2 3 2 3 2 2 3 2 1 2 2 2 1 0 1 0 2 3 2 2 1 0 2 3 0 2 1 2 3 0 2 1 0 2 3 0 3 2 1 1 1 2 3 0 1 2 3 2 2 1 2 1 0 3 0 1 1 0 1 2 1 2 1 1 0 2 2 2 2 2 1 2 2 1 1 1 1 1 1 0 1 2 3 1 0 2 2 3 0 3 2 1 0 0 2 3 0 1 0 1 0 1 1 0 2 2 1 2 1 1 0 3 2 3 2 2 2 2 1 1 2 2 2 1 2 2 3 2 2 2 1 2 2 2 3 0 2 2 1 0 1 2 2 2 1
1 0 1 1 1 0 2 3 0 1 0 2 2 3 0 2 2 3 1 2 3 0 1 0 1 2 3 0 0 3 2 3 0 1 2 1 1 2 2 1 2 2 2 1 2 3 2 0 3 2 1 0 1 0 3 0 3 1 0 3 1 1 1 2 1 2 1 1 1 2 0 2 2 2 1 2 2 1 1 1 1 1 1 0 3 2 2 2 3 1 0 2 1 2 2 2 3 1 2 1 0 1 2 3 2 3 1 1 2 0 1 2 2 3 1 1 0 1 0 1 0 1 0 3 1 0 2 2 3 0 0 2 2 1 0 3 0 1 0 2 3 2 1 1 1 1 0 2 1 1
1 1 1 2 3 1 0 2 3 2 3 0 2 1 2 2 2 1 2 2 2 3 2 3 2 1 2 1 1 0 2 2 3 2 2 3 2 2 2 3 0 1 1 2 0 3 0 3 0 1 1 1 2 3 0 3 0 3 2 1 2 3 2 1 2 2 3 2 3 0 3 2 2 1 2 1 0 3 1 1 1 1 1 1 0 2 2 2 1 1 1 1 2 2 0 2 2 3 2 3 1 2 1 0 2 1 1 3 0 3 1 0 2 2 3 2 3 2 3 1 1 1 2 1 1 2 1 0 1 1 2 2 3 3 0 2 3 2 3 0 2 1 2 3 1 1 2 1 2 3
2 3 1 0 1 2 2 2 1 0 1 2 1 1 0 2 0 3 2 2 2 2 2 2 2 2 1 1 1 2 2 2 1 0 0 3 0 2 2 1 1 1 1 0 3 0 3 0 3 2 3 1 2 1 1 1 1 0 2 3 0 2 1 2 2 2 0 1 0 3 2 0 1 2 1 1 1 0 3 1 1 3 1 1 1 0 1 0 3 1 1 1 0 2 3 1 0 1 0 1 2 1 2 3 0 3 2 1 1 0 3 2 1 0 2 2 0 2 2 3 1 2 3 1 1 0 3 1 1 2 2 2 1 0 3 0 2 2 2 3 0 3 0 1 1 2 2 3 0 1
0 2 3 1 1 0 3 0 3 1 1 0 1 2 3 2 2 3 0 2 2 2 2 2 2 1 1 1 2 1 1 0 3 1 2 3 1 0 1 1 1 2 3 3 0 3 0 3 0 2 2 2 1 1 1 2 3 2 2 2 3 0 3 2 2 2 3 1 1 0 0 3 2 1 1 1 1 1 0 3 1 0 3 1 1 1 1 2 2 3 1 2 3 0 1 1 1 1 1 1 0 3 0 1 2 2 1 2 3 1 0 2 3 0 2 1 3 0 2 1 2 1 0 3 2 3 0 3 2 2 2 1 2 3 0 3 0 2 2 2 3 0 3 1 2 1 0 1 1 1
1 0 1 1 1 2 0 3 0 1 2 3 2 2 3 0 2 2 3 0 2 2 0 2 2 3 1 2 1 1 1 2 1 2 2 0 3 1 1 2 3 0 2 1 2 1 2 2 3 1 0 1 2 3 1 0 2 0 2 2 2 3 2 0 2 2 1 1 1 1 2 1 0 3 1 1 0 3 1 1 2 3 1 1 0 3 2 1 0 1 2 1 0 3 2 3 1 1 1 1 1 0 3 0 2 2 3 0 1 2 3 0 1 1 1 2 2 3 1 2 1 0 3 0 2 1 2 3 0 2 1 2 1 0 1 0 3 1 0 1 0 3 2 3 1 0 3 2 3 1
2 3 2 3 2 1 0 0 3 2 2 3 0 2 2 3 0 2 2 3 2 2 2 2 3 0 3 0 3 2 3 0 3 0 1 2 2 3 1 0 0 3 0 3 0 3 0 2 1 1 1 0 0 1 1 2 1 1 0 2 1 1 0 3 0 2 3 2 3 1 0 3 2 1 1 1 1 0 3 2 0 0 3 1 3 0 1 1 1 2 2 3 1 0 1 0 1 2 3 1 1 1 0 3 0 2 2 3 2 2 2 3 3 2 2 2 2 1 0 1 1 1 0 3 2 2 1 0 2 3 2 1 1 1 1 1 0 2 3 1 0 2 2 1 2 3 0 2 2 3
0 0 2 1 0 3 1 2 2 2 2 2 3 0 2 2 3 0 2 1 0 2 2 1 0 3 0 3 0 2 1 2 1 1 2 2 2 1 2 3 1 2 2 1 1 0 1 1 1 1 1 1 1 1 1 0 3 2 3 0 2 3 2 1 2 2 2 2 1 3 2 2 1 0 1 1 3 2 2 2 3 2 1 2 2 3 1 2 3 0 2 1 2 3 2 3 1 2 1 1 1 1 2 2 3 0 1 1 0 0 2 2 2 1 2 2 1 2 3 1 2 1 2 1 0 1 2 3 1 0 2 3 1 1 1 0 1 2 1 2 3 0 1 2 2 1 1 0 2 1
1 2 1 3 1 1 1 1 0 2 2 2 2 3 0 2 2 3 0 1 2 2 1 1 1 0 3 0 3 0 3 0 3 2 0 2 1 2 2 3 2 1 0 3 1 1 1 1 1 1 1 1 1 3 1 2 2 1 0 3 2 0 2 3 0 2 2 1 2 2 2 2 3 1 1 1 0 0 1 0 2 1 2 1 0 2 3 0 2 3 0 3 0 1 0 1 2 1 1 1 1 2 1 0 3 3 1 2 3 2 2 3 0 3 0 1 2 2 1 2 1 2 1 2 3 2 2 1 1 2 2 1 1 1 1 1 2 1 2 1 0 3 2 0 2 3 2 3 0 3
2 1 1 0 3 1 1 1 2 1 2 2 2 2 3 0 2 2 3 2 1 0 3 2 3 2 1 1 0 3 0 2 1 1 2 1 2 2 2 1 0 3 2 2 3 1 1 1 1 1 1 1 3 0 1 0 2 3 1 0 1 2 2 2 3 0 2 1 0 2 2 2 1 1 1 1 1 1 2 3 0 3 0 3 2 1 2 3 0 2 1 0 3 2 3 2 2 1 2 3 2 1 3 2 2 1 0 2 2 2 1 0 2 3 1 2 2 1 2 1 2 1 2 2 2 2 2 3 0 2 2 3 1 1 1 2 1 2 1 1 2 3 0 3 0 1 0 1 2 1
0 3 1 2 2 3 1 2 1 2 2 2 2 2 2 3 0 2 2 2 3 2 2 1 0 1 2 3 2 2 3 0 3 1 0 3 0 2 1 1 2 1 0 2 1 1 1 1 2 3 1 1 0 3 1 1 0 1 2 3 2 0 1 0 1 2 1 1 1 0 2 1 1 1 1 1 1 1 0 1 1 0 3 0 2 3 0 1 1 0 3 2 1 0 2 2 1 2 1 0 1 3 0 2 1 2 2 2 2 1 2 3 0 1 2 2 1 2 1 2 1 2 2 1 0 1 0 1 2 2 2 1 1 1 2 1 2 1 1 2 1 0 3 0 3 1 1 2 1 1
1 2 3 0 2 1 1 0 3 0 1 0 2 1 0 2 3 0 2 2 2 3 0 3 1 2 2 1 0 2 1 2 1 1 2 1 2 1 1 2 2 3 1 0 3 1 2 2 2 1 1 1 1 2 3 3 1 2 1 0 2 3 3 1 2 1 1 3 2 3 0 3 2 3 3 1 1 1 1 1 2 3 0 2 2 3 1 2 3 1 0 2 3 2 1 0 3 0 3 3 1 0 3 0 3 0 1 0 2 1 0 1 1 2 1 1 2 1 2 1 2 2 1 2 3 2 3 2 2 2 1 1 1 2 1 2 1 1 2 1 2 3 0 3 2 2 3 0 3 1
1 0 2 2 1 1 1 2 1 1 1 0 1 2 3 2 1 0 2 2 2 1 1 0 3 2 2 3 3 0 3 0 3 2 1 2 2 3 2 1 0 1 1 1 0 3 2 1 0 3 1 1 2 2 2 1 1 0 3 2 2 2 1 2 1 1 1 0 1 0 3 0 1 1 0 3 3 2 3 1 0 2 3 1 0 2 3 0 1 1 2 2 1 0 3 2 2 3 0 1 1 0 1 2 2 3 1 2 1 2 3 2 3 0 3 0 1 0 1 2 2 1 2 2 0 1 0 2 1 0 3 1 2 1 2 1 1 1 0 2 1 0 3 0 0 2 3 2 1 1
1 2 1 0 3 1 1 0 3 1 1 1 2 2 1 0 2 3 0 2 2 3 1 1 1 0 2 2 1 2 1 2 1 0 3 0 1 0 1 1 1 2 3 1 1 0 1 1 2 1 1 1 0 2 1 0 3 2 0 3 0 1 2 1 1 1 2 3 1 2 1 1 1 0 3 1 0 2 1 1 1 0 2 3 2 2 2 3 1 2 2 2 3 1 0 1 0 1 1 1 1 1 2 2 2 1 2 2 3 0 0 1 0 3 0 3 2 3 2 2 1 2 2 2 3 2 3 0 3 1 0 3 2 2 2 1 1 1 1 1 1 1 0 3 1 0 1 0 3 1
2 1 3 2 1 1 1 2 0 3 1 1 0 1 2 3 0 2 3 0 2 1 1 1 1 0 2 3 1 0 3 0 3 2 2 3 2 3 2 2 3 0 1 1 1 3 2 1 1 1 1 1 1 1 1 1 0 1 2 1 1 2 1 2 3 2 2 1 2 1 1 1 2 3 1 1 2 1 1 1 1 2 1 0 2 2 1 0 3 0 2 1 2 1 1 1 1 1 1 1 1 2 1 0 1 1 2 0 2 3 3 2 3 2 1 1 0 2 2 3 2 1 0 2 1 0 1 2 2 3 1 1 0 2 1 3 1 1 2 3 1 1 1 1 2 3 1 2 2 1
0 3 0 2 3 1 0 1 1 0 3 2 3 0 1 0 3 0 1 2 1 1 1 0 3 2 1 0 3 2 1 2 2 2 1 0 2 2 1 1 0 3 1 1 2 0 1 1 1 1 1 1 1 0 3 1 1 2 1 3 2 1 1 0 1 0 1 2 1 1 2 3 0 2 3 1 0 3 1 1 1 0 3 1 0 1 1 1 2 2 1 2 1 1 1 2 3 1 1 1 2 2 3 1 1 1 0 3 0 2 2 1 0 1 1 1 1 0 0 2 1 1 2 1 2 3 2 1 0 1 1 1 1 1 2 1 1 1 0 1 3 2 3 1 0 3 2 2 1 1
2 2 2 2 1 2 3 1 1 2 2 1 0 3 1 1 0 3 2 1 1 2 2 1 0 1 1 1 0 1 1 0 2 1 0 3 0 1 2 3 2 1 1 2 0 1 1 1 2 3 1 1 1 1 2 3 1 1 2 0 1 1 1 1 2 3 1 0 3 2 1 0 3 0 2 3 2 1 1 1 1 2 1 1 1 1 1 1 0 1 1 0 3 2 3 0 1 2 3 1 0 1 0 3 2 3 2 2 3 0 1 2 3 1 2 3 1 1 0 3 1 2 1 1 0 2 2 3 1 2 3 1 2 2 1 2 1 1 1 2 1 0 2 3 1 0 1 0 3 1
0 2 2 2 3 0 1 1 2 2 1 2 3 0 3 1 1 0 1 2 3 0 1 1 1 1 1 1 1 1 1 2 1 2 3 0 3 3 0 1 0 3 2 2 3 3 1 2 2 1 1 2 3 0 2 1 1 2 1 1 2 3 2 3 1 0 3 1 0 2 3 2 1 2 1 0 2 3 1 1 0 1 1 1 1 1 1 2 3 1 1 2 2 1 0 3 1 0 1 1 1 1 2 2 1 0 2 2 2 3 1 0 2 2 1 0 3 3 2 3 2 1 2 3 2 2 2 1 2 1 0 2 1 0 3 2 3 2 3 0 3 2 0 2 3 1 1 2 1 1
2 2 2 2 1 1 1 1 0 0 3 0 1 2 3 1 2 3 1 0 1 1 1 1 1 2 3 1 1 1 1 0 3 0 2 1 0 1 1 2 3 0 1 0 2 1 1 0 1 1 1 0 1 2 1 1 2 1 2 2 2 2 0 2 3 2 1 1 2 2 2 1 1 0 3 2 2 1 2 3 1 1 1 2 3 1 2 2 2 3 1 0 2 3 2 1 2 3 2 1 1 3 0 2 3 2 1 0 2 2 3 2 2 1 0 3 0 2 2 1 2 1 0 0 1 0 1 2 1 1 1 0 3 2 1 0 0 2 3 2 0 1 2 1 0 3 2 1 1 1
0 2 2 2 3 1 1 3 1 2 2 3 2 3 0 1 0 1 2 3 2 3 1 3 2 1 0 3 1 0 3 2 1 2 1 1 1 2 3 0 2 3 2 3 0 3 2 3 2 3 1 1 2 1 1 2 1 1 0 1 2 2 3 0 2 2 3 1 0 2 2 3 0 3 0 2 2 3 0 1 1 1 2 1 0 3 0 1 0 1 1 1 0 1 0 3 0 2 1 1 2 2 2 2 1 0 3 2 2 1 0 1 0 3 1 0 3 0 1 2 1 2 3 1 2 3 2 2 3 1 1 3 0 0 3 1 2 2 2 1 3 1 0 3 2 2 1 2 3 1
1 0 2 1 0 3 2 1 1 0 0 1 0 2 3 2 3 1 0 1 0 1 1 0 1 1 2 1 1 2 1 0 3 0 3 2 3 0 1 2 2 2 1 0 3 0 1 0 1 0 3 1 1 1 2 1 3 1 1 2 1 0 2 3 2 2 0 3 2 2 2 1 1 0 2 2 2 1 1 1 1 2 2 3 2 1 1 2 3 1 1 1 1 2 3 0 3 0 3 0 2 2 1 0 3 2 1 0 1 1 1 2 3 0 3 1 0 3 2 1 1 0 3 2 1 0 2 2 1 0 1 0 3 2 1 2 2 2 1 2 2 2 1 0 2 1 2 1 0 3
2 3 0 2 3 0 1 1 2 3 1 1 1 2 1 0 2 3 1 2 3 1 2 3 2 3 0 3 1 0 3 2 1 1 0 2 2 3 1 0 2 1 1 2 1 1 2 3 1 2 1 1 2 2 1 2 2 3 2 1 1 1 0 3 0 1 2 2 2 2 1 1 2 3 0 2 2 3 1 1 2 1 0 1 1 2 3 0 2 3 1 1 2 2 2 3 0 3 2 3 2 2 3 2 2 2 3 1 2 3 1 2 2 3 0 3 1 2 1 2 3 2 1 0 3 1 0 2 3 1 1 1 0 1 2 1 0 1 2 1 0 2 3 2 1 1 0 3 1 1
0 2 3 2 2 3 2 3 0 2 3 3 2 2 3 2 2 2 3 0 1 1 0 1 0 1 2 2 3 2 2 2 3 2 3 0 2 1 1 2 1 1 1 0 3 1 0 2 3 0 3 2 1 1 2 2 2 1 0 3 1 1 1 0 3 2 2 2 2 1 1 2 2 1 2 2 1 0 3 2 1 1 1 1 1 0 1 2 2 2 3 1 0 1 0 1 2 1 0 1 0 2 1 0 1 0 1 1 0 2 3 0 2 1 2 1 2 1 0 0 2 2 3 1 0 3 2 2 2 3 3 1 1 2 2 2 3 2 3 1 0 3 0 2 3 2 3 0 3 1
1 0 2 2 2 2 1 1 1 0 2 2 3 0 1 0 1 0 1 1 1 2 3 1 1 2 2 2 2 2 2 2 2 2 1 2 1 1 1 0 3 1 1 1 0 3 2 1 0 3 0 2 3 2 0 1 0 3 2 1 1 2 1 2 2 2 2 2 1 1 2 2 1 1 0 1 2 3 0 1 1 1 1 1 1 1 2 1 0 2 1 2 3 2 3 2 1 1 1 1 1 0 3 1 1 1 1 1 1 0 1 2 1 2 1 1 0 3 1 0 2 2 2 3 2 2 2 2 1 0 2 3 2 1 0 1 0 3 0 3 2 1 2 2 2 1 0 3 0 1
2 3 0 1 0 0 3 1 1 0 3 0 1 1 2 3 2 3 1 1 2 2 1 1 1 0 2 1 0 2 1 0 2 1 2 2 3 1 1 1 0 3 1 1 1 0 2 3 1 0 3 0 1 0 3 1 2 2 2 3 0 2 3 0 2 2 2 2 3 2 2 2 3 2 3 0 2 2 3 2 3 2 3 1 1 2 1 1 1 1 2 2 2 2 2 2 3 2 3 2 3 2 2 3 2 3 2 3 2 3 2 1 2 1 2 3 1 1 1 2 1 0 2 2 1 0 2 1 1 2 2 2 1 2 3 2 3 0 3 0 1 3 0 2 2 3 1 0 3 1
0 1 1 2 3 2 2 3 1 1 0 3 1 2 1 0 2 1 1 2 1 0 3 2 3 2 1 1 1 0 3 2 1 1 0 2 2 1 2 3 2 2 3 2 3 2 2 2 1 2 2 3 1 2 1 1 0 1 2 2 2 2 3 2 2 2 2 2 1 2 2 2 2 2 2 2 2 2 2 3 0 2 2 3 2 1 1 2 3 2 2 2 2 0 2 2 2 2 2 2 2 2 2 2 2 2 2 2 2 2 3 2 2 2 2 3 1 1 1 0 3 2 2 1 1 1 0 3 2 2 2 2 3 0 1 0 1 2 2 3 2 2 3 0 2 1 1 1 0 3
1 1 1 0 1 0 2 1 1 1 2 1 2 1 2 3 0 3 2 1 1 1 0 1 0 2 3 2 3 2 2 2 3 2 3 0 2 2 2 2 2 2 2 2 3 2 2 2 2 2 2 3 1 2 3 1 1 1 0 1 0 1 0 1 0 1 0 2 3 0 2 2 2 2 1 0 2 1 0 1 1 0 2 1 0 3 1 0 1 0 2 2 2 2 1 0 1 0 1 0 1 0 1 0 1 0 1 0 1 0 1 0 1 0 1 0 3 1 1 2 2 2 2 3 2 3 2 2 2 2 2 2 2 3 2 3 1 0 1 0 1 0 2 3 0 3 1 1 2 1
1 1 1 1 3 2 3 2 3 1 0 3 0 3 0 1 2 2 1 2 3 2 3 2 3 1 0 2 2 2 2 2 2 2 1 3 0 2 2 2 2 2 2 2 2 2 2 2 2 2 2 1 2 0 1 1 1 2 3 2 3 2 3 2 3 2 3 0 1 2 2 2 1 0 3 2 1 1 1 1 1 1 0 3 2 1 2 3 2 3 0 1 0 1 2 3 2 3 2 3 1 1 2 3 2 3 2 3 2 3 2 3 2 3 2 2 1 1 1 0 1 2 2 2 0 2 2 2 2 2 2 2 2 2 2 3 2 3 2 3 2 3 0 2 3 0 3 1 0 3
1 1 1 0 2 2 2 2 2 3 2 1 1 0 3 2 2 2 2 0 2 2 2 2 3 2 3 0 2 2 1 0 2 2 2 2 3 0 1 0 1 0 1 0 1 0 1 0 1 0 1 2 2 3 1 1 1 0 2 2 2 2 2 2 2 2 2 3 2 2 2 2 3 2 0 2 3 2 3 1 1 1 1 0 2 3 0 2 2 2 3 2 3 2 2 2 2 2 2 2 3 2 2 2 2 2 2 2 2 2 2 2 2 2 2 1 2 3 1 1 1 0 2 1 0 2 1 0 2 2 1 0 2 2 2 1 2 2 2 0 3 0 2 2 3 1 0 3 2 1
1 1 1 1 0 2 2 2 1 1 0 3 2 3 0 2 2 2 2 3 0 2 2 2 2 2 2 3 0 2 3 2 2 2 2 2 2 3 2 3 2 1 2 3 2 3 2 3 2 3 2 2 2 1 1 1 2 3 2 2 2 2 2 2 2 2 2 2 2 2 2 2 2 2 2 2 2 2 3 1 2 3 1 2 2 1 0 2 2 2 2 2 2 2 2 2 2 2 2 2 2 2 2 2 2 2 2 2 2 2 2 2 2 3 0 3 0 3 1 1 1 1 0 3 2 1 1 1 0 2 3 1 0 2 2 3 0 2 2 1 0 3 0 2 1 1 2 2 1 1
1 1 1 1 1 0 1 1 1 1 1 2 2 2 3 0 2 2 2 2 3 0 2 2 2 0 2 2 3 0 2 2 2 2 2 1 0 3 0 2 2 2 2 2 2 2 2 2 2 2 2 2 3 1 1 1 0 2 2 1 0 2 2 2 2 2 2 2 2 2 2 2 1 0 2 2 2 2 1 1 0 2 3 0 2 3 2 2 2 1 0 1 0 1 0 1 0 1 0 2 2 1 0 2 2 2 2 2 2 1 0 1 0 1 2 1 2 1 1 1 2 3 2 2 2 3 2 3 2 2 2 3 2 2 2 1 2 2 1 1 2 2 3 0 3 1 0 2 3 1
1 1 1 1 1 1 3 1 1 1 2 2 2 2 2 3 0 2 2 2 2 3 0 2 2 3 0 2 3 2 1 2 2 2 2 3 2 2 3 0 2 2 2 2 2 2 2 2 2 1 0 2 1 1 1 1 1 0 2 3 2 2 2 2 2 1 0 2 2 2 2 2 3 2 2 1 0 2 3 1 1 0 1 2 2 1 0 2 1 1 1 2 3 2 3 2 3 2 3 0 1 2 3 0 1 0 1 0 1 2 3 2 3 2 2 2 1 2 3 1 2 2 2 2 2 2 2 2 2 0 2 2 2 2 1 2 2 2 3 2 2 2 2 3 1 1 1 2 1 1
1 0 3 1 2 2 2 3 2 2 1 0 2 2 0 2 3 0 1 2 2 2 3 0 2 2 2 2 2 2 3 0 2 2 2 2 2 1 0 3 0 2 2 2 2 2 2 2 1 2 3 0 3 1 1 1 1 2 2 2 2 2 2 2 2 3 2 2 2 2 2 2 0 2 2 3 2 2 2 3 2 3 2 1 0 3 2 1 2 3 2 0 2 2 2 2 2 2 2 3 2 2 2 3 2 3 2 3 2 2 2 2 2 2 2 1 1 0 1 1 0 1 0 2 2 2 2 2 2 2 2 2 2 1 2 2 2 2 2 2 2 2 2 2 3 1 2 0 3 1
1 2 1 1 0 2 2 1 0 1 1 1 2 1 2 2 2 1 2 2 2 2 2 3 0 2 2 2 2 2 2 0 1 1 0 2 1 1 2 2 3 0 2 2 0 2 2 3 0 2 1 2 2 3 1 1 1 2 2 2 2 2 2 2 2 2 2 2 2 2 2 2 2 2 2 2 2 2 2 2 2 2 3 1 2 2 1 1 2 2 2 2 2 2 2 2 2 2 2 2 2 2 2 2 2 2 2 2 2 2 2 2 2 2 3 1 1 1 1 2 3 2 3 0 1 0 1 0 1 0 1 0 1 2 1 0 1 0 2 2 2 2 1 0 1 2 1 2 1 1
2 1 1 2 3 0 1 2 3 1 1 2 1 2 2 2 2 3 0 2 2 2 2 2 3 0 1 0 2 2 1 1 2 3 1 2 3 0 0 2 3 0 2 1 1 0 2 1 2 3 2 1 0 1 1 1 1 0 2 2 2 2 2 2 2 2 2 2 2 2 2 2 2 2 2 2 1 0 1 0 2 2 1 2 0 1 1 2 1 0 1 0 2 2 1 0 1 0 1 0 1 0 2 2 2 2 2 2 2 2 1 0 2 2 1 1 1 1 1 0 2 2 2 3 2 3 2 3 2 3 2 3 2 1 2 3 2 3 0 1 0 1 2 3 1 0 3 0 3 1
2 3 2 1 0 3 2 2 2 3 1 0 3 0 2 2 2 2 3 0 1 0 2 2 2 3 2 3 0 1 1 2 2 3 2 1 0 1 3 0 0 3 1 1 1 1 1 2 2 0 3 1 1 1 2 3 2 3 0 1 0 1 0 1 0 1 0 1 0 1 0 1 0 1 0 1 2 3 2 3 0 1 1 0 3 2 3 0 3 1 2 3 0 1 2 3 2 3 2 3 2 3 0 1 0 1 0 1 0 1 2 3 0 1 2 3 1 1 1 1 2 2 2 2 2 2 2 2 2 1 2 2 1 2 2 2 2 2 3 2 3 2 2 2 3 2 1 2 1 1
0 2 2 3 2 0 2 1 0 2 3 1 0 3 0 2 2 0 2 3 2 1 0 1 0 1 0 1 1 1 0 2 2 1 0 3 1 1 0 3 2 1 1 1 1 1 1 0 2 2 1 2 3 2 1 0 1 0 3 2 3 2 3 2 3 2 3 2 3 1 1 2 3 2 3 2 2 2 0 2 3 2 3 2 1 0 1 2 1 2 2 2 3 2 2 2 2 2 2 2 2 1 1 2 3 2 3 0 3 2 2 2 3 2 2 1 2 3 1 2 1 0 1 0 1 0 1 0 1 2 0 2 2 2 2 2 2 2 2 2 2 2 2 2 2 3 1 0 3 1
1 0 3 0 1 1 0 3 1 0 2 3 1 2 3 2 2 3 0 3 0 3 1 2 3 2 3 2 3 1 2 3 0 3 1 0 1 3 1 0 1 1 1 1 1 1 1 2 2 1 1 2 0 2 3 1 1 1 2 1 0 1 0 2 2 2 2 1 1 1 1 0 1 0 2 2 2 2 2 2 2 2 2 1 1 1 2 1 1 0 2 2 2 2 2 2 2 2 1 0 1 1 1 0 1 0 1 1 0 2 2 0 2 2 1 2 1 0 3 1 2 3 2 3 2 3 2 3 2 2 2 2 2 2 1 0 2 2 1 0 2 2 2 2 2 2 3 2 1 1
2 3 0 3 2 3 1 0 3 2 2 1 1 0 2 2 2 1 2 1 1 0 3 0 2 2 2 2 2 2 2 1 2 1 1 1 1 0 3 1 1 1 1 1 1 1 2 1 0 3 2 1 1 0 2 3 1 2 1 2 3 2 3 0 2 2 1 2 1 1 1 1 2 1 0 2 2 2 2 2 2 2 3 1 1 1 1 1 1 2 2 2 2 2 2 2 2 1 2 3 1 1 1 1 2 1 2 3 1 0 2 3 0 1 2 1 1 2 2 3 0 2 2 2 2 2 2 2 0 2 2 1 0 1 1 2 2 1 1 2 1 0 2 2 2 2 2 1 1 1
0 2 3 0 0 1 0 3 0 2 1 2 1 2 2 2 1 2 1 2 1 1 0 3 0 2 2 2 2 2 1 2 1 2 1 1 3 1 0 3 2 3 1 1 1 1 0 3 2 2 1 2 3 1 0 1 2 1 1 0 2 2 2 2 2 1 2 1 1 1 1 3 0 3 0 3 0 2 2 2 2 2 1 3 1 1 1 1 2 2 2 2 2 2 2 2 1 3 0 1 1 1 1 2 1 2 2 2 3 2 2 2 3 2 1 3 2 1 0 1 1 0 2 2 2 2 2 2 3 0 1 2 3 1 1 0 2 1 2 2 3 2 2 2 2 2 1 1 1 1
2 2 1 1 1 1 3 0 3 0 3 2 2 2 2 3 2 1 2 1 2 3 2 0 3 2 2 0 2 3 0 1 2 1 3 2 2 3 2 2 2 2 3 1 1 1 2 2 2 2 3 0 1 1 1 2 1 1 2 3 2 2 0 2 3 0 1 2 1 1 1 0 3 0 3 0 2 2 2 2 2 3 2 2 3 0 1 2 2 1 0 2 2 2 0 3 2 1 3 1 1 1 1 0 3 0 3 0 2 2 2 2 2 1 2 1 0 3 1 1 1 2 2 2 2 2 2 2 0 3 2 2 1 2 3 1 0 3 0 0 2 2 2 2 3 0 3 1 1 1
0 2 3 1 1 3 0 3 0 1 1 0 2 2 2 1 1 2 1 2 2 2 1 1 1 0 2 2 2 1 3 0 1 2 2 2 2 2 2 2 2 2 1 1 1 1 0 2 2 2 2 3 0 3 3 0 3 0 1 1 0 2 2 2 1 3 2 1 3 1 1 1 0 3 0 3 0 0 2 0 2 1 0 1 0 3 0 3 0 3 1 0 2 2 2 1 2 2 1 2 0 1 1 1 0 3 0 1 2 2 2 0 3 2 1 3 2 2 3 2 3 0 2 2 2 2 2 1 2 1 2 1 2 1 0 3 0 2 3 3 0 2 0 2 2 3 0 2 1 3
1 0 0 3 3 0 3 0 3 2 3 0 1 2 1 2 1 1 2 1 1 0 3 2 3 2 1 0 1 2 1 3 2 1 0 1 0 2 0 2 2 3 1 1 1 1 1 2 2 2 2 2 1 0 1 1 0 3 2 3 0 1 0 1 2 1 2 2 1 2 3 2 3 0 3 2 3 2 1 2 1 2 1 3 2 1 1 0 3 2 3 2 1 2 1 2 0 3 0 1 1 1 1 0 3 0 3 1 0 2 2 2 0 3 2 1 2 1 0 3 0 3 0 2 2 2 3 2 1 3 0 3 0 3 2 1 1 0 3 0 1 2 2 2 2 3 2 1 2 1
1 1 3 0 1 2 1 2 2 2 1 3 2 1 2 1 2 2 2 3 1 2 2 2 0 3 2 1 2 1 2 1 1 1 1 1 1 0 2 0 2 2 3 1 1 1 2 2 2 2 2 1 1 1 1 1 2 2 2 1 3 2 1 2 1 2 1 1 2 2 2 2 1 2 2 2 1 1 2 1 2 1 2 1 1 1 1 2 2 2 1 1 2 1 2 1 2 1 1 1 3 2 3 3 0 3 2 3 0 1 2 0 2 1 2 2 1 0 3 0 2 1 0 2 2 2 0 3 2 1 2 1 2 1 0 3 0 3 0 3 1 0 2 2 2 1 1 2 1 3
0 3 0 3 2 1 1 0 2 1 2 1 1 2 1 2 0 0 2 1 1 0 2 1 0 1 1 0 1 2 1 1 0 1 1 1 1 1 2 2 0 2 1 1 1 1 0 2 1 0 3 1 1 1 1 1 0 2 1 2 1 1 2 1 2 1 0 1 0 2 2 2 3 0 2 1 2 1 1 2 1 2 1 1 1 1 1 0 2 1 0 1 1 2 1 2 1 1 1 2 2 2 2 1 2 2 2 1 3 2 1 2 1 2 0 1 1 1 0 3 2 3 2 1 2 1 2 0 3 2 1 1 0 3 2 1 1 0 3 2 3 2 1 2 1 2 1 1 2 1
1 0 3 0 1 1 1 0 1 0 1 2 1 1 0 1 3 1 1 1 1 1 0 1 1 2 1 3 2 1 3 1 3 1 1 1 3 0 1 0 3 0 3 1 1 1 2 1 1 1 0 3 3 1 1 1 0 1 1 1 0 1 1 0 1 3 1 3 1 0 2 2 1 1 1 1 1 2 1 1 0 1 3 0 3 1 1 1 0 1 1 2 1 1 2 0 3 1 3 0 2 2 2 1 0 2 1 2 0 3 2 1 2 1 1 1 1 1 2 2 2 0 3 2 1 2 0 2 1 1 1 1 2 1 0 3 3 1 1 0 1 1 2 1 2 1 2 1 0 1
1 2 2 3 1 1 1 1 1 1 2 1 2 1 3 2 1 0 1 1 1 1 1 1 2 1 2 1 1 2 1 2 2 3 1 2 1 1 1 2 1 2 1 1 1 1 0 3 2 3 1 0 0 3 1 1 1 1 1 2 1 2 1 3 2 1 2 2 3 2 2 1 1 1 0 1 2 1 2 1 3 2 1 2 2 3 1 1 1 1 2 1 2 1 1 0 1 2 2 3 0 2 2 3 1 1 1 1 2 1 2 2 1 3 1 3 1 1 0 2 1 2 0 3 0 1 2 1 1 1 1 2 2 3 2 2 2 3 1 1 2 1 1 2 1 2 1 1 1 1
2 2 2 1 1 1 1 1 3 2 1 2 1 2 1 2 2 3 3 1 1 1 3 2 1 2 1 2 1 1 2 2 2 1 2 1 1 3 2 1 2 3 1 1 1 1 0 2 1 0 1 3 1 1 1 1 1 3 0 1 2 1 2 1 2 2 2 2 1 0 2 3 1 1 3 2 1 2 1 2 1 2 2 2 2 1 1 1 3 2 1 2 1 2 1 3 2 2 2 1 0 2 2 1 1 1 1 2 1 0 1 2 2 1 2 2 3 1 1 1 1 1 2 1 3 0 1 3 1 1 1 0 2 2 2 2 2 1 1 1 1 2 1 1 2 0 3 1 3 1
0 2 2 3 1 2 3 2 1 1 2 1 2 3 2 0 0 3 0 3 1 2 1 1 2 1 2 3 2 1 0 1 0 3 1 1 2 0 3 2 2 1 3 1 1 1 3 0 2 3 3 0 3 1 1 1 2 1 3 2 1 2 3 2 1 0 3 0 3 2 2 1 1 2 1 2 2 1 0 3 2 1 0 2 0 3 1 2 1 2 2 1 2 3 2 1 0 2 0 3 1 0 1 1 1 1 0 1 2 1 2 1 1 0 2 2 1 1 0 1 1 2 1 2 1 3 0 1 2 2 3 0 2 2 2 2 1 1 1 1 2 1 2 1 2 2 1 2 2 3
2 2 2 2 3 0 2 1 2 1 2 2 2 2 2 3 3 0 3 0 2 3 2 1 1 2 2 2 2 1 3 0 3 0 3 1 1 2 1 2 1 2 2 3 1 2 2 3 2 1 0 3 0 1 0 2 1 2 1 2 2 2 2 0 2 3 0 3 1 0 1 1 0 3 2 1 2 2 2 0 2 3 3 0 3 2 2 1 2 1 1 0 2 2 2 3 3 0 3 0 1 1 1 1 2 1 3 2 1 2 3 2 1 0 3 0 3 1 1 3 2 0 2 1 2 1 3 2 2 2 1 1 0 2 1 0 3 1 1 2 1 0 1 2 1 2 2 2 2 1
1 0 2 2 1 1 1 2 3 2 1 2 2 2 0 3 0 3 0 0 0 1 1 2 1 2 2 2 2 3 0 3 2 0 1 0 2 3 2 1 2 2 2 2 2 2 2 3 0 2 3 0 3 1 1 0 2 1 2 1 2 2 2 2 3 0 3 0 2 1 1 1 2 0 1 2 1 2 2 2 2 3 0 3 1 0 1 2 1 2 1 2 2 2 2 3 0 3 2 3 1 1 1 0 1 2 0 3 2 2 2 2 3 3 0 3 0 3 2 1 1 0 1 2 3 2 1 0 3 0 3 1 1 0 3 2 1 2 1 2 2 1 2 3 2 1 0 1 0 3
1 1 0 1 0 3 1 0 1 1 2 2 2 0 2 2 3 2 3 1 1 1 1 1 2 2 2 2 2 2 3 0 0 1 1 1 0 1 1 1 0 2 2 2 2 2 2 2 2 2 3 0 1 3 1 2 3 2 1 2 2 2 2 2 2 3 1 2 1 1 1 1 0 1 1 1 2 2 2 2 2 2 3 0 3 1 1 2 2 1 2 2 2 2 2 2 3 1 0 1 1 1 1 1 2 3 2 0 2 2 2 2 3 0 2 1 2 2 1 2 1 3 2 2 2 2 2 3 0 3 1 1 3 2 2 2 2 1 2 1 2 1 0 2 2 3 3 0 1 1
2 1 1 1 2 2 3 1 1 2 2 2 2 2 2 2 3 0 1 3 1 1 2 2 2 2 2 2 2 2 2 3 1 1 3 1 1 2 2 3 2 2 2 2 2 2 2 2 2 2 2 3 2 1 1 0 1 2 2 2 2 2 2 2 2 2 3 2 3 1 1 3 1 1 2 2 2 2 2 2 2 2 2 2 3 1 1 0 1 2 2 2 2 2 2 2 2 3 1 1 3 1 1 3 0 0 3 1 0 2 2 2 2 3 2 2 2 2 2 3 2 2 2 2 2 2 1 0 3 2 1 2 2 2 2 1 0 2 1 2 1 1 1 2 2 2 0 3 2 1
2 2 3 2 2 2 2 3 2 2 2 2 2 2 2 2 2 3 2 2 3 2 2 2 2 2 2 2 2 2 2 2 3 2 2 3 2 2 2 2 2 2 2 2 2 2 2 2 2 2 2 2 2 3 2 3 2 2 2 2 2 2 2 2 2 2 2 2 2 3 2 2 3 2 2 2 2 2 2 2 2 2 2 2 2 3 2 3 2 2 2 2 2 2 2 2 2 2 3 2 2 3 2 2 3 2 2 3 2 2 2 2 2 2 2 2 2 2 2 2 2 2 2 2 2 2 3 2 2 2 2 2 2 2 2 3 2 3 2 3 2 3 2 2 2 2 3 2 2 3
549
0 57 3
10 50 1
13 49 4
22 52 1
22 51 4
35 52 1
37 44 4
12 50 1
11 49 3
11 46 4
21 32 3
17 30 4
16 25 3
14 25 4
8 19 3
7 18 4
17 11 1
20 12 4
19 11 1
18 12 4
25 30 1
26 31 4
28 30 1
29 31 4
32 30 3
33 27 1
32 26 3
49 15 1
44 18 2
43 17 1
42 16 2
40 18 1
41 19 2
35 19 1
35 20 2
41 27 1
39 28 2
38 30 1
37 30 2
36 31 4
35 30 2
34 29 1
34 31 4
39 30 1
40 30 2
44 31 4
50 31 3
51 25 1
61 34 3
60 34 1
59 35 3
56 34 1
51 29 3
51 32 4
38 44 1
52 45 4
53 48 1
54 49 4
57 52 1
69 55 4
68 54 1
58 50 4
79 40 1
79 37 4
68 36 1
69 35 3
70 33 1
71 33 3
80 35 2
79 31 5
78 32 2
78 33 3
74 32 5
76 32 2
76 31 5
77 30 2
76 29 5
75 28 2
76 26 5
78 24 2
78 29 5
79 27 2
79 26 5
79 23 2
79 21 1
78 21 2
77 23 5
77 22 2
80 22 1
81 21 2
80 17 1
80 18 2
80 16 1
81 16 2
83 16 1
83 18 2
85 18 1
85 19 2
83 22 1
82 23 2
80 24 5
80 27 2
80 28 5
80 32 2
83 32 3
83 36 4
82 36 2
80 38 1
81 38 2
83 37 4
83 51 1
85 52 4
89 51 1
100 56 4
99 55 1
89 50 4
86 35 3
86 33 1
86 34 2
89 34 3
91 32 1
91 31 2
91 29 1
91 27 2
89 26 1
90 26 2
90 28 1
90 30 2
90 33 1
87 32 2
84 31 5
85 30 2
85 28 5
84 26 1
84 27 5
83 26 2
84 25 1
86 25 5
86 28 2
89 28 1
89 27 2
87 25 5
88 25 2
88 23 5
85 24 2
84 23 5
89 24 2
92 23 5
97 22 2
96 23 1
95 23 5
95 22 1
96 21 2
94 21 5
93 24 2
93 25 1
93 26 2
93 27 1
94 26 2
94 24 5
95 25 2
96 25 5
97 28 2
92 30 1
95 31 2
96 31 1
96 30 2
97 30 1
98 30 5
96 32 2
99 33 3
101 33 2
104 33 3
107 32 2
108 31 1
108 32 2
109 31 1
109 30 2
108 30 1
108 29 2
107 28 1
106 28 2
106 30 1
105 30 2
105 31 1
106 32 2
105 25 1
105 24 2
102 22 1
102 21 2
103 22 1
104 23 2
111 22 1
111 23 2
112 23 1
112 21 2
109 25 1
108 25 2
106 27 1
108 26 2
110 33 3
110 34 2
114 34 3
114 32 2
116 33 3
116 36 4
142 40 1
142 41 4
141 40 1
141 39 6
142 39 1
143 38 3
143 36 1
141 37 6
140 38 3
139 37 5
137 38 3
130 37 5
128 37 3
123 33 6
125 19 1
123 19 6
130 18 1
131 19 6
124 34 3
129 36 5
132 36 3
132 35 5
129 34 3
130 34 5
138 30 1
136 30 5
136 29 1
135 30 5
140 35 3
141 36 6
142 36 1
142 35 6
143 35 1
142 34 6
145 33 1
146 32 6
147 32 1
147 31 6
148 30 1
148 29 6
143 23 2
142 22 6
145 21 1
146 21 6
149 25 1
146 36 3
145 40 4
137 57 1
145 51 4
146 52 1
136 58 4
131 59 6
127 64 1
120 64 6
108 63 1
107 64 6
53 53 1
40 63 6
39 61 1
34 53 6
16 0 1
44 0 3
61 0 2
94 0 4
126 0 2
129 0 5
139 0 4
148 0 5
17 1 5
26 1 2
44 1 4
62 1 6
63 1 4
78 1 3
83 1 5
92 1 2
93 1 1
105 1 1
114 1 4
28 2 1
40 2 4
60 2 4
75 2 5
81 2 2
84 2 5
115 2 1
8 3 4
14 3 2
71 3 2
99 3 5
110 3 2
120 3 4
130 3 4
137 3 1
138 3 4
141 3 2
142 3 4
147 3 4
11 4 2
89 4 4
96 4 3
106 4 3
111 4 6
140 4 6
148 4 5
0 5 6
6 5 2
62 5 6
91 5 6
125 5 3
129 5 5
145 5 3
28 6 3
60 6 3
75 6 3
88 6 4
132 6 6
12 7 3
21 7 4
22 7 3
60 7 5
68 7 4
75 7 5
105 7 4
112 7 5
122 7 3
130 7 2
138 7 2
142 7 5
1 8 1
22 8 1
73 8 3
99 8 2
108 8 1
115 8 3
130 8 5
3 9 4
18 9 2
53 9 6
64 9 1
98 9 5
108 9 2
112 9 3
133 9 6
85 10 6
103 10 3
104 10 4
106 10 6
115 10 5
125 10 1
134 10 4
146 10 2
57 11 5
121 11 1
130 11 2
12 12 1
56 12 3
68 12 6
100 12 1
103 12 6
105 12 4
139 12 2
144 12 6
68 13 5
92 13 3
100 13 6
102 13 4
6 14 6
27 14 4
54 14 6
76 14 3
88 14 1
113 14 4
144 14 3
146 14 4
36 15 6
76 15 2
128 15 4
35 16 1
84 16 4
98 16 1
105 16 5
121 16 2
145 16 5
33 17 2
48 17 5
54 17 3
74 17 6
87 17 6
140 17 2
143 17 5
146 17 4
5 18 4
38 18 6
45 18 6
54 18 5
91 18 2
102 18 1
112 18 3
113 18 1
146 18 3
147 18 5
147 19 1
0 20 2
132 20 6
57 22 3
132 22 1
3 23 3
8 23 5
10 23 1
53 23 4
149 23 6
7 24 2
30 24 2
36 24 6
56 24 5
0 25 1
8 25 6
101 25 3
0 26 2
4 26 1
44 26 5
102 26 1
0 27 6
10 27 2
0 28 3
0 29 2
30 29 3
47 29 1
49 29 4
72 29 1
82 29 2
114 29 3
6 31 5
72 31 6
130 31 1
72 32 2
132 32 6
0 33 4
118 33 4
132 33 1
55 34 3
148 34 5
55 35 5
147 35 3
100 36 2
118 36 5
37 37 2
55 37 3
126 38 2
2 39 1
7 39 2
55 39 2
18 40 1
69 40 1
84 40 1
87 40 3
90 40 1
118 40 3
32 41 5
40 41 2
43 41 6
8 42 1
132 42 2
55 43 6
2 44 6
3 44 4
41 44 4
91 44 2
97 44 4
98 44 5
116 44 3
117 44 5
9 45 6
25 45 2
86 45 5
147 45 2
2 46 3
44 46 3
127 46 3
147 46 6
2 47 2
22 47 5
27 47 6
44 47 4
4 48 2
20 48 4
28 48 5
62 48 4
76 48 5
95 48 5
103 48 6
40 49 5
44 49 1
68 49 3
98 49 1
105 49 2
148 49 5
68 50 5
108 50 3
109 50 5
40 51 2
50 51 6
67 51 4
86 51 3
100 51 3
132 51 2
44 52 5
73 52 1
86 52 5
132 52 4
148 52 1
44 53 1
71 53 6
132 53 5
0 54 5
86 54 2
132 54 2
39 55 4
46 55 2
47 55 6
132 55 4
0 56 6
44 56 4
44 57 3
55 57 4
72 57 5
131 57 3
133 57 6
44 58 5
69 58 1
44 59 4
72 59 2
117 59 4
19 60 1
44 60 1
55 60 3
86 60 6
19 61 4
56 61 6
116 61 6
31 62 4
133 62 3