12 12
1 3 - - - - - 1 2 - - -
- - - - 2 1 - 3 1 - - -
- 1 3 2 1 - 1 2 - - 2 3
- - 2 1 3 2 - - 2 - - 2
3 - - - - 3 1 - 1 - 3 -
- 3 - 1 - 1 - - - - 2 -
- - 1 - - 2 - 1 3 - - 1
2 - 3 1 - - 2 - 2 - - 2
- 2 - 3 2 - 1 - - - 3 -
2 1 3 2 - 2 - 1 3 - 2 -
- 3 - 3 - 1 - - 1 - - -
- 1 - 2 1 3 - 2 - - - 3
1 1 1 15 15 15 30 30 30 39 44 46
2 9 11 11 11 24 24 24 34 39 44 46
2 9 12 12 12 25 25 25 34 39 44 46
2 9 13 13 13 26 26 26 34 40 45 47
3 3 3 16 20 20 20 33 35 40 45 47
4 4 4 16 21 21 21 33 35 40 45 47
5 5 5 16 22 22 22 33 35 41 41 41
6 6 6 17 23 27 27 27 36 36 36 48
7 10 14 17 23 28 28 28 37 37 37 48
7 10 14 17 23 29 29 29 38 38 38 48
7 10 14 18 18 18 31 31 31 42 42 42
8 8 8 19 19 19 32 32 32 43 43 43