12 12
- - 6 - 5 - - - 1 3 5 4
- 1 - - - 5 - 1 - 6 - -
- - - 5 - 3 - - - 3 - 4
6 2 - 6 - - 1 - - 1 - 5
- 6 - - - - 3 - - - - -
- - - 4 2 - 5 - 4 5 2 -
- - 5 - - 1 - 3 - - 1 -
4 5 - 1 - - 6 5 3 - 6 1
- 4 6 3 1 5 - 6 - - - 3
3 5 - - - 1 3 5 - - 2 -
5 - 1 2 - - 5 4 3 2 1 6
- 3 - 1 6 2 4 3 - - 6 -
1 1 1 1 1 1 14 14 14 14 14 14
2 2 2 2 2 2 15 15 15 15 15 15
3 8 8 8 8 8 8 20 21 22 23 24
3 9 9 9 9 9 9 20 21 22 23 24
3 10 10 10 10 10 10 20 21 22 23 24
3 11 11 11 11 11 11 20 21 22 23 24
3 12 12 12 12 12 12 20 21 22 23 24
3 13 13 13 13 13 13 20 21 22 23 24
4 4 4 4 4 4 16 16 16 16 16 16
5 5 5 5 5 5 17 17 17 17 17 17
6 6 6 6 6 6 18 18 18 18 18 18
7 7 7 7 7 7 19 19 19 19 19 19