12 12
1 - 1 - 5 6 4 3 - 6 5 4
- 1 - - - - - - - - 4 -
6 - 2 - - 5 - - - - 1 -
- - 4 3 5 - - - - 5 6 -
4 - - - 6 - 1 - 1 - 2 -
5 - 4 5 - - - 6 4 - 3 -
- 2 - - 4 5 - - - 2 - 4
- 6 - 4 1 2 3 5 1 - - -
6 - - - - 3 6 1 - - - 5
- - - 4 3 - 2 6 - 4 1 -
5 4 2 1 - - - - 3 5 6 -
4 - 6 2 - 1 - - - 1 3 -
1 8 8 8 8 8 8 20 21 22 23 24
1 9 9 9 9 9 9 20 21 22 23 24
1 10 10 10 10 10 10 20 21 22 23 24
1 11 11 11 11 11 11 20 21 22 23 24
1 12 12 12 12 12 12 20 21 22 23 24
1 13 13 13 13 13 13 20 21 22 23 24
2 2 2 2 2 2 14 14 14 14 14 14
3 3 3 3 3 3 15 15 15 15 15 15
4 4 4 4 4 4 16 16 16 16 16 16
5 5 5 5 5 5 17 17 17 17 17 17
6 6 6 6 6 6 18 18 18 18 18 18
7 7 7 7 7 7 19 19 19 19 19 19