12 12
1 - - - - - 4 - - - - 2
2 3 4 - 4 1 - 3 4 - - 1
- - - - 2 - 4 1 - - 4 -
- - - 1 - 2 - - 1 - - -
- - - 2 3 4 1 - - - 2 4
2 - 4 1 - 1 - - - 2 - -
- 4 2 - - 3 - - - 3 - 2
4 2 3 2 - - 4 1 4 - - -
1 3 - 3 - 4 1 - 3 - - -
- 1 - 2 3 1 - 4 - - - -
3 4 - 4 1 2 3 - 4 2 - 2
- - - - 2 4 1 - - - 3 4
1 1 1 1 15 15 15 15 27 27 27 27
2 2 2 2 16 16 16 16 28 28 28 28
3 3 3 3 17 17 17 17 29 29 29 29
4 7 9 9 9 9 21 21 21 21 33 35
4 7 10 10 10 10 22 26 30 32 33 35
4 7 11 14 18 20 22 26 30 32 33 35
4 7 11 14 18 20 22 26 30 32 33 35
5 8 11 14 18 20 22 26 30 32 34 36
5 8 11 14 18 20 23 23 23 23 34 36
5 8 12 12 12 12 24 24 24 24 34 36
5 8 13 13 13 13 25 25 25 25 34 36
6 6 6 6 19 19 19 19 31 31 31 31