12 12
3 - - - - - 3 - - - 1 -
- - - 1 2 3 - - - - - 1
- - - - - - - - 2 1 2 -
3 - - 2 - - - 2 - - - 2
- 1 - - 2 3 - 1 3 2 3 1
1 - 2 3 - - - - - - 2 -
- 1 - 2 - 1 3 2 1 3 1 -
1 2 1 - 2 - - - 3 - 3 -
3 1 - - - - - - 2 1 2 3
- 3 - 1 3 1 - - - - 3 1
- - - - 1 - - 2 1 3 1 2
1 3 - - 2 - 1 - - 1 2 3
1 1 1 15 15 15 25 25 25 40 40 40
2 2 2 16 16 16 26 31 31 31 43 46
3 9 11 11 11 23 26 32 32 32 43 46
3 9 12 12 12 23 26 33 33 33 43 46
3 9 13 13 13 23 27 34 34 34 44 47
4 4 4 17 17 17 27 35 35 35 44 47
5 5 5 18 18 18 27 36 36 36 44 47
6 10 14 19 22 24 28 28 28 41 41 41
6 10 14 19 22 24 29 29 29 42 42 42
6 10 14 19 22 24 30 37 37 37 45 48
7 7 7 20 20 20 30 38 38 38 45 48
8 8 8 21 21 21 30 39 39 39 45 48