12 12
- - - - - 2 1 2 - 1 2 3
- - - - 1 - 2 - 1 2 - -
- - - - - 2 - - 3 - - -
3 2 - - 2 - - - 2 - 1 2
- 1 3 2 1 - 1 2 - 2 3 -
- - - - 2 1 - - 1 3 - -
2 - - 1 - 2 - - 2 1 - -
- 1 3 - 1 - 2 - 1 - - 2
- - - 3 - 1 3 2 - 1 - 3
3 - - 2 1 - 2 - 2 - 1 2
- - - - - 2 1 - 1 - 3 1
3 2 1 3 - - - - 2 3 - -
1 1 1 16 16 16 30 30 30 40 40 40
2 2 2 17 17 17 31 31 31 41 41 41
3 7 7 7 20 20 20 33 33 33 44 46
3 8 8 8 21 21 21 34 34 34 44 46
3 9 12 12 12 24 24 24 36 42 44 46
4 9 13 13 13 25 25 25 36 42 45 47
4 9 14 14 14 26 26 26 36 42 45 47
4 10 10 10 22 22 22 35 35 35 45 47
5 11 15 18 23 27 27 27 37 37 37 48
5 11 15 18 23 28 28 28 38 38 38 48
5 11 15 18 23 29 29 29 39 39 39 48
6 6 6 19 19 19 32 32 32 43 43 43