21 21
- - - 4 5 6 9 2 8 3 7 1 - - - - - - - - -
- - - 2 1 9 6 7 3 4 8 5 - - - - - - - - -
- - - 3 8 7 5 1 4 6 9 2 - - - - - - - - -
- - - 1 6 8 2 5 9 7 4 3 1 5 9 7 2 6 3 4 8
- - - 7 2 5 3 4 6 8 1 9 4 8 7 3 9 5 6 2 1
- - - 9 3 4 7 8 1 2 5 6 2 3 6 8 1 4 5 7 9
- - - 6 7 1 4 9 2 5 3 8 7 6 1 4 8 2 9 3 5
- - - 8 4 3 1 6 5 9 2 7 8 4 3 5 7 9 1 6 2
- - - 5 9 2 8 3 7 1 6 4 5 9 2 1 6 3 7 8 4
9 4 8 1 5 2 6 7 3 2 8 5 9 1 4 6 3 8 2 5 7
7 2 6 8 3 9 5 1 4 3 7 9 6 2 8 9 5 7 4 1 3
3 5 1 7 4 6 9 2 8 4 1 6 3 7 5 2 4 1 8 9 6
1 3 4 9 7 5 2 8 6 7 4 3 1 5 9 6 8 2 - - -
6 8 5 2 1 3 7 4 9 8 5 1 2 3 6 7 4 9 - - -
2 7 9 4 6 8 3 5 1 6 9 2 4 8 7 5 3 1 - - -
5 9 2 6 8 1 4 3 7 4 8 5 7 9 1 2 6 3 - - -
4 1 3 5 9 7 8 6 2 2 6 7 5 4 3 9 1 8 - - -
8 6 7 3 2 4 1 9 5 3 1 9 6 2 8 4 5 7 - - -
- - - - - - - - - 1 2 4 3 7 5 8 9 6 - - -
- - - - - - - - - 5 3 8 9 6 2 1 7 4 - - -
- - - - - - - - - 9 7 6 8 1 4 3 2 5 - - -