21 21
- - - 8 6 9 5 7 2 3 1 4 - - - - - - - - -
- - - 4 1 2 9 3 8 5 7 6 - - - - - - - - -
- - - 3 5 7 4 1 6 8 2 9 - - - - - - - - -
- - - 7 2 4 3 8 5 9 6 1 2 8 6 5 4 9 3 7 1
- - - 5 8 6 2 9 1 4 3 7 1 5 7 3 6 2 9 4 8
- - - 9 3 1 6 4 7 2 5 8 3 9 4 8 7 1 5 6 2
- - - 1 7 3 8 2 4 6 9 5 7 3 1 9 2 4 6 8 5
- - - 2 4 5 7 6 9 1 8 3 4 2 5 6 8 7 1 9 3
- - - 6 9 8 1 5 3 7 4 2 8 6 9 1 5 3 4 2 7
1 4 5 3 7 9 2 8 6 5 7 1 9 4 3 2 1 8 7 5 6
2 6 7 4 8 5 9 3 1 4 2 6 5 7 8 4 3 6 2 1 9
3 9 8 6 2 1 5 4 7 8 3 9 6 1 2 7 9 5 8 3 4
8 3 9 7 5 6 4 1 2 9 5 7 3 8 6 4 1 2 - - -
7 5 2 1 4 3 6 9 8 3 1 4 2 5 7 8 6 9 - - -
4 1 6 2 9 8 3 7 5 2 6 8 1 9 4 5 7 3 - - -
9 8 1 5 6 4 7 2 3 7 3 5 9 1 8 6 2 4 - - -
6 2 4 8 3 7 1 5 9 4 8 2 6 3 5 7 9 1 - - -
5 7 3 9 1 2 8 6 4 1 9 6 7 4 2 3 5 8 - - -
- - - - - - - - - 6 7 3 4 2 1 9 8 5 - - -
- - - - - - - - - 5 2 9 8 6 3 1 4 7 - - -
- - - - - - - - - 8 4 1 5 7 9 2 3 6 - - -