21 21
- - - 2 1 6 3 7 9 8 4 5 - - - - - - - - -
- - - 5 3 4 2 1 8 7 6 9 - - - - - - - - -
- - - 7 8 9 5 6 4 1 2 3 - - - - - - - - -
- - - 6 9 5 1 4 3 2 8 7 6 1 9 5 2 8 7 4 3
- - - 1 2 7 9 8 5 4 3 6 4 2 5 7 3 6 8 9 1
- - - 8 4 3 7 2 6 9 5 1 3 7 8 9 4 1 6 5 2
- - - 3 7 1 8 5 2 6 9 4 7 3 1 6 8 4 5 2 9
- - - 4 5 8 6 9 7 3 1 2 8 5 4 2 7 9 1 3 6
- - - 9 6 2 4 3 1 5 7 8 9 6 2 1 5 3 4 8 7
4 9 7 2 8 6 5 1 3 8 6 9 2 4 7 3 6 5 9 1 8
3 5 6 1 4 9 2 7 8 4 3 1 5 9 6 8 1 2 3 7 4
8 1 2 5 3 7 9 4 6 2 5 7 1 8 3 4 9 7 2 6 5
6 2 1 4 7 5 3 8 9 1 2 6 4 7 5 8 3 9 - - -
9 3 4 8 6 1 7 2 5 9 4 3 6 1 8 5 2 7 - - -
7 8 5 3 9 2 1 6 4 7 8 5 3 2 9 1 6 4 - - -
5 7 8 6 2 3 4 9 1 3 6 2 7 5 1 9 4 8 - - -
1 6 9 7 5 4 8 3 2 4 9 7 2 8 6 3 1 5 - - -
2 4 3 9 1 8 6 5 7 5 1 8 9 3 4 6 7 2 - - -
- - - - - - - - - 2 7 1 8 9 3 4 5 6 - - -
- - - - - - - - - 6 3 9 5 4 7 2 8 1 - - -
- - - - - - - - - 8 5 4 1 6 2 7 9 3 - - -