21 21
- - - 2 7 4 5 6 3 9 8 1 - - - - - - - - -
- - - 5 9 6 1 8 2 4 7 3 - - - - - - - - -
- - - 3 1 8 4 9 7 5 6 2 - - - - - - - - -
- - - 4 6 7 2 3 5 8 1 9 1 2 9 7 4 6 8 5 3
- - - 8 5 9 7 1 6 2 3 4 8 4 7 5 3 9 6 1 2
- - - 1 2 3 9 4 8 7 5 6 6 5 3 1 2 8 9 4 7
- - - 7 3 2 6 5 9 1 4 8 7 3 2 8 9 5 4 6 1
- - - 9 8 1 3 7 4 6 2 5 9 1 8 3 6 4 7 2 5
- - - 6 4 5 8 2 1 3 9 7 4 6 5 2 7 1 3 8 9
1 6 8 5 2 4 7 9 3 5 1 4 2 8 6 9 5 7 1 3 4
7 5 4 9 3 6 1 8 2 9 3 6 5 7 4 6 1 3 2 9 8
2 9 3 8 1 7 4 6 5 7 8 2 3 9 1 4 8 2 5 7 6
3 2 6 7 4 9 5 1 8 4 7 3 6 2 9 5 8 1 - - -
5 8 1 3 6 2 9 4 7 2 6 1 8 5 3 9 4 7 - - -
9 4 7 1 8 5 2 3 6 8 5 9 1 4 7 2 6 3 - - -
6 1 2 4 7 3 8 5 9 3 1 8 2 9 4 7 5 6 - - -
4 3 5 2 9 8 6 7 1 5 4 2 3 7 6 1 9 8 - - -
8 7 9 6 5 1 3 2 4 6 9 7 5 1 8 3 2 4 - - -
- - - - - - - - - 9 3 6 7 8 5 4 1 2 - - -
- - - - - - - - - 7 2 5 4 6 1 8 3 9 - - -
- - - - - - - - - 1 8 4 9 3 2 6 7 5 - - -