21 21
- - - 9 1 4 7 3 6 8 2 5 - - - - - - - - -
- - - 3 2 5 9 8 4 6 1 7 - - - - - - - - -
- - - 7 8 6 5 1 2 9 3 4 - - - - - - - - -
- - - 4 5 9 3 6 1 2 7 8 4 7 8 3 9 2 6 5 1
- - - 2 6 8 4 9 7 1 5 3 6 1 2 7 5 8 4 3 9
- - - 1 7 3 8 2 5 4 9 6 9 3 5 1 6 4 2 7 8
- - - 8 4 7 1 5 9 3 6 2 7 8 4 5 2 1 9 6 3
- - - 5 9 2 6 4 3 7 8 1 5 2 9 6 4 3 8 1 7
- - - 6 3 1 2 7 8 5 4 9 1 6 3 9 8 7 5 2 4
8 1 3 5 2 4 9 6 7 4 2 3 8 5 1 2 3 9 7 4 6
6 4 9 3 8 7 5 2 1 9 7 8 3 4 6 8 7 5 1 9 2
5 7 2 9 6 1 8 3 4 6 1 5 2 9 7 4 1 6 3 8 5
4 2 5 7 9 8 3 1 6 2 5 4 9 7 8 3 1 6 - - -
1 6 8 4 3 2 7 9 5 8 3 6 4 1 2 9 7 5 - - -
9 3 7 6 1 5 4 8 2 1 9 7 6 3 5 4 8 2 - - -
7 9 6 2 4 3 1 5 8 7 8 9 1 5 6 2 4 3 - - -
3 5 1 8 7 6 2 4 9 4 1 5 7 2 3 6 9 8 - - -
2 8 4 1 5 9 6 7 3 6 2 3 8 9 4 1 5 7 - - -
- - - - - - - - - 3 6 8 5 4 9 7 2 1 - - -
- - - - - - - - - 5 4 1 2 6 7 8 3 9 - - -
- - - - - - - - - 9 7 2 3 8 1 5 6 4 - - -