21 21
- - - 7 5 4 2 9 3 8 1 6 - - - - - - - - -
- - - 8 3 6 4 1 5 2 7 9 - - - - - - - - -
- - - 2 1 9 7 8 6 5 3 4 - - - - - - - - -
- - - 6 7 5 3 2 1 4 9 8 9 4 3 1 8 6 2 5 7
- - - 1 2 8 6 4 9 7 5 3 8 2 5 4 7 9 3 1 6
- - - 4 9 3 8 5 7 1 6 2 1 7 6 3 2 5 8 4 9
- - - 5 8 1 9 3 2 6 4 7 5 1 8 9 3 7 4 6 2
- - - 9 4 7 1 6 8 3 2 5 7 9 4 2 6 8 5 3 1
- - - 3 6 2 5 7 4 9 8 1 6 3 2 5 1 4 9 7 8
2 5 8 4 3 7 6 9 1 4 5 3 2 8 7 6 4 3 1 9 5
1 6 4 5 8 9 3 2 7 8 9 6 4 5 1 7 9 2 6 8 3
3 7 9 6 2 1 8 4 5 7 1 2 3 6 9 8 5 1 7 2 4
6 1 2 3 5 4 7 8 9 5 6 4 1 2 3 7 8 9 - - -
9 3 5 8 7 2 4 1 6 2 3 8 9 7 5 6 4 1 - - -
8 4 7 1 9 6 2 5 3 1 7 9 8 4 6 2 5 3 - - -
5 2 6 7 1 8 9 3 4 8 4 1 3 6 7 9 2 5 - - -
7 8 1 9 4 3 5 6 2 7 2 3 5 9 8 1 6 4 - - -
4 9 3 2 6 5 1 7 8 6 9 5 4 1 2 3 7 8 - - -
- - - - - - - - - 3 8 2 7 5 1 4 9 6 - - -
- - - - - - - - - 4 1 7 6 8 9 5 3 2 - - -
- - - - - - - - - 9 5 6 2 3 4 8 1 7 - - -