21 21
- - - 6 2 4 1 8 5 7 9 3 - - - - - - - - -
- - - 3 5 1 7 4 9 8 2 6 - - - - - - - - -
- - - 9 7 8 2 3 6 4 1 5 - - - - - - - - -
- - - 2 3 9 8 5 1 6 7 4 9 2 1 7 5 6 8 3 4
- - - 5 4 7 6 2 3 1 8 9 4 7 8 2 3 9 5 1 6
- - - 1 8 6 9 7 4 5 3 2 3 5 6 4 8 1 7 9 2
- - - 8 6 5 3 1 2 9 4 7 6 8 5 3 4 7 1 2 9
- - - 4 1 3 5 9 7 2 6 8 1 3 4 9 2 8 6 7 5
- - - 7 9 2 4 6 8 3 5 1 7 9 2 6 1 5 4 8 3
5 9 4 7 3 6 8 2 1 7 9 6 5 4 3 8 7 2 9 6 1
6 7 1 4 2 8 9 5 3 1 8 4 2 6 7 1 9 4 3 5 8
3 2 8 5 1 9 6 7 4 5 3 2 8 1 9 5 6 3 2 4 7
7 3 6 8 5 2 1 4 9 6 2 5 3 7 8 1 4 9 - - -
1 5 9 3 4 7 2 8 6 4 7 3 9 5 1 2 6 8 - - -
8 4 2 6 9 1 7 3 5 8 1 9 4 2 6 5 3 7 - - -
9 8 3 2 6 5 4 1 7 9 4 2 7 3 5 6 8 1 - - -
2 6 5 1 7 4 3 9 8 5 6 7 1 8 2 3 9 4 - - -
4 1 7 9 8 3 5 6 2 3 8 1 6 9 4 7 5 2 - - -
- - - - - - - - - 1 9 4 2 6 3 8 7 5 - - -
- - - - - - - - - 2 5 6 8 4 7 9 1 3 - - -
- - - - - - - - - 7 3 8 5 1 9 4 2 6 - - -