21 21
- - - 3 1 8 2 7 5 6 9 4 - - - - - - - - -
- - - 7 2 4 6 3 9 8 5 1 - - - - - - - - -
- - - 5 9 6 8 4 1 3 2 7 - - - - - - - - -
- - - 8 4 2 9 1 3 7 6 5 1 4 8 3 2 6 5 7 9
- - - 1 3 5 4 6 7 2 8 9 2 7 9 5 8 4 1 6 3
- - - 6 7 9 5 2 8 1 4 3 6 5 3 7 1 9 4 2 8
- - - 2 6 7 1 9 4 5 3 8 7 2 6 4 3 8 9 5 1
- - - 4 5 3 7 8 2 9 1 6 4 3 5 1 9 7 6 8 2
- - - 9 8 1 3 5 6 4 7 2 8 9 1 2 6 5 3 4 7
5 2 9 1 4 6 8 3 7 6 4 9 5 1 2 8 4 3 7 9 6
7 3 8 9 2 5 4 6 1 3 2 5 9 8 7 6 5 1 2 3 4
1 6 4 7 8 3 9 2 5 1 8 7 3 6 4 9 7 2 8 1 5
8 7 6 5 3 4 2 1 9 8 5 4 6 7 3 1 9 2 - - -
2 4 3 6 1 9 5 7 8 2 6 3 1 4 9 7 8 5 - - -
9 5 1 2 7 8 6 4 3 7 9 1 2 5 8 3 6 4 - - -
6 9 2 3 5 7 1 8 4 9 4 7 8 3 2 6 5 1 - - -
3 8 5 4 6 1 7 9 2 6 3 8 9 1 5 4 2 7 - - -
4 1 7 8 9 2 3 5 6 5 1 2 7 6 4 8 3 9 - - -
- - - - - - - - - 4 8 6 5 9 1 2 7 3 - - -
- - - - - - - - - 3 7 9 4 2 6 5 1 8 - - -
- - - - - - - - - 1 2 5 3 8 7 9 4 6 - - -