21 21
- - - 6 4 1 3 5 9 7 8 2 - - - - - - - - -
- - - 9 8 2 7 6 1 4 5 3 - - - - - - - - -
- - - 3 5 7 4 8 2 9 1 6 - - - - - - - - -
- - - 5 7 3 2 9 8 6 4 1 4 5 9 1 6 3 2 7 8
- - - 8 2 9 1 4 6 5 3 7 7 6 2 8 9 4 3 1 5
- - - 4 1 6 5 7 3 2 9 8 1 8 3 2 7 5 9 6 4
- - - 2 3 4 6 1 5 8 7 9 2 3 4 7 1 6 8 5 9
- - - 7 6 8 9 3 4 1 2 5 6 7 8 5 2 9 1 4 3
- - - 1 9 5 8 2 7 3 6 4 9 1 5 3 4 8 7 2 6
4 9 7 2 6 8 3 5 1 6 9 2 8 4 7 9 5 1 6 3 2
2 6 3 5 1 7 4 8 9 5 1 7 3 2 6 4 8 7 5 9 1
5 1 8 9 3 4 2 7 6 4 3 8 5 9 1 6 3 2 4 8 7
1 4 2 6 7 3 5 9 8 2 4 1 7 6 3 9 5 8 - - -
6 8 5 1 9 2 7 4 3 9 5 6 1 8 2 4 3 7 - - -
7 3 9 8 4 5 1 6 2 7 8 3 4 5 9 2 1 6 - - -
8 2 6 4 5 1 9 3 7 6 7 2 5 4 8 1 9 3 - - -
9 7 4 3 2 6 8 1 5 3 9 5 2 1 7 6 8 4 - - -
3 5 1 7 8 9 6 2 4 8 1 4 9 3 6 7 2 5 - - -
- - - - - - - - - 1 3 7 6 9 5 8 4 2 - - -
- - - - - - - - - 4 6 8 3 2 1 5 7 9 - - -
- - - - - - - - - 5 2 9 8 7 4 3 6 1 - - -