21 21
- - - 7 2 9 1 4 5 6 3 8 - - - - - - - - -
- - - 6 1 8 7 9 3 5 4 2 - - - - - - - - -
- - - 4 3 5 2 6 8 9 7 1 - - - - - - - - -
- - - 9 5 3 4 1 2 8 6 7 1 9 4 2 5 8 3 7 6
- - - 2 4 1 8 7 6 3 9 5 8 5 7 6 4 3 9 1 2
- - - 8 7 6 3 5 9 2 1 4 2 3 6 1 7 9 5 4 8
- - - 5 8 7 6 3 1 4 2 9 5 7 8 9 2 4 1 6 3
- - - 1 6 2 9 8 4 7 5 3 6 2 1 8 3 7 4 9 5
- - - 3 9 4 5 2 7 1 8 6 9 4 3 5 1 6 2 8 7
2 4 9 8 3 5 7 1 6 9 3 2 4 8 5 7 9 2 6 3 1
6 7 8 1 4 9 3 5 2 6 4 8 7 1 9 3 6 5 8 2 4
5 1 3 7 6 2 8 4 9 5 1 7 3 6 2 4 8 1 7 5 9
7 2 5 9 8 4 1 6 3 2 9 4 8 5 7 1 3 6 - - -
3 8 1 2 7 6 4 9 5 8 7 1 2 3 6 4 9 5 - - -
4 9 6 5 1 3 2 7 8 3 6 5 1 9 4 2 7 8 - - -
8 3 4 6 5 1 9 2 7 4 2 8 9 6 3 7 5 1 - - -
1 5 2 3 9 7 6 8 4 6 5 7 4 2 1 9 8 3 - - -
9 6 7 4 2 8 5 3 1 1 3 9 5 7 8 6 2 4 - - -
- - - - - - - - - 7 8 6 3 4 2 5 1 9 - - -
- - - - - - - - - 5 4 3 7 1 9 8 6 2 - - -
- - - - - - - - - 9 1 2 6 8 5 3 4 7 - - -