21 21
- - - 9 4 2 3 5 7 6 8 1 - - - - - - - - -
- - - 6 1 3 9 2 8 5 4 7 - - - - - - - - -
- - - 7 8 5 4 1 6 2 9 3 - - - - - - - - -
- - - 5 2 6 7 4 1 8 3 9 4 9 7 6 1 8 5 3 2
- - - 8 3 1 5 9 2 4 7 6 8 5 6 2 3 7 9 4 1
- - - 4 9 7 8 6 3 1 5 2 2 1 3 5 4 9 8 6 7
- - - 1 7 8 2 3 5 9 6 4 1 7 8 4 5 3 2 9 6
- - - 3 6 4 1 8 9 7 2 5 3 6 4 7 9 2 1 5 8
- - - 2 5 9 6 7 4 3 1 8 5 2 9 8 6 1 3 7 4
6 5 1 2 9 3 7 4 8 6 5 1 9 3 2 1 7 6 4 8 5
9 4 7 1 8 6 5 2 3 8 9 7 6 4 1 9 8 5 7 2 3
2 8 3 7 4 5 9 6 1 2 4 3 7 8 5 3 2 4 6 1 9
5 1 6 3 7 4 8 9 2 1 7 6 4 5 3 9 8 2 - - -
4 7 8 9 2 1 3 5 6 4 8 9 2 1 7 5 3 6 - - -
3 9 2 6 5 8 4 1 7 5 3 2 8 9 6 7 4 1 - - -
7 3 9 5 6 2 1 8 4 9 4 5 1 3 8 6 2 7 - - -
8 6 5 4 1 7 2 3 9 7 6 8 5 4 2 3 1 9 - - -
1 2 4 8 3 9 6 7 5 2 1 3 7 6 9 8 5 4 - - -
- - - - - - - - - 8 5 7 9 2 4 1 6 3 - - -
- - - - - - - - - 6 2 1 3 7 5 4 9 8 - - -
- - - - - - - - - 3 9 4 6 8 1 2 7 5 - - -