21 21
- - - 3 9 6 5 1 8 7 2 4 - - - - - - - - -
- - - 8 7 4 6 9 2 1 5 3 - - - - - - - - -
- - - 2 5 1 3 4 7 8 6 9 - - - - - - - - -
- - - 6 1 3 9 7 5 4 8 2 7 4 6 8 3 5 2 1 9
- - - 7 8 5 4 2 6 9 3 1 3 5 1 6 9 2 7 4 8
- - - 9 4 2 8 3 1 6 7 5 2 9 8 7 4 1 6 3 5
- - - 4 6 9 2 8 3 5 1 7 4 6 9 5 2 8 1 7 3
- - - 5 2 7 1 6 4 3 9 8 5 2 7 1 6 3 9 8 4
- - - 1 3 8 7 5 9 2 4 6 8 1 3 4 7 9 5 6 2
6 8 1 3 4 2 5 9 7 6 8 2 1 3 4 9 5 6 8 2 7
9 7 3 1 5 6 4 2 8 9 3 1 6 7 5 2 8 4 3 9 1
4 2 5 7 8 9 6 3 1 7 5 4 9 8 2 3 1 7 4 5 6
3 9 2 6 7 4 8 1 5 4 2 3 7 9 6 5 8 1 - - -
1 5 7 2 9 8 3 4 6 1 7 9 2 5 8 6 3 4 - - -
8 4 6 5 3 1 9 7 2 8 6 5 3 4 1 2 9 7 - - -
5 1 4 9 6 7 2 8 3 3 9 4 6 7 5 8 1 2 - - -
2 3 9 8 1 5 7 6 4 5 8 7 1 2 9 4 6 3 - - -
7 6 8 4 2 3 1 5 9 6 1 2 4 8 3 7 5 9 - - -
- - - - - - - - - 9 4 8 5 3 7 1 2 6 - - -
- - - - - - - - - 2 3 1 8 6 4 9 7 5 - - -
- - - - - - - - - 7 5 6 9 1 2 3 4 8 - - -