21 21
- - - 7 1 4 5 9 3 8 6 2 - - - - - - - - -
- - - 3 9 6 7 8 2 4 5 1 - - - - - - - - -
- - - 8 2 5 4 6 1 9 7 3 - - - - - - - - -
- - - 9 6 1 8 2 7 3 4 5 2 4 8 9 3 6 1 7 5
- - - 2 5 8 6 3 4 1 9 7 6 1 7 2 8 5 3 9 4
- - - 4 7 3 1 5 9 2 8 6 9 3 5 4 7 1 8 2 6
- - - 6 3 2 9 4 5 7 1 8 3 6 2 7 5 9 4 8 1
- - - 5 4 7 3 1 8 6 2 9 5 7 4 8 1 2 9 6 3
- - - 1 8 9 2 7 6 5 3 4 1 8 9 3 6 4 7 5 2
5 3 7 9 1 4 8 6 2 3 7 5 4 9 1 6 2 7 5 3 8
2 9 1 5 6 8 4 3 7 1 9 2 8 5 6 1 9 3 2 4 7
4 6 8 3 7 2 1 5 9 8 4 6 7 2 3 5 4 8 6 1 9
1 4 9 6 2 7 5 8 3 9 6 1 2 4 7 8 3 5 - - -
7 8 3 4 9 5 6 2 1 4 8 7 9 3 5 1 2 6 - - -
6 5 2 1 8 3 7 9 4 2 5 3 6 1 8 4 7 9 - - -
8 2 6 7 3 1 9 4 5 7 1 5 3 9 4 2 6 8 - - -
3 1 4 8 5 9 2 7 6 3 4 8 7 2 6 5 9 1 - - -
9 7 5 2 4 6 3 1 8 6 9 2 8 5 1 7 4 3 - - -
- - - - - - - - - 5 3 9 4 8 2 6 1 7 - - -
- - - - - - - - - 8 2 6 1 7 3 9 5 4 - - -
- - - - - - - - - 1 7 4 5 6 9 3 8 2 - - -