21 21
- - - 5 9 3 1 6 8 4 7 2 - - - - - - - - -
- - - 2 1 6 4 5 7 8 9 3 - - - - - - - - -
- - - 8 7 4 9 2 3 1 6 5 - - - - - - - - -
- - - 4 6 5 3 1 2 7 8 9 2 4 1 5 8 3 7 6 9
- - - 9 3 8 7 4 5 2 1 6 8 5 7 2 6 9 3 4 1
- - - 1 2 7 6 8 9 5 3 4 6 3 9 4 7 1 8 2 5
- - - 3 8 2 5 7 6 9 4 1 3 2 8 6 9 7 1 5 4
- - - 6 5 1 8 9 4 3 2 7 5 1 6 3 2 4 9 8 7
- - - 7 4 9 2 3 1 6 5 8 9 7 4 1 5 8 6 3 2
7 4 3 9 8 2 1 6 5 4 8 2 7 9 3 8 4 2 5 1 6
2 6 9 3 1 5 4 8 7 5 9 3 1 6 2 7 3 5 4 9 8
1 8 5 4 7 6 9 2 3 7 1 6 4 8 5 9 1 6 2 7 3
6 5 7 2 4 8 3 1 9 2 6 4 8 5 7 9 1 3 - - -
9 3 2 1 5 7 6 4 8 1 7 5 2 3 9 4 6 8 - - -
4 1 8 6 9 3 7 5 2 8 3 9 6 4 1 2 5 7 - - -
8 9 4 5 3 1 2 7 6 4 2 8 7 1 3 5 9 6 - - -
5 2 1 7 6 9 8 3 4 6 9 1 4 8 5 7 3 2 - - -
3 7 6 8 2 4 5 9 1 7 5 3 9 2 6 8 4 1 - - -
- - - - - - - - - 9 1 7 5 6 2 3 8 4 - - -
- - - - - - - - - 5 8 6 3 7 4 1 2 9 - - -
- - - - - - - - - 3 4 2 1 9 8 6 7 5 - - -