21 21
- - - 3 1 6 4 5 7 9 8 2 - - - - - - - - -
- - - 4 5 2 8 6 9 7 1 3 - - - - - - - - -
- - - 7 8 9 3 2 1 5 4 6 - - - - - - - - -
- - - 9 4 3 5 8 6 2 7 1 4 6 3 1 7 9 5 2 8
- - - 1 6 7 9 4 2 8 3 5 5 2 7 3 8 6 4 9 1
- - - 8 2 5 7 1 3 4 6 9 1 9 8 2 4 5 6 3 7
- - - 6 7 1 2 9 8 3 5 4 6 7 1 5 9 3 8 4 2
- - - 5 9 8 1 3 4 6 2 7 8 5 9 4 2 7 3 1 6
- - - 2 3 4 6 7 5 1 9 8 3 4 2 8 6 1 7 5 9
3 7 9 5 4 1 8 2 6 9 4 3 7 1 5 9 3 8 2 6 4
5 4 6 8 9 2 3 1 7 5 6 2 9 8 4 6 5 2 1 7 3
8 1 2 3 7 6 4 5 9 7 8 1 2 3 6 7 1 4 9 8 5
7 6 4 2 5 3 9 8 1 2 7 5 4 6 3 1 9 8 - - -
1 2 5 4 8 9 7 6 3 4 1 9 5 2 8 6 3 7 - - -
9 3 8 6 1 7 5 4 2 8 3 6 1 9 7 2 4 5 - - -
6 5 7 9 2 4 1 3 8 6 2 7 8 5 4 9 1 3 - - -
4 9 3 1 6 8 2 7 5 1 8 4 9 3 2 5 7 6 - - -
2 8 1 7 3 5 6 9 4 9 5 3 6 7 1 8 2 4 - - -
- - - - - - - - - 7 6 2 3 1 5 4 8 9 - - -
- - - - - - - - - 3 9 8 2 4 6 7 5 1 - - -
- - - - - - - - - 5 4 1 7 8 9 3 6 2 - - -