21 21
- - - 5 4 3 6 9 2 8 1 7 - - - - - - - - -
- - - 6 1 8 3 7 5 2 4 9 - - - - - - - - -
- - - 7 2 9 8 1 4 3 5 6 - - - - - - - - -
- - - 4 3 7 2 8 9 1 6 5 6 3 2 4 7 5 8 1 9
- - - 8 9 5 7 6 1 4 2 3 4 1 5 9 6 8 7 2 3
- - - 1 6 2 4 5 3 9 7 8 7 8 9 3 1 2 6 5 4
- - - 9 8 4 5 2 6 7 3 1 9 4 8 6 2 7 1 3 5
- - - 2 7 6 1 3 8 5 9 4 2 7 6 5 3 1 4 9 8
- - - 3 5 1 9 4 7 6 8 2 3 5 1 8 4 9 2 7 6
1 8 5 3 2 9 7 6 4 8 1 9 5 2 3 7 8 4 9 6 1
3 6 4 7 1 5 2 8 9 3 7 5 1 6 4 2 9 3 5 8 7
2 7 9 8 4 6 3 1 5 2 4 6 8 9 7 1 5 6 3 4 2
7 9 3 6 8 1 4 5 2 1 6 8 7 3 9 4 2 5 - - -
8 5 2 9 3 4 6 7 1 9 2 3 4 8 5 7 6 1 - - -
4 1 6 5 7 2 8 9 3 4 5 7 6 1 2 8 9 3 - - -
5 4 7 1 6 3 9 2 8 3 9 5 8 7 6 2 1 4 - - -
9 2 8 4 5 7 1 3 6 6 7 4 3 2 1 5 8 9 - - -
6 3 1 2 9 8 5 4 7 8 1 2 9 5 4 6 3 7 - - -
- - - - - - - - - 2 3 1 5 4 8 9 7 6 - - -
- - - - - - - - - 7 4 6 2 9 3 1 5 8 - - -
- - - - - - - - - 5 8 9 1 6 7 3 4 2 - - -