21 21
- - - 9 8 6 5 4 1 7 2 3 - - - - - - - - -
- - - 7 4 5 9 2 3 8 1 6 - - - - - - - - -
- - - 2 1 3 7 6 8 4 9 5 - - - - - - - - -
- - - 1 7 2 3 5 4 6 8 9 3 6 9 4 8 2 1 5 7
- - - 5 6 9 8 7 2 3 4 1 2 4 1 9 5 7 3 6 8
- - - 4 3 8 6 1 9 5 7 2 7 8 5 1 6 3 4 9 2
- - - 3 9 7 2 8 5 1 6 4 9 3 7 5 2 1 8 4 6
- - - 6 2 1 4 3 7 9 5 8 6 1 2 3 4 8 5 7 9
- - - 8 5 4 1 9 6 2 3 7 8 5 4 7 9 6 2 3 1
1 3 4 9 2 5 7 6 8 4 9 1 5 2 3 6 1 9 7 8 4
6 5 8 7 1 3 9 4 2 3 8 5 1 7 6 8 3 4 9 2 5
9 2 7 4 8 6 5 1 3 6 7 2 4 9 8 2 7 5 6 1 3
2 4 3 5 9 8 6 7 1 8 2 9 3 4 5 6 1 7 - - -
5 1 6 3 4 7 8 2 9 5 4 3 7 6 1 9 8 2 - - -
8 7 9 2 6 1 3 5 4 7 1 6 2 8 9 5 4 3 - - -
4 8 2 6 5 9 1 3 7 6 9 8 1 7 4 3 2 5 - - -
3 6 1 8 7 2 4 9 5 4 3 2 9 5 6 1 7 8 - - -
7 9 5 1 3 4 2 8 6 1 7 5 8 3 2 4 9 6 - - -
- - - - - - - - - 3 5 7 4 9 8 2 6 1 - - -
- - - - - - - - - 2 8 4 6 1 3 7 5 9 - - -
- - - - - - - - - 9 6 1 5 2 7 8 3 4 - - -