21 21
- - - 4 7 6 9 8 2 5 1 3 - - - - - - - - -
- - - 8 3 5 6 7 1 2 4 9 - - - - - - - - -
- - - 9 1 2 5 4 3 8 7 6 - - - - - - - - -
- - - 3 4 9 2 5 7 6 8 1 9 7 2 8 5 4 3 1 6
- - - 1 2 7 8 9 6 3 5 4 3 8 4 6 1 2 9 7 5
- - - 6 5 8 1 3 4 9 2 7 6 5 1 9 3 7 2 8 4
- - - 5 8 3 7 1 9 4 6 2 8 3 5 1 4 9 7 6 2
- - - 2 9 1 4 6 5 7 3 8 1 2 9 7 6 3 5 4 8
- - - 7 6 4 3 2 8 1 9 5 7 4 6 2 8 5 1 9 3
8 3 5 2 1 6 9 4 7 2 8 1 5 6 3 4 9 1 8 2 7
6 1 9 4 7 5 2 8 3 6 5 9 4 1 7 5 2 8 6 3 9
4 7 2 9 8 3 6 5 1 3 7 4 2 9 8 3 7 6 4 5 1
3 2 8 7 5 4 1 9 6 8 2 7 3 5 4 1 6 9 - - -
9 4 1 6 3 8 5 7 2 9 4 3 6 8 1 2 5 7 - - -
5 6 7 1 9 2 8 3 4 5 1 6 9 7 2 3 8 4 - - -
7 8 6 3 2 9 4 1 5 2 6 9 8 1 3 4 7 5 - - -
1 5 4 8 6 7 3 2 9 4 7 5 2 9 6 8 1 3 - - -
2 9 3 5 4 1 7 6 8 3 8 1 5 4 7 9 2 6 - - -
- - - - - - - - - 6 3 4 1 2 5 7 9 8 - - -
- - - - - - - - - 1 5 8 7 3 9 6 4 2 - - -
- - - - - - - - - 7 9 2 4 6 8 5 3 1 - - -