21 21
- - - 4 2 1 7 9 5 8 3 6 - - - - - - - - -
- - - 6 8 5 4 2 3 7 9 1 - - - - - - - - -
- - - 3 7 9 1 6 8 4 5 2 - - - - - - - - -
- - - 1 6 4 8 5 7 9 2 3 2 5 6 9 7 3 1 4 8
- - - 2 5 7 3 1 9 6 4 8 1 3 8 6 2 4 5 7 9
- - - 9 3 8 2 4 6 1 7 5 9 7 4 1 8 5 6 2 3
- - - 5 4 2 6 7 1 3 8 9 4 2 5 8 9 7 3 6 1
- - - 7 1 3 9 8 2 5 6 4 7 1 3 5 4 6 8 9 2
- - - 8 9 6 5 3 4 2 1 7 8 6 9 3 1 2 4 5 7
5 3 7 8 4 6 2 1 9 4 3 6 5 8 7 4 3 9 2 1 6
8 9 6 2 1 7 4 5 3 7 2 8 6 9 1 2 5 8 7 3 4
2 1 4 9 5 3 8 6 7 9 5 1 3 4 2 7 6 1 9 8 5
9 6 1 7 2 5 3 4 8 1 7 2 9 5 6 3 4 8 - - -
4 5 8 3 9 1 7 2 6 8 9 5 1 3 4 7 2 6 - - -
7 2 3 6 8 4 1 9 5 6 4 3 2 7 8 5 9 1 - - -
1 7 2 5 3 9 6 8 4 5 2 6 4 8 1 9 3 7 - - -
3 4 9 1 6 8 5 7 2 7 8 1 3 9 5 2 6 4 - - -
6 8 5 4 7 2 9 3 1 9 3 4 7 6 2 8 1 5 - - -
- - - - - - - - - 4 5 8 6 2 3 1 7 9 - - -
- - - - - - - - - 2 6 7 5 1 9 4 8 3 - - -
- - - - - - - - - 3 1 9 8 4 7 6 5 2 - - -