21 21
- - - 6 2 4 1 5 8 3 7 9 - - - - - - - - -
- - - 1 3 9 2 7 4 5 6 8 - - - - - - - - -
- - - 7 8 5 9 6 3 4 1 2 - - - - - - - - -
- - - 9 4 1 3 8 2 7 5 6 7 1 3 4 5 8 9 2 6
- - - 2 5 6 4 1 7 9 8 3 8 9 6 2 7 1 5 3 4
- - - 3 7 8 5 9 6 2 4 1 5 4 2 6 3 9 7 1 8
- - - 8 1 2 7 4 9 6 3 5 1 2 8 3 4 5 6 9 7
- - - 5 9 7 6 3 1 8 2 4 9 5 7 1 2 6 4 8 3
- - - 4 6 3 8 2 5 1 9 7 6 3 4 8 9 7 1 5 2
6 7 1 2 5 3 9 8 4 2 5 6 3 7 1 5 6 2 8 4 9
3 2 8 1 4 9 5 6 7 3 4 1 2 8 9 7 1 4 3 6 5
9 4 5 8 6 7 3 1 2 7 8 9 4 6 5 9 8 3 2 7 1
8 3 9 7 2 4 1 5 6 9 7 3 8 4 2 5 1 6 - - -
7 6 2 3 1 5 4 9 8 5 6 2 7 1 3 9 4 8 - - -
5 1 4 6 9 8 2 7 3 4 1 8 5 9 6 7 3 2 - - -
2 9 6 4 8 1 7 3 5 6 3 4 1 8 9 2 5 7 - - -
1 8 7 5 3 2 6 4 9 1 2 9 3 5 7 6 8 4 - - -
4 5 3 9 7 6 8 2 1 8 5 7 2 6 4 3 9 1 - - -
- - - - - - - - - 2 9 6 4 3 8 1 7 5 - - -
- - - - - - - - - 7 8 1 9 2 5 4 6 3 - - -
- - - - - - - - - 3 4 5 6 7 1 8 2 9 - - -