21 21
- - - 5 6 8 1 2 7 3 4 9 - - - - - - - - -
- - - 4 9 3 6 5 8 1 7 2 - - - - - - - - -
- - - 2 1 7 9 3 4 5 8 6 - - - - - - - - -
- - - 3 8 4 2 6 1 7 9 5 8 1 6 9 7 2 4 3 5
- - - 6 2 5 7 4 9 8 1 3 9 3 2 4 8 5 7 1 6
- - - 9 7 1 3 8 5 2 6 4 4 5 7 3 6 1 8 9 2
- - - 1 4 2 5 7 6 9 3 8 2 4 1 7 3 8 5 6 9
- - - 8 3 9 4 1 2 6 5 7 3 9 8 2 5 6 1 7 4
- - - 7 5 6 8 9 3 4 2 1 6 7 5 1 9 4 3 2 8
1 9 2 3 8 5 6 4 7 3 8 5 1 2 9 5 4 7 6 8 3
7 4 6 2 1 9 3 8 5 1 9 2 7 6 4 8 2 3 9 5 1
8 3 5 6 4 7 1 2 9 7 4 6 5 8 3 6 1 9 2 4 7
5 6 1 9 2 4 7 3 8 2 1 4 9 5 6 3 7 8 - - -
9 7 4 8 3 6 2 5 1 8 6 9 4 3 7 1 2 5 - - -
2 8 3 7 5 1 9 6 4 5 7 3 8 1 2 6 4 9 - - -
4 5 9 1 6 2 8 7 3 3 8 5 2 7 1 4 9 6 - - -
3 2 7 5 9 8 4 1 6 4 2 7 5 6 9 8 1 3 - - -
6 1 8 4 7 3 5 9 2 1 9 6 3 4 8 7 5 2 - - -
- - - - - - - - - 7 5 1 6 2 3 9 8 4 - - -
- - - - - - - - - 6 4 8 7 9 5 2 3 1 - - -
- - - - - - - - - 9 3 2 1 8 4 5 6 7 - - -