21 21
- - - 5 1 3 9 6 4 2 7 8 - - - - - - - - -
- - - 7 4 6 2 5 8 9 3 1 - - - - - - - - -
- - - 8 9 2 1 3 7 4 5 6 - - - - - - - - -
- - - 4 2 9 6 7 3 1 8 5 4 1 6 7 5 8 2 3 9
- - - 3 5 8 4 2 1 6 9 7 3 5 8 2 4 9 7 1 6
- - - 1 6 7 8 9 5 3 4 2 9 2 7 3 1 6 4 5 8
- - - 9 7 1 3 8 6 5 2 4 1 7 9 5 2 4 6 8 3
- - - 2 8 4 5 1 9 7 6 3 8 4 2 1 6 3 5 9 7
- - - 6 3 5 7 4 2 8 1 9 6 3 5 9 8 7 1 2 4
4 9 5 7 1 2 6 3 8 4 5 2 7 9 1 6 3 5 8 4 2
8 6 3 4 5 9 2 7 1 9 3 8 5 6 4 8 9 2 3 7 1
1 2 7 3 6 8 4 9 5 1 7 6 2 8 3 4 7 1 9 6 5
3 8 2 1 4 6 9 5 7 6 4 1 3 2 8 7 5 9 - - -
5 1 4 2 9 7 8 6 3 2 9 5 4 1 7 8 3 6 - - -
9 7 6 5 8 3 1 2 4 3 8 7 9 5 6 4 2 1 - - -
2 3 9 8 7 1 5 4 6 1 3 8 2 9 4 5 6 7 - - -
7 5 1 6 2 4 3 8 9 5 2 4 7 6 3 9 1 8 - - -
6 4 8 9 3 5 7 1 2 9 7 6 1 8 5 3 4 2 - - -
- - - - - - - - - 4 5 2 8 7 1 6 9 3 - - -
- - - - - - - - - 8 1 3 6 4 9 2 7 5 - - -
- - - - - - - - - 7 6 9 5 3 2 1 8 4 - - -