21 21
- - - 7 9 6 1 2 3 4 8 5 - - - - - - - - -
- - - 1 3 8 5 9 4 6 7 2 - - - - - - - - -
- - - 4 5 2 8 7 6 1 3 9 - - - - - - - - -
- - - 3 2 9 7 4 8 5 6 1 1 5 8 4 6 7 2 9 3
- - - 6 4 1 3 5 9 7 2 8 2 9 4 8 5 3 6 7 1
- - - 5 8 7 2 6 1 9 4 3 3 6 7 1 9 2 5 8 4
- - - 2 1 4 9 3 7 8 5 6 4 2 1 6 3 9 7 5 8
- - - 8 6 5 4 1 2 3 9 7 6 8 5 7 4 1 9 3 2
- - - 9 7 3 6 8 5 2 1 4 9 7 3 5 2 8 1 4 6
7 6 8 5 3 1 2 9 4 5 7 3 8 1 6 3 7 5 4 2 9
4 5 3 2 9 6 1 7 8 4 6 2 5 3 9 2 1 4 8 6 7
1 9 2 4 7 8 3 5 6 9 8 1 7 4 2 9 8 6 3 1 5
8 1 4 7 6 3 5 2 9 7 3 8 1 6 4 2 5 9 - - -
6 3 9 8 2 5 7 4 1 6 2 9 3 5 8 7 1 4 - - -
2 7 5 9 1 4 8 6 3 1 4 5 2 9 7 8 6 3 - - -
5 8 6 1 4 7 9 3 2 9 5 4 7 2 1 3 8 6 - - -
3 2 7 6 8 9 4 1 5 3 6 1 8 4 9 5 2 7 - - -
9 4 1 3 5 2 6 8 7 2 8 7 5 3 6 9 4 1 - - -
- - - - - - - - - 4 7 2 6 8 3 1 9 5 - - -
- - - - - - - - - 5 1 6 9 7 2 4 3 8 - - -
- - - - - - - - - 8 9 3 4 1 5 6 7 2 - - -