21 21
- - - 9 2 3 4 5 7 6 1 8 - - - - - - - - -
- - - 8 6 5 2 1 3 4 7 9 - - - - - - - - -
- - - 7 1 4 9 8 6 3 5 2 - - - - - - - - -
- - - 6 5 7 1 3 9 2 8 4 1 4 3 6 2 9 7 8 5
- - - 1 8 9 7 2 4 5 3 6 8 2 5 1 3 7 6 9 4
- - - 3 4 2 8 6 5 1 9 7 6 7 9 5 8 4 2 3 1
- - - 5 9 1 6 4 8 7 2 3 9 5 1 8 7 2 3 4 6
- - - 4 3 8 5 7 2 9 6 1 4 3 8 9 6 1 5 2 7
- - - 2 7 6 3 9 1 8 4 5 2 6 7 4 5 3 9 1 8
1 7 9 6 3 2 4 8 5 3 9 2 7 1 6 2 9 8 4 5 3
8 6 2 5 1 4 9 3 7 4 1 6 5 8 2 3 4 6 1 7 9
3 4 5 9 8 7 1 2 6 5 8 7 3 9 4 7 1 5 8 6 2
4 8 3 7 6 5 2 1 9 6 3 4 8 7 5 2 1 9 - - -
9 5 1 4 2 8 7 6 3 2 5 8 1 4 9 3 6 7 - - -
7 2 6 3 9 1 8 5 4 1 7 9 6 2 3 5 4 8 - - -
5 1 7 2 4 6 3 9 8 5 9 6 2 3 1 7 8 4 - - -
6 3 8 1 7 9 5 4 2 7 4 3 5 6 8 9 2 1 - - -
2 9 4 8 5 3 6 7 1 8 1 2 4 9 7 6 5 3 - - -
- - - - - - - - - 4 2 7 9 1 6 8 3 5 - - -
- - - - - - - - - 9 6 5 3 8 4 1 7 2 - - -
- - - - - - - - - 3 8 1 7 5 2 4 9 6 - - -