21 21
- - - 6 7 8 5 9 4 3 1 2 - - - - - - - - -
- - - 9 2 4 1 8 3 6 5 7 - - - - - - - - -
- - - 3 5 1 6 7 2 4 8 9 - - - - - - - - -
- - - 7 6 3 9 2 1 5 4 8 3 8 2 4 1 5 6 7 9
- - - 4 1 9 7 5 8 2 6 3 6 4 5 8 7 9 2 3 1
- - - 5 8 2 3 4 6 9 7 1 7 1 9 6 3 2 4 8 5
- - - 2 9 7 4 1 5 8 3 6 2 9 7 5 6 8 1 4 3
- - - 8 4 6 2 3 7 1 9 5 8 6 4 1 2 3 9 5 7
- - - 1 3 5 8 6 9 7 2 4 1 5 3 7 9 4 8 6 2
9 6 8 4 7 3 5 2 1 4 8 3 9 7 6 3 4 1 5 2 8
5 4 2 9 8 1 3 7 6 5 1 9 4 2 8 9 5 7 3 1 6
1 7 3 5 6 2 9 8 4 6 7 2 5 3 1 2 8 6 7 9 4
4 9 6 2 3 7 1 5 8 9 6 7 3 4 2 8 5 1 - - -
7 3 5 1 4 8 6 9 2 3 4 1 7 8 5 2 9 6 - - -
2 8 1 6 5 9 7 4 3 2 5 8 6 1 9 4 3 7 - - -
6 5 7 8 1 4 2 3 9 8 9 6 5 7 1 3 4 2 - - -
8 1 9 3 2 5 4 6 7 7 3 5 4 2 8 1 6 9 - - -
3 2 4 7 9 6 8 1 5 1 2 4 9 3 6 5 7 8 - - -
- - - - - - - - - 4 8 9 1 6 3 7 2 5 - - -
- - - - - - - - - 6 1 3 2 5 7 9 8 4 - - -
- - - - - - - - - 5 7 2 8 9 4 6 1 3 - - -