21 21
- - - 2 5 3 8 1 9 7 6 4 - - - - - - - - -
- - - 8 7 9 6 4 5 1 3 2 - - - - - - - - -
- - - 4 6 1 3 2 7 5 8 9 - - - - - - - - -
- - - 1 2 6 4 7 3 9 5 8 5 9 2 7 3 4 6 8 1
- - - 7 8 4 9 5 1 6 2 3 3 6 4 1 2 8 5 7 9
- - - 3 9 5 2 6 8 4 1 7 8 1 7 9 5 6 2 4 3
- - - 5 1 8 7 3 4 2 9 6 1 8 5 2 9 7 3 6 4
- - - 9 4 2 5 8 6 3 7 1 4 2 9 8 6 3 1 5 7
- - - 6 3 7 1 9 2 8 4 5 6 7 3 4 1 5 9 2 8
1 3 7 9 6 4 2 5 8 9 6 4 7 3 1 5 8 2 4 9 6
6 2 4 5 8 7 9 1 3 7 5 8 2 4 6 3 7 9 8 1 5
8 5 9 1 2 3 4 6 7 1 3 2 9 5 8 6 4 1 7 3 2
7 6 5 2 9 8 3 4 1 5 2 9 8 6 7 3 1 4 - - -
4 9 3 6 7 1 8 2 5 6 1 7 3 9 4 5 2 8 - - -
2 8 1 3 4 5 6 7 9 4 8 3 5 1 2 7 9 6 - - -
5 4 2 7 3 9 1 8 6 8 7 4 6 2 5 1 3 9 - - -
3 1 8 4 5 6 7 9 2 9 5 2 1 4 3 6 8 7 - - -
9 7 6 8 1 2 5 3 4 3 6 1 7 8 9 4 5 2 - - -
- - - - - - - - - 1 9 5 2 7 6 8 4 3 - - -
- - - - - - - - - 7 4 8 9 3 1 2 6 5 - - -
- - - - - - - - - 2 3 6 4 5 8 9 7 1 - - -