21 21
- - - 4 8 2 3 6 9 7 5 1 - - - - - - - - -
- - - 6 1 7 5 8 4 9 2 3 - - - - - - - - -
- - - 5 3 9 7 2 1 4 8 6 - - - - - - - - -
- - - 7 5 8 9 3 2 6 1 4 9 7 4 3 8 2 5 1 6
- - - 3 2 4 6 1 7 5 9 8 1 6 3 4 5 7 2 9 8
- - - 9 6 1 8 4 5 3 7 2 2 5 8 1 6 9 3 7 4
- - - 2 4 5 1 9 3 8 6 7 4 2 5 7 1 6 9 8 3
- - - 8 7 3 2 5 6 1 4 9 8 3 7 9 4 5 6 2 1
- - - 1 9 6 4 7 8 2 3 5 6 9 1 2 3 8 4 5 7
8 3 2 4 6 5 7 1 9 5 8 6 3 4 2 8 9 1 7 6 5
5 4 7 1 3 9 8 6 2 4 7 3 5 1 9 6 7 3 8 4 2
1 9 6 7 8 2 5 3 4 9 1 2 7 8 6 5 2 4 1 3 9
7 8 1 9 2 6 3 4 5 7 2 1 9 6 8 3 4 5 - - -
2 6 3 5 4 7 9 8 1 6 5 4 2 7 3 9 8 1 - - -
4 5 9 3 1 8 6 2 7 3 9 8 1 5 4 2 6 7 - - -
9 1 4 6 7 3 2 5 8 2 3 6 7 9 1 8 5 4 - - -
6 2 5 8 9 4 1 7 3 5 4 9 8 2 6 7 1 3 - - -
3 7 8 2 5 1 4 9 6 1 8 7 4 3 5 6 9 2 - - -
- - - - - - - - - 8 7 3 5 1 9 4 2 6 - - -
- - - - - - - - - 4 1 2 6 8 7 5 3 9 - - -
- - - - - - - - - 9 6 5 3 4 2 1 7 8 - - -