21 21
- - - 9 5 4 6 3 8 2 1 7 - - - - - - - - -
- - - 1 3 6 2 5 7 4 8 9 - - - - - - - - -
- - - 7 8 2 1 9 4 3 5 6 - - - - - - - - -
- - - 4 1 8 9 7 5 6 3 2 2 4 6 1 8 9 7 3 5
- - - 3 7 5 4 6 2 1 9 8 7 5 1 2 4 3 6 8 9
- - - 2 6 9 3 8 1 5 7 4 3 9 8 6 7 5 2 1 4
- - - 5 2 7 8 4 3 9 6 1 5 2 7 3 6 1 9 4 8
- - - 6 4 3 7 1 9 8 2 5 4 6 3 9 2 8 5 7 1
- - - 8 9 1 5 2 6 7 4 3 8 1 9 4 5 7 3 6 2
3 7 2 6 5 1 4 9 8 6 5 7 1 3 2 7 9 4 8 5 6
4 5 8 9 2 7 3 6 1 2 8 4 9 7 5 8 1 6 4 2 3
6 1 9 3 4 8 2 7 5 1 3 9 6 8 4 5 3 2 1 9 7
8 3 1 7 9 4 6 5 2 3 9 8 7 4 1 2 5 6 - - -
7 9 5 8 6 2 1 3 4 5 7 6 2 9 8 1 4 3 - - -
2 6 4 1 3 5 9 8 7 4 1 2 3 5 6 9 7 8 - - -
1 4 3 5 7 9 8 2 6 7 6 3 4 1 5 8 2 9 - - -
5 8 6 2 1 3 7 4 9 2 4 1 8 7 9 3 6 5 - - -
9 2 7 4 8 6 5 1 3 8 5 9 6 3 2 7 1 4 - - -
- - - - - - - - - 6 8 5 1 2 3 4 9 7 - - -
- - - - - - - - - 1 3 4 9 6 7 5 8 2 - - -
- - - - - - - - - 9 2 7 5 8 4 6 3 1 - - -