21 21
- - - 6 7 3 8 4 9 1 5 2 - - - - - - - - -
- - - 9 4 1 2 6 5 3 7 8 - - - - - - - - -
- - - 8 5 2 7 1 3 6 9 4 - - - - - - - - -
- - - 2 6 8 4 3 7 5 1 9 9 4 8 3 1 5 6 2 7
- - - 7 1 4 9 5 8 2 3 6 6 3 7 8 9 2 4 5 1
- - - 3 9 5 1 2 6 8 4 7 1 5 2 4 6 7 3 9 8
- - - 5 2 9 3 8 4 7 6 1 5 2 9 7 3 8 1 6 4
- - - 4 8 6 5 7 1 9 2 3 4 8 6 9 5 1 7 3 2
- - - 1 3 7 6 9 2 4 8 5 3 7 1 2 4 6 9 8 5
8 7 2 1 9 3 4 5 6 8 1 7 2 9 3 1 8 4 5 7 6
4 3 6 8 5 2 7 1 9 5 3 2 8 6 4 5 7 3 2 1 9
1 5 9 4 7 6 2 3 8 6 9 4 7 1 5 6 2 9 8 4 3
9 2 4 7 3 8 1 6 5 3 7 8 9 4 2 1 6 5 - - -
7 6 5 9 4 1 8 2 3 1 4 9 6 5 7 2 3 8 - - -
3 8 1 6 2 5 9 4 7 2 5 6 1 3 8 9 7 4 - - -
5 1 7 3 8 4 6 9 2 8 6 5 3 1 9 4 2 7 - - -
2 4 8 5 6 9 3 7 1 7 9 3 5 2 4 6 8 1 - - -
6 9 3 2 1 7 5 8 4 4 2 1 8 7 6 3 5 9 - - -
- - - - - - - - - 6 3 4 7 9 5 8 1 2 - - -
- - - - - - - - - 9 1 7 2 8 3 5 4 6 - - -
- - - - - - - - - 5 8 2 4 6 1 7 9 3 - - -