21 21
- - - 9 3 2 6 7 8 1 4 5 - - - - - - - - -
- - - 5 4 7 1 9 3 6 2 8 - - - - - - - - -
- - - 8 1 6 5 2 4 9 3 7 - - - - - - - - -
- - - 4 6 9 7 8 5 2 1 3 6 4 5 3 8 1 2 9 7
- - - 3 7 1 2 4 6 8 5 9 3 2 8 7 9 4 6 1 5
- - - 2 5 8 3 1 9 4 7 6 9 1 7 5 6 2 3 4 8
- - - 6 9 5 4 3 2 7 8 1 5 9 6 2 4 7 8 3 1
- - - 1 8 4 9 5 7 3 6 2 1 8 4 9 3 6 5 7 2
- - - 7 2 3 8 6 1 5 9 4 2 7 3 1 5 8 4 6 9
2 1 7 3 4 5 6 9 8 2 3 7 4 5 1 6 2 9 7 8 3
3 5 8 6 9 1 7 2 4 1 5 6 8 3 9 4 7 5 1 2 6
4 9 6 8 7 2 5 1 3 8 4 9 7 6 2 8 1 3 9 5 4
9 7 5 2 1 4 3 8 6 4 1 5 9 2 7 3 8 6 - - -
6 4 2 5 3 8 1 7 9 6 2 8 3 4 5 7 9 1 - - -
8 3 1 7 6 9 2 4 5 9 7 3 6 1 8 5 4 2 - - -
1 6 3 4 8 7 9 5 2 8 4 9 2 7 6 1 3 5 - - -
7 2 4 9 5 3 8 6 1 7 3 6 5 9 1 8 2 4 - - -
5 8 9 1 2 6 4 3 7 2 5 1 4 8 3 9 6 7 - - -
- - - - - - - - - 1 6 2 8 5 9 4 7 3 - - -
- - - - - - - - - 5 9 4 7 3 2 6 1 8 - - -
- - - - - - - - - 3 8 7 1 6 4 2 5 9 - - -