21 21
- - - 9 7 1 6 5 2 4 8 3 - - - - - - - - -
- - - 8 5 4 3 1 9 2 7 6 - - - - - - - - -
- - - 3 2 6 7 8 4 9 5 1 - - - - - - - - -
- - - 2 9 8 5 3 6 1 4 7 1 4 6 2 9 5 7 8 3
- - - 6 1 5 2 4 7 8 3 9 8 9 7 1 3 6 2 4 5
- - - 7 4 3 1 9 8 6 2 5 5 2 3 7 4 8 1 9 6
- - - 5 8 9 4 7 1 3 6 2 9 8 5 6 7 1 3 2 4
- - - 4 6 7 9 2 3 5 1 8 7 6 4 8 2 3 9 5 1
- - - 1 3 2 8 6 5 7 9 4 2 3 1 9 5 4 6 7 8
1 7 5 6 9 8 2 3 4 9 5 1 6 7 8 5 1 9 4 3 2
6 3 4 1 2 7 5 8 9 4 7 6 3 1 2 4 8 7 5 6 9
2 9 8 3 4 5 7 1 6 2 8 3 4 5 9 3 6 2 8 1 7
3 5 6 4 8 2 1 9 7 6 4 5 8 2 3 9 7 1 - - -
4 8 9 7 1 3 6 5 2 8 3 9 1 4 7 6 5 2 - - -
7 1 2 9 5 6 3 4 8 1 2 7 5 9 6 8 4 3 - - -
8 2 3 5 6 9 4 7 1 2 5 4 7 8 9 1 3 6 - - -
5 6 1 8 7 4 9 2 3 3 9 1 6 5 4 7 2 8 - - -
9 4 7 2 3 1 8 6 5 7 8 6 3 1 2 5 9 4 - - -
- - - - - - - - - 9 1 8 2 3 5 4 6 7 - - -
- - - - - - - - - 5 6 3 4 7 8 2 1 9 - - -
- - - - - - - - - 4 7 2 9 6 1 3 8 5 - - -