21 21
- - - 3 7 8 4 6 9 2 5 1 - - - - - - - - -
- - - 2 6 5 1 8 3 9 4 7 - - - - - - - - -
- - - 9 1 4 7 5 2 6 8 3 - - - - - - - - -
- - - 4 8 6 9 7 5 3 1 2 7 5 9 1 2 8 4 3 6
- - - 7 3 9 2 1 8 4 6 5 6 8 4 7 3 5 1 9 2
- - - 1 5 2 6 3 4 8 7 9 2 3 1 4 6 9 7 5 8
- - - 6 2 3 5 4 7 1 9 8 3 2 6 5 8 1 9 7 4
- - - 5 9 1 8 2 6 7 3 4 9 1 5 2 4 7 6 8 3
- - - 8 4 7 3 9 1 5 2 6 8 4 7 6 9 3 5 2 1
5 1 9 6 4 3 7 8 2 9 4 5 1 6 3 9 7 2 8 4 5
2 3 8 9 5 7 1 6 4 8 7 3 5 9 2 8 1 4 3 6 7
7 6 4 1 2 8 9 3 5 2 6 1 4 7 8 3 5 6 2 1 9
1 9 2 7 3 6 4 5 8 6 1 2 7 3 9 4 5 8 - - -
3 4 7 2 8 5 6 1 9 3 5 7 2 8 4 1 9 6 - - -
8 5 6 4 1 9 2 7 3 4 8 9 6 5 1 2 7 3 - - -
6 7 5 3 9 2 8 4 1 1 7 4 9 6 8 5 3 2 - - -
9 8 1 5 6 4 3 2 7 5 6 3 1 2 7 9 8 4 - - -
4 2 3 8 7 1 5 9 6 9 2 8 5 4 3 7 6 1 - - -
- - - - - - - - - 8 9 5 3 1 2 6 4 7 - - -
- - - - - - - - - 7 3 1 4 9 6 8 2 5 - - -
- - - - - - - - - 2 4 6 8 7 5 3 1 9 - - -