21 21
- - - 2 8 3 7 9 1 5 4 6 - - - - - - - - -
- - - 5 4 1 3 6 8 9 7 2 - - - - - - - - -
- - - 7 6 9 5 4 2 8 1 3 - - - - - - - - -
- - - 3 7 4 2 8 9 6 5 1 4 6 2 9 5 8 3 1 7
- - - 6 5 2 1 3 4 7 8 9 7 5 9 2 3 1 8 6 4
- - - 9 1 8 6 5 7 3 2 4 3 8 1 7 4 6 2 5 9
- - - 4 2 6 9 7 5 1 3 8 6 2 4 5 8 3 7 9 1
- - - 8 3 7 4 1 6 2 9 5 8 3 7 1 6 9 5 4 2
- - - 1 9 5 8 2 3 4 6 7 1 9 5 4 2 7 6 8 3
9 1 8 2 4 3 5 6 7 3 1 9 2 4 8 3 9 5 1 7 6
2 5 3 7 8 6 1 9 4 8 2 6 5 7 3 6 1 4 9 2 8
7 4 6 1 9 5 2 3 8 7 5 4 9 1 6 8 7 2 4 3 5
3 7 4 9 2 8 6 5 1 9 7 3 4 8 2 6 1 5 - - -
6 8 2 3 5 1 7 4 9 6 8 2 3 5 1 9 7 4 - - -
1 9 5 4 6 7 3 8 2 5 4 1 7 6 9 8 3 2 - - -
8 2 7 6 3 4 9 1 5 2 5 8 1 4 6 7 9 3 - - -
4 6 1 5 7 9 8 2 3 4 6 7 9 3 8 5 2 1 - - -
5 3 9 8 1 2 4 7 6 3 1 9 2 7 5 4 6 8 - - -
- - - - - - - - - 7 2 5 6 1 4 3 8 9 - - -
- - - - - - - - - 8 9 6 5 2 3 1 4 7 - - -
- - - - - - - - - 1 3 4 8 9 7 2 5 6 - - -