21 21
- - - 3 7 8 5 6 2 4 1 9 - - - - - - - - -
- - - 6 1 9 4 8 3 7 5 2 - - - - - - - - -
- - - 2 4 5 7 9 1 3 8 6 - - - - - - - - -
- - - 1 9 3 8 5 4 6 2 7 5 9 4 3 2 8 7 1 6
- - - 7 5 2 9 1 6 8 3 4 2 8 3 7 1 6 4 9 5
- - - 4 8 6 2 3 7 1 9 5 1 7 6 4 5 9 3 8 2
- - - 8 3 4 6 2 9 5 7 1 4 3 8 1 6 2 5 7 9
- - - 9 6 1 3 7 5 2 4 8 6 1 9 5 7 4 2 3 8
- - - 5 2 7 1 4 8 9 6 3 7 5 2 8 9 3 6 4 1
9 5 6 8 3 4 7 1 2 8 9 4 3 6 5 9 4 1 8 2 7
2 4 1 9 7 5 8 6 3 1 5 2 9 4 7 2 8 5 1 6 3
3 8 7 2 6 1 9 5 4 7 3 6 8 2 1 6 3 7 9 5 4
1 9 2 6 4 8 5 3 7 4 2 9 1 8 6 3 7 5 - - -
4 7 3 5 1 9 2 8 6 3 1 7 5 9 4 6 2 8 - - -
5 6 8 7 2 3 4 9 1 6 8 5 2 7 3 1 4 9 - - -
7 2 5 1 9 6 3 4 8 5 7 3 9 1 2 4 8 6 - - -
6 3 9 4 8 7 1 2 5 8 6 2 3 4 5 9 1 7 - - -
8 1 4 3 5 2 6 7 9 9 4 1 8 6 7 5 3 2 - - -
- - - - - - - - - 1 3 6 7 2 9 8 5 4 - - -
- - - - - - - - - 7 5 4 6 3 8 2 9 1 - - -
- - - - - - - - - 2 9 8 4 5 1 7 6 3 - - -