21 21
- - - 4 5 8 6 2 1 9 7 3 - - - - - - - - -
- - - 7 9 3 4 8 5 2 1 6 - - - - - - - - -
- - - 2 1 6 9 3 7 4 5 8 - - - - - - - - -
- - - 6 7 4 1 5 3 8 2 9 2 5 3 1 9 8 6 4 7
- - - 1 3 9 8 4 2 7 6 5 9 6 4 5 7 2 8 1 3
- - - 5 8 2 7 6 9 3 4 1 1 7 8 4 3 6 5 9 2
- - - 3 2 1 5 9 4 6 8 7 3 1 2 7 5 9 4 8 6
- - - 9 6 7 2 1 8 5 3 4 6 9 7 8 4 3 2 5 1
- - - 8 4 5 3 7 6 1 9 2 8 4 5 2 6 1 3 7 9
5 3 4 9 6 2 1 8 7 2 5 9 4 3 6 9 1 5 7 2 8
7 1 8 3 5 4 9 6 2 7 4 3 5 8 1 3 2 7 9 6 4
9 6 2 8 7 1 4 3 5 8 1 6 7 2 9 6 8 4 1 3 5
6 5 9 4 3 8 7 2 1 3 6 8 9 5 4 1 7 2 - - -
3 4 1 6 2 7 8 5 9 4 7 1 2 6 3 5 9 8 - - -
8 2 7 5 1 9 6 4 3 9 2 5 1 7 8 3 4 6 - - -
4 7 3 2 9 6 5 1 8 6 4 3 8 9 7 2 5 1 - - -
1 8 5 7 4 3 2 9 6 8 1 2 5 4 6 9 3 7 - - -
2 9 6 1 8 5 3 7 4 7 5 9 3 1 2 8 6 4 - - -
- - - - - - - - - 5 8 7 6 2 9 4 1 3 - - -
- - - - - - - - - 2 9 4 7 3 1 6 8 5 - - -
- - - - - - - - - 1 3 6 4 8 5 7 2 9 - - -