21 21
- - - 8 1 7 4 2 9 3 6 5 - - - - - - - - -
- - - 2 6 9 8 5 3 1 4 7 - - - - - - - - -
- - - 4 3 5 1 6 7 8 9 2 - - - - - - - - -
- - - 3 7 8 2 4 6 5 1 9 3 8 2 6 9 7 5 4 1
- - - 9 2 4 3 1 5 6 7 8 4 9 6 1 2 5 7 8 3
- - - 1 5 6 9 7 8 4 2 3 1 7 5 8 4 3 2 6 9
- - - 7 8 3 6 9 4 2 5 1 8 3 7 2 6 4 9 1 5
- - - 6 9 1 5 3 2 7 8 4 6 1 9 3 5 8 4 7 2
- - - 5 4 2 7 8 1 9 3 6 5 2 4 9 7 1 8 3 6
4 8 1 7 5 9 2 6 3 5 9 8 7 4 1 5 3 9 6 2 8
6 7 5 1 3 2 8 4 9 6 1 7 2 5 3 7 8 6 1 9 4
3 2 9 8 4 6 1 7 5 4 2 3 9 6 8 4 1 2 3 5 7
7 3 6 9 2 1 4 5 8 3 7 2 1 9 6 5 8 4 - - -
2 5 4 3 8 7 9 1 6 8 4 5 3 7 2 6 9 1 - - -
9 1 8 4 6 5 3 2 7 1 6 9 4 8 5 2 7 3 - - -
8 4 7 6 1 3 5 9 2 5 3 4 7 2 1 9 6 8 - - -
5 6 3 2 9 4 7 8 1 2 9 7 6 3 8 4 1 5 - - -
1 9 2 5 7 8 6 3 4 6 8 1 5 4 9 7 3 2 - - -
- - - - - - - - - 9 2 6 8 5 3 1 4 7 - - -
- - - - - - - - - 4 5 8 9 1 7 3 2 6 - - -
- - - - - - - - - 7 1 3 2 6 4 8 5 9 - - -