21 21
- - - 3 4 2 8 1 7 6 5 9 - - - - - - - - -
- - - 7 9 5 4 3 6 8 2 1 - - - - - - - - -
- - - 1 8 6 5 2 9 7 3 4 - - - - - - - - -
- - - 5 7 9 1 8 2 4 6 3 2 4 9 5 1 6 7 8 3
- - - 8 6 4 9 5 3 2 1 7 8 7 1 3 2 4 6 9 5
- - - 2 3 1 7 6 4 5 9 8 5 3 6 7 8 9 1 4 2
- - - 6 1 7 3 4 5 9 8 2 6 1 7 8 3 2 4 5 9
- - - 4 2 3 6 9 8 1 7 5 3 2 4 9 7 5 8 1 6
- - - 9 5 8 2 7 1 3 4 6 9 8 5 4 6 1 2 3 7
3 6 7 2 9 5 8 1 4 5 2 9 7 6 3 1 9 8 5 2 4
8 5 2 6 1 4 9 3 7 8 6 4 1 5 2 6 4 3 9 7 8
4 9 1 3 8 7 5 6 2 7 3 1 4 9 8 2 5 7 3 6 1
1 2 9 7 6 8 4 5 3 6 1 8 2 7 9 4 3 5 - - -
5 3 4 1 2 9 7 8 6 2 9 3 5 4 1 8 6 7 - - -
6 7 8 4 5 3 1 2 9 4 5 7 8 3 6 9 2 1 - - -
7 8 5 9 3 6 2 4 1 8 3 9 7 6 2 1 5 4 - - -
2 4 3 8 7 1 6 9 5 7 2 4 3 1 5 6 9 8 - - -
9 1 6 5 4 2 3 7 8 5 6 1 4 9 8 2 7 3 - - -
- - - - - - - - - 9 4 6 1 5 3 7 8 2 - - -
- - - - - - - - - 1 8 5 6 2 7 3 4 9 - - -
- - - - - - - - - 3 7 2 9 8 4 5 1 6 - - -