21 21
- - - 6 9 4 3 8 5 2 1 7 - - - - - - - - -
- - - 3 7 8 1 6 2 4 5 9 - - - - - - - - -
- - - 2 5 1 4 7 9 3 6 8 - - - - - - - - -
- - - 5 1 3 7 9 6 8 2 4 4 8 7 9 6 5 2 3 1
- - - 8 2 9 5 1 4 6 7 3 5 3 2 4 8 1 7 6 9
- - - 4 6 7 8 2 3 1 9 5 9 6 1 3 2 7 5 8 4
- - - 1 8 2 9 3 7 5 4 6 2 1 8 6 7 4 3 9 5
- - - 9 4 6 2 5 8 7 3 1 6 9 4 5 1 3 8 2 7
- - - 7 3 5 6 4 1 9 8 2 7 5 3 8 9 2 4 1 6
7 9 5 3 6 1 8 2 4 6 1 5 3 7 9 1 4 8 6 5 2
6 3 4 2 8 7 1 9 5 3 2 7 8 4 6 2 5 9 1 7 3
1 8 2 5 4 9 7 6 3 8 9 4 1 2 5 7 3 6 9 4 8
5 7 9 4 2 8 3 1 6 2 5 9 4 8 7 6 1 3 - - -
3 4 8 9 1 6 5 7 2 4 6 8 9 3 1 2 5 7 - - -
2 1 6 7 3 5 4 8 9 1 7 3 5 6 2 9 8 4 - - -
9 2 1 8 5 4 6 3 7 5 9 1 3 7 6 4 2 8 - - -
8 5 3 6 7 2 9 4 1 8 4 6 2 1 5 3 7 9 - - -
4 6 7 1 9 3 2 5 8 7 3 2 8 4 9 5 6 1 - - -
- - - - - - - - - 6 8 5 7 9 4 1 3 2 - - -
- - - - - - - - - 3 1 4 6 2 8 7 9 5 - - -
- - - - - - - - - 9 2 7 1 5 3 8 4 6 - - -