21 21
- - - 2 6 5 8 4 9 1 3 7 - - - - - - - - -
- - - 4 3 1 6 5 7 9 8 2 - - - - - - - - -
- - - 9 7 8 3 1 2 5 6 4 - - - - - - - - -
- - - 1 8 7 2 6 5 4 9 3 7 9 8 1 3 2 4 5 6
- - - 3 4 6 7 9 1 2 5 8 2 4 1 5 7 6 8 9 3
- - - 5 2 9 4 8 3 7 1 6 6 5 3 4 8 9 2 1 7
- - - 8 1 4 9 2 6 3 7 5 1 8 4 3 6 5 7 2 9
- - - 6 9 3 5 7 4 8 2 1 3 6 9 7 2 4 5 8 1
- - - 7 5 2 1 3 8 6 4 9 5 7 2 8 9 1 3 6 4
9 4 1 3 5 8 2 6 7 4 8 3 9 1 5 2 4 7 6 3 8
2 3 5 7 6 4 8 1 9 7 5 2 4 3 6 9 5 8 1 7 2
7 8 6 9 1 2 4 5 3 1 9 6 8 2 7 6 1 3 9 4 5
8 7 2 5 4 6 3 9 1 5 6 7 2 4 8 3 1 9 - - -
5 9 4 1 3 7 6 8 2 9 1 4 7 5 3 2 6 8 - - -
6 1 3 8 2 9 7 4 5 2 3 8 6 9 1 7 5 4 - - -
4 2 7 6 9 5 1 3 8 8 4 3 9 7 5 6 2 1 - - -
1 6 9 2 8 3 5 7 4 1 9 5 8 2 6 4 3 7 - - -
3 5 8 4 7 1 9 2 6 7 2 6 3 1 4 9 8 5 - - -
- - - - - - - - - 4 8 9 5 3 2 1 7 6 - - -
- - - - - - - - - 3 5 1 4 6 7 8 9 2 - - -
- - - - - - - - - 6 7 2 1 8 9 5 4 3 - - -