21 21
- - - 9 7 3 8 1 5 6 2 4 - - - - - - - - -
- - - 8 6 5 2 3 4 1 7 9 - - - - - - - - -
- - - 2 1 4 6 7 9 5 8 3 - - - - - - - - -
- - - 3 5 8 1 2 6 9 4 7 2 7 9 4 5 8 6 3 1
- - - 6 2 1 9 4 7 3 5 8 8 6 1 9 3 2 5 7 4
- - - 4 9 7 3 5 8 2 1 6 4 3 5 1 7 6 8 2 9
- - - 7 4 2 5 6 3 8 9 1 7 4 2 8 6 1 3 9 5
- - - 1 3 9 4 8 2 7 6 5 1 9 3 2 4 5 7 8 6
- - - 5 8 6 7 9 1 4 3 2 5 8 6 7 9 3 1 4 2
5 3 1 9 4 2 6 7 8 2 1 3 9 5 4 3 1 7 2 6 8
4 7 8 6 3 1 9 2 5 6 4 7 3 1 8 6 2 9 4 5 7
6 9 2 5 7 8 1 3 4 9 5 8 6 2 7 5 8 4 9 1 3
3 1 6 8 5 7 2 4 9 1 7 6 8 3 5 9 2 4 - - -
8 5 7 2 9 4 3 1 6 5 8 4 2 7 9 1 3 6 - - -
2 4 9 1 6 3 8 5 7 3 2 9 4 6 1 7 5 8 - - -
7 6 5 3 1 9 4 8 2 7 5 1 9 2 6 4 8 3 - - -
1 2 4 7 8 6 5 9 3 4 9 2 3 1 8 6 7 5 - - -
9 8 3 4 2 5 7 6 1 6 3 8 5 4 7 2 1 9 - - -
- - - - - - - - - 2 1 5 6 8 4 3 9 7 - - -
- - - - - - - - - 8 4 7 1 9 3 5 6 2 - - -
- - - - - - - - - 9 6 3 7 5 2 8 4 1 - - -