21 21
- - - 7 3 5 9 2 6 4 8 1 - - - - - - - - -
- - - 4 8 9 5 7 1 2 3 6 - - - - - - - - -
- - - 1 2 6 4 3 8 5 7 9 - - - - - - - - -
- - - 9 6 4 7 8 3 1 5 2 1 8 6 5 2 3 7 9 4
- - - 2 7 1 6 4 5 3 9 8 5 3 7 9 4 6 1 2 8
- - - 8 5 3 1 9 2 6 4 7 9 4 2 1 8 7 5 6 3
- - - 5 4 2 8 6 7 9 1 3 4 2 5 6 1 8 9 3 7
- - - 6 1 7 3 5 9 8 2 4 7 6 1 3 9 4 2 8 5
- - - 3 9 8 2 1 4 7 6 5 3 9 8 7 5 2 4 1 6
5 1 7 4 2 8 6 9 3 5 8 1 2 7 4 8 6 1 3 5 9
4 2 3 6 1 9 5 7 8 3 4 2 6 1 9 4 3 5 8 7 2
9 6 8 3 5 7 4 2 1 6 9 7 8 5 3 2 7 9 6 4 1
1 4 2 8 9 5 7 3 6 4 5 9 1 8 2 7 6 3 - - -
7 9 6 2 4 3 1 8 5 2 3 6 9 4 7 1 5 8 - - -
3 8 5 7 6 1 9 4 2 1 7 8 5 3 6 2 4 9 - - -
6 7 1 9 3 2 8 5 4 5 2 1 8 9 3 6 7 4 - - -
8 3 4 5 7 6 2 1 9 7 6 3 4 2 5 9 8 1 - - -
2 5 9 1 8 4 3 6 7 9 8 4 7 6 1 5 3 2 - - -
- - - - - - - - - 3 9 5 2 7 8 4 1 6 - - -
- - - - - - - - - 8 4 7 6 1 9 3 2 5 - - -
- - - - - - - - - 6 1 2 3 5 4 8 9 7 - - -