21 21
- - - 8 4 7 9 5 2 3 1 6 - - - - - - - - -
- - - 1 3 9 6 4 7 8 2 5 - - - - - - - - -
- - - 5 2 6 8 3 1 7 9 4 - - - - - - - - -
- - - 4 1 3 2 7 6 9 5 8 1 7 3 8 2 6 4 9 5
- - - 7 9 8 5 1 4 6 3 2 5 4 6 9 3 1 7 2 8
- - - 2 6 5 3 9 8 1 4 7 2 8 9 5 4 7 6 3 1
- - - 6 8 1 4 2 3 5 7 9 8 6 1 7 5 2 9 4 3
- - - 9 7 4 1 8 5 2 6 3 4 9 7 3 1 8 2 5 6
- - - 3 5 2 7 6 9 4 8 1 3 5 2 4 6 9 8 1 7
7 2 4 8 6 9 3 5 1 9 4 7 6 2 8 1 9 5 3 7 4
8 6 1 5 7 3 9 4 2 6 1 8 7 3 5 2 8 4 1 6 9
5 9 3 1 4 2 8 7 6 3 2 5 9 1 4 6 7 3 5 8 2
6 3 5 4 9 8 2 1 7 8 9 6 5 4 3 1 2 7 - - -
4 7 2 3 1 6 5 9 8 1 3 4 2 7 6 9 5 8 - - -
1 8 9 2 5 7 6 3 4 7 5 2 1 8 9 4 3 6 - - -
9 5 7 6 8 4 1 2 3 4 1 5 9 3 7 8 6 2 - - -
2 4 6 9 3 1 7 8 5 2 8 9 4 6 5 3 7 1 - - -
3 1 8 7 2 5 4 6 9 6 7 3 8 1 2 5 4 9 - - -
- - - - - - - - - 3 4 1 6 2 8 7 9 5 - - -
- - - - - - - - - 5 6 8 7 9 4 2 1 3 - - -
- - - - - - - - - 9 2 7 3 5 1 6 8 4 - - -