21 21
- - - 2 5 7 9 1 4 8 3 6 - - - - - - - - -
- - - 6 9 4 3 8 5 1 2 7 - - - - - - - - -
- - - 8 1 3 2 6 7 4 9 5 - - - - - - - - -
- - - 4 2 1 7 9 8 6 5 3 4 1 6 2 7 9 5 8 3
- - - 7 3 9 6 5 1 2 4 8 5 8 7 3 1 4 2 9 6
- - - 5 6 8 4 2 3 7 1 9 9 3 2 5 8 6 4 1 7
- - - 9 7 5 1 4 6 3 8 2 7 9 5 1 4 3 8 6 2
- - - 1 8 6 5 3 2 9 7 4 8 6 1 7 2 5 3 4 9
- - - 3 4 2 8 7 9 5 6 1 3 2 4 9 6 8 1 7 5
5 2 7 3 6 1 9 8 4 1 2 7 6 5 3 4 9 1 7 2 8
3 6 4 9 2 8 7 5 1 6 3 8 2 4 9 8 5 7 6 3 1
1 9 8 7 4 5 2 6 3 4 5 9 1 7 8 6 3 2 9 5 4
2 1 5 4 8 6 3 9 7 8 4 6 5 1 2 9 7 3 - - -
7 4 3 2 5 9 6 1 8 2 9 5 4 3 7 6 8 1 - - -
9 8 6 1 7 3 4 2 5 7 1 3 9 8 6 4 5 2 - - -
8 3 2 5 9 4 1 7 6 4 3 9 2 5 8 1 6 7 - - -
4 5 9 6 1 7 8 3 2 6 2 8 3 7 1 5 9 4 - - -
6 7 1 8 3 2 5 4 9 5 7 1 6 9 4 2 3 8 - - -
- - - - - - - - - 9 5 4 7 2 3 8 1 6 - - -
- - - - - - - - - 3 8 2 1 6 5 7 4 9 - - -
- - - - - - - - - 1 6 7 8 4 9 3 2 5 - - -