21 21
- - - 1 2 8 5 9 6 7 4 3 - - - - - - - - -
- - - 5 6 9 7 3 4 1 2 8 - - - - - - - - -
- - - 7 3 4 1 2 8 5 9 6 - - - - - - - - -
- - - 4 1 3 9 5 7 8 6 2 3 5 1 9 7 4 2 8 6
- - - 6 9 7 2 8 1 3 5 4 7 9 6 3 2 8 1 4 5
- - - 8 5 2 6 4 3 9 7 1 8 2 4 6 1 5 9 3 7
- - - 2 8 6 3 7 5 4 1 9 6 8 2 1 3 9 5 7 4
- - - 9 4 5 8 1 2 6 3 7 5 4 9 2 8 7 3 6 1
- - - 3 7 1 4 6 9 2 8 5 1 3 7 4 5 6 8 9 2
5 2 8 1 7 4 6 9 3 7 5 4 2 1 8 7 6 3 4 5 9
3 1 7 2 9 6 5 8 4 1 6 2 9 7 3 5 4 1 6 2 8
9 6 4 3 8 5 7 2 1 3 9 8 4 6 5 8 9 2 7 1 3
1 4 5 8 6 2 9 3 7 5 4 1 8 2 6 3 7 9 - - -
2 8 3 7 4 9 1 5 6 8 2 3 7 9 4 6 5 1 - - -
7 9 6 5 1 3 2 4 8 9 7 6 3 5 1 2 8 4 - - -
6 3 9 4 2 7 8 1 5 2 6 9 5 3 8 1 4 7 - - -
8 5 2 6 3 1 4 7 9 4 8 5 2 1 7 9 6 3 - - -
4 7 1 9 5 8 3 6 2 3 1 7 4 6 9 8 2 5 - - -
- - - - - - - - - 6 9 4 1 8 5 7 3 2 - - -
- - - - - - - - - 7 3 8 9 4 2 5 1 6 - - -
- - - - - - - - - 1 5 2 6 7 3 4 9 8 - - -