21 21
- - - 3 4 9 5 1 6 2 7 8 - - - - - - - - -
- - - 1 7 2 3 9 8 5 6 4 - - - - - - - - -
- - - 6 8 5 2 4 7 1 9 3 - - - - - - - - -
- - - 9 2 1 7 3 4 6 8 5 1 7 4 6 9 8 2 5 3
- - - 4 3 6 8 5 1 7 2 9 5 9 8 3 2 7 1 6 4
- - - 7 5 8 6 2 9 3 4 1 3 2 6 4 1 5 7 8 9
- - - 2 9 4 1 7 3 8 5 6 9 4 2 8 7 6 3 1 5
- - - 8 1 7 9 6 5 4 3 2 7 8 1 9 5 3 6 4 2
- - - 5 6 3 4 8 2 9 1 7 6 5 3 1 4 2 8 9 7
4 7 3 8 1 9 5 2 6 1 9 8 4 3 7 5 8 1 9 2 6
8 2 9 5 6 7 3 4 1 2 7 5 8 6 9 2 3 4 5 7 1
6 1 5 3 4 2 7 9 8 6 4 3 2 1 5 7 6 9 4 3 8
9 4 2 6 3 1 8 5 7 3 6 9 1 2 4 5 8 7 - - -
5 3 8 2 7 4 6 1 9 5 2 4 3 7 8 9 1 6 - - -
1 6 7 9 8 5 2 3 4 7 8 1 5 9 6 4 3 2 - - -
7 8 4 1 2 3 9 6 5 1 9 2 4 8 7 3 6 5 - - -
3 9 6 4 5 8 1 7 2 6 7 3 9 1 5 8 2 4 - - -
2 5 1 7 9 6 4 8 3 8 4 5 6 3 2 1 7 9 - - -
- - - - - - - - - 2 1 7 8 4 9 6 5 3 - - -
- - - - - - - - - 9 5 8 7 6 3 2 4 1 - - -
- - - - - - - - - 4 3 6 2 5 1 7 9 8 - - -