17 17
17 1 7 5 11 6 11 10 2 10 13 17 16 17 8 14 13
14 15 10 10 3 13 9 7 15 12 12 11 17 16 15 15 4
2 13 6 7 9 5 16 4 15 3 16 11 1 11 9 10 9
8 9 13 3 1 11 4 12 16 5 10 16 9 11 14 2 7
12 9 3 3 2 7 13 13 4 17 10 15 11 15 1 17 17
10 9 8 3 14 12 12 15 3 13 10 7 12 5 4 17 9
13 5 11 10 4 6 16 8 17 1 15 14 3 7 6 13 12
13 7 2 17 16 10 3 6 4 14 9 5 12 15 4 4 9
13 3 2 15 7 8 15 9 6 8 9 1 7 8 10 17 5
3 15 2 1 7 17 10 5 12 6 9 13 14 2 13 11 16
3 16 15 2 10 11 17 11 11 11 3 6 13 12 13 17 1
7 11 16 2 9 1 2 2 10 4 2 14 6 3 13 5 17
11 4 16 9 15 17 11 7 16 12 2 10 8 7 5 7 3
5 14 4 3 17 3 12 11 13 8 6 17 10 9 2 7 15
11 17 1 13 12 14 4 9 15 10 4 2 5 8 7 7 6
11 2 1 14 12 15 6 17 7 16 4 4 5 10 15 8 13
11 10 1 8 12 16 5 13 9 11 5 9 2 6 3 13 14