17 17
9 2 16 17 1 14 15 4 6 12 10 3 8 8 14 6 9
9 15 16 8 12 14 16 2 17 3 4 8 13 10 1 11 17
9 7 16 13 10 3 8 6 10 9 9 2 14 14 16 5 15
15 5 2 12 10 11 7 17 4 8 6 3 16 16 14 1 3
2 14 5 7 10 5 17 10 11 16 6 3 3 12 4 1 10
2 12 7 11 3 11 14 9 1 15 6 10 16 1 16 8 6
2 13 9 11 13 1 6 3 2 5 5 17 7 14 17 16 16
14 8 10 11 9 17 6 3 13 5 15 6 1 13 2 7 11
7 8 6 9 15 3 11 3 3 5 14 13 17 17 5 16 12
1 8 17 4 4 12 16 7 10 11 3 9 5 6 9 8 13
14 16 13 8 4 6 10 5 1 13 12 17 15 15 3 2 3
11 3 9 16 4 15 5 4 14 9 9 7 10 13 13 13 2
12 17 3 6 2 16 3 11 13 7 13 15 15 4 10 14 10
12 11 1 15 5 2 13 16 7 15 8 4 4 8 3 6 14
12 10 1 2 16 8 1 12 17 4 7 16 15 9 17 17 13
5 4 1 6 16 14 12 13 9 8 1 15 17 7 11 3 8
4 15 14 3 16 6 1 5 8 2 17 9 9 13 17 12 2