17 17
1 2 17 2 8 14 9 11 10 6 15 3 1 2 7 12 11
13 2 10 3 1 9 15 16 7 3 14 9 8 6 4 17 11
4 2 11 13 2 17 3 10 7 7 12 9 2 5 3 6 15
11 8 3 1 2 5 14 12 13 14 6 9 4 2 16 10 14
11 17 11 14 2 8 1 6 12 5 1 16 3 13 10 7 4
8 7 6 13 9 15 5 13 7 10 3 2 12 1 11 2 3
11 7 12 2 12 4 6 12 5 17 13 8 10 16 14 9 3
10 2 16 12 3 2 6 14 6 12 8 1 11 16 7 1 9
3 5 4 9 7 16 11 2 9 12 13 10 16 14 14 8 17
12 15 13 17 17 3 3 12 1 12 11 17 9 4 8 7 7
12 4 12 11 13 3 17 1 2 8 9 5 15 1 7 3 14
12 10 14 12 3 1 2 9 4 4 4 7 12 15 13 3 8
6 9 8 12 12 3 4 2 17 8 16 11 3 10 4 9 7
14 16 9 10 7 12 15 17 3 13 1 4 1 8 6 11 1
17 13 15 8 15 14 16 3 14 3 10 5 6 10 2 4 5
17 12 5 17 6 14 1 8 10 15 1 1 13 7 3 4 10
17 1 15 15 11 14 8 3 10 16 7 1 14 13 5 4 13