17 17
12 11 10 9 14 10 3 1 6 4 4 2 16 7 7 9 17
6 14 11 5 11 10 17 2 12 4 2 9 3 15 16 2 13
6 15 7 16 5 10 1 4 9 4 11 16 16 2 17 17 17
6 17 8 16 3 13 11 11 11 15 12 4 9 14 6 10 5
9 5 5 16 4 5 2 9 7 2 8 17 17 17 13 10 15
17 5 16 13 16 14 8 10 3 2 7 1 15 9 7 12 12
11 5 4 7 10 8 8 16 14 2 15 5 2 3 3 6 16
3 4 15 9 12 1 16 2 6 14 17 5 3 10 15 5 6
7 4 6 1 12 1 15 4 10 3 13 5 11 5 1 16 17
8 2 1 10 12 9 7 15 17 16 17 12 6 11 8 13 11
8 3 1 15 13 10 5 6 2 17 6 11 7 4 12 10 7
8 16 1 6 15 5 10 14 8 12 2 13 12 11 10 7 9
1 13 17 4 15 3 6 6 13 12 16 16 9 3 10 14 9
5 13 11 17 15 11 10 3 16 12 10 8 14 15 9 1 9
16 13 3 1 2 17 9 7 4 11 13 14 7 1 5 14 4
10 7 14 3 8 6 5 13 17 9 1 3 5 12 3 11 2
17 10 7 12 3 7 4 16 1 11 9 3 2 17 11 8 6