17 17
13 17 14 15 17 4 11 5 16 1 1 12 5 7 16 17 8
15 17 7 9 8 13 7 12 17 2 9 10 3 1 10 16 1
16 17 11 4 3 8 7 9 12 14 9 13 12 15 13 5 1
9 5 2 10 16 6 7 8 17 9 7 17 11 3 4 3 1
3 16 12 7 4 6 5 2 8 16 11 6 15 6 7 10 13
11 11 11 7 6 17 13 3 9 8 10 1 15 5 14 9 10
11 9 5 7 2 11 13 15 4 6 12 14 10 3 8 17 17
2 14 3 1 5 12 13 16 3 2 8 6 9 2 3 4 11
2 4 10 6 11 15 3 13 6 7 6 14 16 4 1 13 9
2 1 10 11 10 15 10 5 7 12 4 14 14 16 13 6 3
1 7 16 9 7 15 17 11 4 12 5 3 10 14 15 15 15
12 3 15 4 9 2 7 7 10 12 14 16 13 11 11 8 16
17 15 10 6 1 16 9 17 2 13 3 10 1 8 1 14 5
10 6 13 16 1 8 4 6 9 11 17 1 5 4 2 7 12
4 7 2 8 1 14 1 10 17 3 12 9 12 4 17 2 17
14 10 8 3 12 9 2 6 17 15 6 8 9 10 11 7 15
12 12 9 17 17 10 6 1 15 5 13 16 4 11 14 2 6