17 17
11 15 11 1 17 17 7 2 10 10 5 2 12 10 8 4 10
16 13 11 7 17 4 15 12 9 3 14 5 10 6 4 3 2
6 11 11 3 17 8 9 14 7 6 4 10 13 9 16 1 7
6 9 5 2 4 13 8 15 15 3 14 10 15 7 3 16 13
6 5 7 2 11 1 9 15 8 10 16 17 4 3 12 6 11
12 8 4 2 2 15 5 15 17 13 10 16 12 9 7 7 9
5 1 13 10 13 16 13 3 16 4 8 11 7 13 15 6 9
11 16 14 5 9 2 15 4 11 17 9 7 9 1 3 8 4
1 14 14 6 13 7 10 11 16 3 3 9 2 4 7 12 6
2 1 9 16 13 5 3 10 10 12 10 14 17 3 6 5 1
7 8 16 4 10 14 11 7 3 16 2 4 5 12 3 5 17
4 12 1 12 3 14 16 16 16 5 11 14 15 13 10 2 6
7 12 8 13 6 14 1 11 13 15 10 2 9 11 3 17 4
11 12 10 13 6 9 6 17 1 8 2 1 6 5 14 3 15
14 3 6 13 7 9 2 1 14 9 12 15 8 16 17 9 5
14 17 17 8 1 6 14 13 16 7 15 16 16 16 2 9 12
14 7 12 15 11 9 4 6 2 16 9 3 1 8 9 14 11