17 17
2 6 11 10 3 8 17 1 12 16 4 15 15 13 9 14 9
14 10 2 10 11 4 4 8 16 6 6 9 12 4 15 1 13
4 3 10 1 10 6 14 11 13 16 15 2 10 5 7 4 8
2 13 5 4 6 14 10 15 1 3 7 14 17 8 14 12 16
10 7 11 2 9 12 14 1 10 1 3 8 11 9 6 12 15
12 8 1 16 9 7 14 17 15 5 11 5 10 7 17 13 4
16 16 16 12 9 13 10 6 16 9 10 5 7 17 8 15 4
7 17 12 1 13 15 2 4 14 5 16 5 6 11 11 17 4
4 5 9 7 5 10 1 3 16 15 9 6 7 11 1 2 12
8 13 6 3 10 3 1 10 13 17 9 7 2 11 12 7 5
11 11 8 3 1 17 1 9 6 14 14 14 16 2 5 7 1
3 3 11 3 1 11 15 16 4 2 9 13 5 16 14 7 10
17 12 10 5 16 11 7 2 4 14 8 5 1 15 10 6 14
11 9 11 6 3 16 15 12 4 4 10 10 10 1 2 5 14
10 12 7 3 15 17 9 5 2 6 13 12 14 6 17 11 14
3 17 4 15 14 5 5 7 12 8 2 16 11 3 1 1 9
1 15 15 13 16 2 11 14 3 10 17 17 8 10 4 10 3