17 17
14 2 9 16 11 4 9 9 12 12 10 1 5 12 15 15 7
4 6 1 13 5 1 8 3 17 10 12 6 7 14 3 11 15
8 4 13 12 3 3 5 17 1 2 5 7 11 15 14 1 9
12 11 8 3 9 13 17 3 3 3 16 4 5 2 6 13 10
13 17 5 3 1 8 1 2 7 6 11 14 12 9 14 15 10
12 8 16 3 2 7 4 5 9 4 14 14 13 17 17 7 10
12 9 2 7 17 13 11 6 3 3 11 2 16 1 11 1 8
12 5 12 16 10 9 9 7 6 16 13 16 3 16 1 14 17
11 7 15 9 15 15 6 16 4 17 8 5 10 4 8 8 8
17 2 14 10 15 2 1 3 16 11 8 1 9 12 7 12 4
9 14 4 17 15 6 10 11 12 1 8 3 10 15 12 14 2
12 3 6 8 13 17 12 5 2 15 6 16 17 9 9 4 13
7 12 3 6 4 16 6 10 1 8 17 11 5 13 2 6 6
3 16 2 1 12 17 14 13 11 4 10 8 2 6 4 17 3
3 15 10 5 14 1 6 12 13 9 2 9 4 10 16 5 13
3 10 17 11 8 17 6 7 7 5 1 9 7 16 13 9 12
1 6 11 15 3 5 9 14 8 3 3 12 7 17 11 2 16