17 17
5 3 10 15 1 12 14 6 13 14 10 13 8 17 11 6 7
12 17 1 14 6 16 10 2 5 13 9 1 5 16 14 11 4
2 6 11 8 8 5 7 4 7 9 9 15 14 4 3 6 6
7 6 12 10 4 14 8 13 15 4 16 15 13 9 11 2 3
8 6 4 2 7 16 1 11 2 12 14 16 5 3 17 15 5
3 11 6 7 10 13 8 17 1 15 5 13 10 12 2 16 2
14 8 12 12 11 6 7 10 2 17 7 3 16 4 15 10 5
13 2 1 12 14 12 16 3 4 11 6 11 15 1 13 8 11
13 16 7 12 3 1 12 8 9 10 17 11 17 5 6 9 15
13 15 3 6 17 9 3 14 3 11 2 11 1 17 8 7 1
4 9 13 9 17 10 3 15 9 6 7 5 2 11 7 16 16
5 13 15 11 17 7 3 1 16 10 10 6 9 6 15 3 12
13 9 15 17 8 17 5 13 4 2 11 6 3 11 14 17 9
15 10 15 2 5 17 8 16 12 16 3 6 7 4 9 14 13
11 1 2 5 9 17 17 16 14 3 15 10 5 7 13 12 3
12 4 8 17 15 3 13 8 7 16 15 12 5 14 10 1 9
6 14 16 3 10 8 7 9 11 16 12 1 17 8 4 13 3