17 17
10 16 16 16 15 1 8 12 4 4 17 14 16 3 11 2 10
17 4 5 10 3 12 2 9 11 12 7 17 14 6 13 9 11
1 9 14 17 13 12 6 11 10 5 13 3 5 2 16 6 14
2 16 4 6 1 5 11 15 5 8 15 10 7 8 16 9 12
16 5 12 7 12 11 17 2 16 14 9 1 5 17 16 15 1
5 1 7 12 12 12 8 6 2 7 14 7 10 13 3 16 4
17 10 12 11 9 16 1 1 13 3 6 13 14 15 8 7 16
4 14 1 5 6 14 9 5 3 8 12 11 15 7 8 5 16
16 1 11 5 4 6 13 10 7 9 16 2 14 12 8 17 16
12 12 9 5 16 15 7 8 13 2 10 12 4 14 5 14 7
13 8 10 3 15 9 4 2 6 9 2 12 16 11 12 10 9
10 15 3 12 7 17 5 14 2 13 9 8 12 4 2 11 9
9 11 16 16 2 12 5 4 15 7 1 6 17 5 14 3 9
6 16 10 13 11 2 5 7 8 4 5 6 9 14 1 8 3
16 17 2 2 2 7 12 3 14 5 3 15 16 1 2 4 10
11 7 6 15 14 8 13 3 5 3 15 11 1 16 9 13 10
7 3 12 14 10 10 16 3 17 15 10 7 13 12 6 1 10