17 17
11 12 8 15 16 1 13 6 6 7 9 3 10 7 4 13 5
10 11 1 11 6 17 7 15 5 4 6 14 13 13 3 2 12
4 11 14 4 16 1 2 5 3 17 7 3 2 10 13 13 13
5 11 2 17 1 4 4 14 11 9 3 12 16 15 10 11 13
4 7 12 17 13 16 3 10 5 2 8 6 15 12 11 1 17
15 13 6 7 12 11 8 1 5 5 10 17 9 8 16 10 2
15 2 7 10 12 6 5 6 8 11 1 11 17 9 11 3 9
15 15 7 16 3 5 17 17 17 8 3 2 11 9 9 9 4
16 15 10 9 14 12 11 4 12 9 3 15 5 2 8 7 15
7 4 6 6 6 12 17 2 9 10 15 1 12 5 2 16 15
2 17 17 14 4 12 9 13 1 14 13 14 6 3 5 15 16
1 17 11 7 8 15 3 13 14 12 6 7 2 16 6 4 9
3 9 7 8 5 4 16 10 14 4 17 4 1 12 6 1 11
14 9 9 15 1 13 10 16 14 3 8 11 12 1 6 8 10
3 10 7 5 15 6 8 7 13 14 4 6 16 14 2 11 7
6 1 13 16 6 2 10 3 11 14 14 8 9 4 17 15 6
8 5 15 3 10 7 6 7 3 13 12 4 14 11 7 15 14