17 17
3 17 12 17 13 14 5 5 13 16 7 11 9 4 10 15 2
1 13 16 8 6 5 14 14 16 3 8 15 12 12 10 11 2
9 12 3 6 1 8 1 10 9 11 9 5 17 15 10 7 2
7 6 1 17 5 5 13 4 12 4 6 9 11 1 9 8 14
15 11 6 12 6 17 7 8 4 4 13 2 1 16 5 10 16
10 14 8 15 8 12 1 15 10 5 17 8 7 2 3 2 6
13 7 4 14 12 13 17 6 16 2 5 8 12 9 3 16 11
14 5 9 9 9 6 7 17 3 16 4 11 12 9 13 16 16
13 3 2 5 10 9 6 16 15 14 15 17 12 7 8 4 1
9 7 11 4 17 2 12 12 5 12 16 3 1 8 15 14 5
4 10 7 5 8 4 14 2 6 12 3 13 16 7 15 17 8
11 1 5 5 7 17 8 12 1 12 14 7 3 10 15 9 5
12 4 10 1 14 13 13 3 17 9 4 6 8 6 2 9 15
10 16 11 7 2 16 15 15 8 10 1 12 15 14 7 6 4
6 9 14 11 11 10 3 1 14 8 15 7 2 3 3 13 17
2 16 9 10 3 1 5 15 7 4 11 11 4 1 14 12 17
6 6 6 16 12 15 10 13 8 17 8 9 6 11 16 1 17