17 17
6 10 11 1 15 8 5 9 13 17 17 16 2 2 12 7 3
4 12 15 14 4 8 6 11 3 6 1 7 9 5 16 10 13
11 9 2 11 17 8 8 3 6 7 9 5 16 5 14 1 13
15 6 10 7 2 12 3 14 8 16 15 9 14 5 17 11 13
14 5 7 13 11 3 7 17 2 8 15 4 4 6 10 5 16
8 1 16 15 11 4 12 10 15 10 7 14 4 3 6 13 2
9 13 14 10 11 9 15 2 5 5 6 13 7 3 1 7 12
3 7 4 1 12 15 15 8 5 11 5 13 10 16 15 2 6
15 17 7 4 10 1 15 16 6 9 12 11 15 14 8 3 14
5 15 17 15 14 14 7 11 1 8 16 6 12 8 9 3 11
8 2 11 17 9 10 16 14 10 8 5 4 4 1 6 6 11
13 8 6 9 16 16 11 4 7 12 8 2 1 3 5 14 11
17 16 17 3 1 5 1 1 1 13 2 8 8 10 14 4 7
7 9 5 12 1 16 4 16 17 3 3 6 2 17 14 8 4
15 3 13 8 10 2 1 12 14 14 13 10 17 4 14 9 5
4 9 7 5 6 10 1 10 12 12 11 3 13 14 13 3 9
9 1 8 16 4 7 14 5 10 8 4 17 3 1 2 12 10