17 17
7 10 9 8 10 11 8 16 12 13 14 1 10 12 14 10 6
13 10 17 3 1 16 9 17 15 8 14 12 6 14 11 7 1
1 10 13 16 16 16 14 8 5 6 14 15 1 17 2 11 7
17 11 10 13 2 1 7 4 5 16 12 6 15 9 6 3 15
10 14 12 15 3 10 13 9 5 7 10 6 17 1 1 12 4
10 6 11 9 2 9 16 1 17 16 3 14 9 9 12 13 8
10 8 6 5 6 14 1 15 14 17 6 10 1 3 3 2 13
4 7 6 8 11 14 2 15 12 5 17 12 16 12 3 8 10
15 15 6 11 9 12 17 7 14 2 4 16 14 5 3 1 8
6 11 14 6 17 7 11 15 9 15 5 17 4 8 10 16 12
14 16 4 12 9 9 13 11 2 15 1 17 12 7 17 6 13
9 10 3 7 13 6 12 12 12 4 17 2 8 14 5 10 1
2 2 12 5 15 5 8 6 16 8 11 6 10 16 9 4 17
2 1 12 14 7 5 7 10 16 11 16 4 13 6 13 17 14
16 4 5 9 12 5 3 6 11 12 7 13 1 9 8 6 16
16 3 10 6 14 17 10 5 4 12 1 8 2 4 7 9 11
16 12 15 1 1 7 1 14 6 12 9 3 8 2 16 11 8