17 17
16 11 2 10 15 7 13 15 12 9 16 17 8 12 5 6 14
11 4 12 13 1 16 15 6 8 14 17 9 13 4 6 3 6
17 14 6 6 6 9 5 10 16 12 11 15 7 1 8 3 11
7 8 13 17 3 14 11 16 10 6 4 15 9 15 16 14 17
8 5 10 11 4 6 17 17 17 15 7 3 16 14 9 5 12
6 4 8 8 9 13 17 3 14 10 14 5 12 3 2 16 7
6 7 8 13 9 4 12 11 5 16 1 7 5 17 12 2 12
6 16 8 4 9 14 9 9 17 1 13 10 2 12 7 5 8
4 9 16 3 17 15 6 13 2 4 15 4 11 5 3 1 6
14 3 1 16 13 2 12 3 12 17 3 16 10 8 11 4 5
9 15 2 1 2 8 10 6 6 6 3 17 4 14 2 8 16
1 2 5 16 7 1 13 12 4 8 3 14 12 6 17 9 15
12 6 6 5 14 17 13 7 13 14 2 13 10 15 16 4 3
16 8 6 3 11 5 5 5 15 7 9 8 13 2 16 4 1
15 1 6 7 6 11 14 5 2 4 6 8 15 8 13 14 9
2 10 4 5 5 3 9 1 7 11 6 8 12 16 15 13 17
8 3 3 9 10 9 7 8 16 6 8 11 14 13 6 17 13