17 17
13 7 1 12 3 8 13 16 17 17 8 14 17 15 1 6 3
12 9 7 14 17 15 14 2 14 14 4 10 16 8 5 11 13
1 13 9 10 14 17 14 8 4 12 14 15 2 3 3 3 7
16 2 9 4 8 12 12 12 13 5 7 16 14 6 17 3 8
3 17 15 17 10 9 17 12 14 5 14 4 1 11 15 16 8
2 11 10 3 4 3 6 3 5 5 13 2 8 1 16 14 8
5 3 12 7 13 10 14 11 7 6 16 2 13 1 15 10 9
8 14 6 9 14 7 9 13 10 9 11 2 4 1 12 2 17
13 16 2 13 5 5 17 6 1 4 1 12 1 9 14 8 16
13 5 8 1 2 7 17 4 1 7 10 17 15 7 14 12 16
4 3 3 15 16 13 15 14 1 8 5 7 11 2 14 9 16
2 14 9 11 5 2 5 1 12 9 3 17 17 13 6 17 15
11 4 13 14 10 7 16 4 9 7 1 8 7 3 2 17 5
13 6 4 1 16 14 2 9 8 16 17 15 7 4 11 17 12
16 11 11 17 5 8 2 9 6 10 12 9 7 14 1 1 4
17 9 14 5 12 6 9 10 3 14 15 8 11 7 1 13 4
16 10 16 6 1 12 4 17 4 15 14 11 6 5 1 7 4