17 17
14 12 8 16 10 13 2 12 7 8 4 10 5 6 17 15 5
8 4 17 7 13 6 5 15 10 11 11 3 1 4 9 12 16
2 16 17 11 1 6 3 9 2 14 17 10 8 15 16 7 13
6 3 15 3 12 6 7 17 16 2 8 11 6 11 10 4 5
10 2 11 3 11 9 5 17 10 4 10 15 8 14 12 6 13
5 6 10 3 2 17 16 8 12 17 4 3 15 9 11 13 14
13 9 8 17 15 7 13 12 3 5 4 1 12 13 15 10 14
1 10 8 13 15 1 9 14 14 7 5 6 2 2 12 2 3
9 5 8 14 15 15 17 3 8 1 12 14 7 1 2 16 6
7 1 9 15 5 3 6 13 10 16 10 14 3 10 1 17 8
4 15 4 2 7 12 14 7 1 12 9 14 16 8 6 17 12
12 7 6 9 9 7 11 10 14 15 5 16 17 17 3 14 1
14 7 13 9 1 16 15 12 7 10 3 8 5 17 2 1 11
9 7 16 9 3 9 8 1 15 14 14 14 11 17 5 4 12
15 8 7 12 6 4 17 5 13 1 11 2 15 3 13 14 10
11 1 1 1 17 8 10 6 5 9 2 13 9 12 7 4 15
6 17 17 4 16 4 1 10 11 3 15 9 15 7 10 5 2