17 17
9 10 13 13 2 13 14 17 4 3 4 7 16 1 15 5 8
13 2 16 6 4 8 3 4 10 4 14 7 17 5 12 9 11
3 9 1 7 13 17 7 4 7 14 5 7 2 2 12 6 11
2 5 6 9 1 16 17 4 14 12 6 11 2 13 12 10 11
17 12 16 3 13 11 5 1 7 9 15 10 4 2 14 2 6
5 7 12 5 6 14 5 2 4 17 8 13 9 15 1 3 16
4 6 6 16 3 13 13 13 15 11 12 12 9 10 1 8 10
16 14 8 15 14 1 4 7 5 5 3 17 9 12 1 2 10
1 2 1 17 7 10 9 13 6 11 11 8 15 13 3 14 10
8 8 5 4 10 4 14 9 14 6 3 1 12 14 16 4 15
2 3 17 14 17 15 4 8 5 7 7 7 12 9 13 11 17
6 13 17 4 5 16 16 16 11 1 10 9 8 11 7 13 12
11 15 17 1 9 9 5 10 17 7 2 8 6 11 16 12 13
15 16 14 10 11 16 1 3 9 9 8 2 10 6 4 7 13
8 17 2 9 9 7 8 11 6 10 8 3 1 4 6 15 13
5 11 6 12 7 2 10 14 4 15 9 13 13 2 6 17 1
5 1 9 8 2 12 12 5 12 2 1 4 7 17 6 16 13