17 17
11 10 15 13 8 3 3 9 11 2 4 13 13 17 11 14 17
14 5 9 17 3 2 5 16 15 5 14 4 8 10 11 6 7
10 2 6 6 9 1 11 12 7 14 12 6 13 8 11 4 5
9 14 5 10 14 6 9 8 17 11 1 15 13 3 16 5 12
5 11 3 16 12 11 9 5 14 17 17 17 1 12 10 13 15
6 16 17 7 7 15 9 5 1 13 2 11 14 12 3 11 8
9 7 5 1 16 4 10 4 6 15 15 7 12 12 17 11 9
3 8 12 12 12 16 13 4 1 9 4 17 17 14 2 11 10
6 15 1 13 2 17 1 3 16 7 7 6 4 11 5 8 12
12 17 14 4 6 5 1 14 8 16 10 3 5 11 9 14 2
13 13 2 7 17 12 1 11 13 14 10 8 5 11 6 15 6
13 9 10 8 15 7 2 10 3 12 10 14 11 5 16 17 1
6 5 10 6 1 10 15 6 2 10 3 9 17 7 13 11 14
11 4 10 3 6 10 7 17 13 8 1 5 17 2 8 9 17
4 16 16 7 14 11 12 4 11 17 9 1 3 4 8 2 17
17 1 4 5 13 9 7 14 5 4 13 6 11 15 8 16 17
11 3 14 2 15 14 6 1 10 17 11 16 17 13 4 12 9