17 17
6 17 16 9 5 15 4 10 2 7 4 4 4 9 13 1 13
10 8 17 11 7 2 17 15 16 10 12 3 1 10 5 7 9
10 12 17 14 7 17 16 3 9 5 11 9 8 15 6 17 4
10 14 17 12 7 6 8 1 10 13 15 9 15 13 4 2 17
13 11 5 15 9 2 11 17 4 8 1 9 2 3 16 16 16
12 4 10 7 15 11 9 2 3 8 13 16 7 17 1 10 10
1 9 12 13 2 13 5 15 15 8 16 11 3 8 17 6 14
8 11 2 10 6 12 6 6 17 14 8 13 16 16 4 4 4
8 15 13 1 6 14 2 17 9 4 14 10 16 14 3 5 7
16 5 8 6 8 4 8 17 7 16 14 15 3 12 2 9 1
16 13 14 4 1 16 7 8 3 15 14 12 11 2 8 5 5
16 7 2 16 17 8 15 13 12 12 9 6 13 2 10 17 5
5 7 2 13 4 11 12 17 6 16 15 1 14 13 9 3 3
15 10 2 9 17 1 3 12 14 11 3 10 5 13 7 14 2
7 17 8 1 13 12 1 4 2 11 15 17 14 6 10 5 11
17 6 15 4 16 3 13 12 1 9 10 2 7 12 12 12 8
16 2 11 17 3 1 4 9 11 6 4 5 17 10 16 13 1