17 17
15 7 12 4 11 16 16 1 3 11 14 8 2 11 16 6 8
4 7 1 15 13 2 3 11 10 5 9 7 10 15 6 12 8
8 1 2 13 14 14 14 6 10 10 12 5 3 17 11 4 11
6 3 10 1 17 12 9 8 10 15 16 17 4 7 15 10 12
14 11 10 17 16 6 5 3 1 13 17 9 16 8 4 7 8
12 2 10 11 10 4 8 3 10 1 17 7 15 9 9 16 13
12 1 15 1 9 11 11 3 17 4 7 14 5 5 5 3 8
12 6 8 2 7 8 12 12 11 13 1 17 3 13 5 9 16
5 12 8 1 1 17 10 4 8 3 2 11 7 13 15 15 14
9 4 8 3 11 1 7 13 15 8 10 17 17 12 16 2 11
11 1 9 17 3 16 7 16 8 14 17 4 2 10 12 5 5
3 15 6 8 12 3 7 14 4 7 7 16 17 6 17 17 17
3 5 6 15 12 7 4 9 7 8 15 17 11 17 16 13 1
3 16 6 6 12 9 13 5 7 2 11 3 2 1 13 10 15
13 9 4 3 2 9 14 17 7 6 7 15 16 12 10 11 6
1 8 3 5 15 11 6 10 12 9 4 11 13 3 7 14 2
12 17 14 17 11 5 16 15 3 16 11 12 8 1 1 1 4