17 17
7 13 3 3 2 6 9 6 15 5 14 14 17 4 10 16 5
12 8 13 7 9 9 5 6 4 1 10 14 14 8 11 15 14
14 15 1 3 9 17 10 6 13 15 6 4 2 6 7 12 3
14 1 2 13 9 12 5 3 9 8 17 15 2 6 11 4 8
1 12 12 3 4 11 3 10 9 14 16 6 6 6 13 17 8
9 4 14 15 11 3 16 17 6 13 3 8 1 12 5 2 6
16 9 15 10 7 5 15 15 7 17 12 2 17 17 16 17 1
16 11 15 9 7 2 12 15 3 6 7 5 8 14 17 1 2
16 5 15 2 7 4 1 9 17 15 15 10 11 16 1 8 11
2 17 7 1 16 13 17 8 3 9 11 4 3 15 14 17 2
3 17 10 4 6 2 11 8 16 2 5 1 12 15 5 9 14
17 17 16 6 10 2 4 1 11 12 13 8 5 15 15 8 9
11 12 1 6 14 16 17 11 8 3 9 7 16 5 4 10 14
16 3 5 6 12 8 7 14 16 17 7 4 4 1 6 15 2
10 7 6 12 3 11 5 11 6 15 9 17 1 1 2 14 4
5 15 9 1 17 11 2 16 2 2 2 12 15 1 3 2 10
12 16 6 8 15 11 13 4 14 4 3 9 6 10 8 7 8