17 17
12 1 11 7 8 8 2 13 14 5 11 11 6 12 15 3 2
12 6 11 9 8 5 16 15 17 4 14 15 4 3 1 13 13
2 17 11 4 8 7 11 15 2 8 6 9 16 10 11 12 7
2 4 6 17 10 16 3 10 9 8 17 14 13 1 2 5 15
12 9 8 17 1 13 16 2 7 12 11 14 10 5 6 9 8
13 17 9 17 11 12 10 3 5 2 15 14 12 17 7 7 7
16 2 8 5 3 12 15 15 4 6 12 1 10 9 17 13 7
6 14 7 8 5 12 8 4 5 13 3 17 15 11 10 16 10
7 3 1 11 14 4 16 16 12 10 10 10 17 1 13 1 5
5 7 3 12 14 6 13 11 10 15 16 8 16 16 16 1 17
17 7 3 3 14 11 4 10 8 5 13 5 2 14 12 1 1
14 7 17 13 12 15 4 15 11 10 7 15 1 2 3 9 6
7 14 1 13 6 2 4 7 5 11 17 15 16 5 3 8 14
11 5 13 13 9 6 7 17 10 1 12 10 10 3 3 6 14
8 11 9 2 17 10 13 8 16 15 1 13 6 7 4 15 4
3 13 12 10 17 1 5 15 15 7 13 6 11 8 2 14 16
4 10 12 15 17 14 5 5 1 4 8 5 7 4 16 5 11