17 17
11 17 1 8 3 8 12 7 6 16 15 11 8 3 5 2 16
11 9 13 3 10 13 7 1 6 6 6 2 5 4 11 14 12
11 13 12 3 17 10 1 6 8 3 11 14 5 9 16 15 4
1 14 4 9 3 16 3 3 3 12 5 17 15 13 6 7 2
2 7 10 1 16 7 15 5 17 17 9 16 1 11 4 8 3
14 16 13 5 14 4 1 9 14 17 1 15 6 2 7 3 1
14 6 17 3 15 1 9 5 10 17 4 14 7 7 11 3 12
14 12 4 15 8 17 5 9 3 1 17 7 10 14 10 16 2
3 11 8 16 6 17 16 2 4 4 13 10 16 14 14 12 10
6 2 12 16 4 17 6 9 15 10 12 8 5 5 1 1 1
7 4 2 16 13 12 8 14 15 3 1 14 11 15 9 10 6
16 2 6 14 9 9 9 8 2 1 3 5 15 3 17 11 5
12 8 15 2 9 14 3 12 10 11 16 1 6 6 6 4 5
12 15 11 14 5 4 10 8 16 4 8 6 4 3 6 13 2
12 5 11 1 12 2 2 4 12 9 13 10 2 11 12 6 14
5 7 16 6 1 15 13 10 9 4 2 3 14 8 8 17 15
8 1 4 10 15 11 7 7 7 5 17 13 17 12 1 9 8