17 17
14 12 10 17 16 4 16 3 2 11 8 7 9 5 1 7 6
4 11 1 16 13 7 2 8 1 17 11 3 8 5 5 10 6
4 5 1 9 15 2 17 12 10 7 3 2 11 10 15 14 10
4 7 1 14 2 16 10 17 8 9 11 2 6 4 1 4 12
12 1 15 8 1 3 10 2 8 4 6 2 7 9 13 17 13
2 3 17 15 8 12 10 13 4 9 4 16 14 14 11 8 2
6 15 14 14 17 4 3 9 2 9 10 12 5 4 13 4 7
1 15 5 12 14 17 7 9 11 1 15 4 13 2 16 11 10
13 6 4 10 11 8 14 9 12 2 15 7 3 6 16 16 16
10 6 12 7 5 14 10 1 15 12 9 13 16 11 8 15 16
11 6 13 10 12 8 6 14 17 14 7 7 10 1 9 9 3
6 8 2 10 9 15 4 14 16 3 14 5 6 7 9 13 7
8 17 16 10 3 7 5 14 13 15 17 9 15 1 14 1 4
5 17 7 11 9 7 16 15 6 12 16 12 14 2 6 3 8
16 17 11 13 8 7 12 4 9 6 2 15 1 17 2 17 1
15 16 8 8 7 9 11 6 5 13 2 14 17 3 10 1 4
2 4 5 8 16 6 7 11 5 5 2 1 12 15 12 12 9