17 17
3 5 7 9 13 7 17 16 12 6 15 9 10 16 16 1 9
13 8 9 5 6 11 15 10 4 1 16 7 4 12 17 17 16
13 15 17 16 1 7 14 1 7 13 6 10 9 11 8 5 9
13 10 16 11 2 7 14 17 1 5 4 14 1 8 2 12 3
10 3 16 15 17 5 6 5 1 7 11 1 4 2 12 9 11
4 12 16 10 17 6 9 2 1 16 4 17 3 11 1 15 13
4 11 10 17 15 14 8 17 9 13 14 16 4 6 5 5 1
4 7 3 3 15 14 11 4 4 12 16 13 2 15 6 6 6
2 17 15 6 7 14 16 9 5 6 8 6 4 13 10 4 11
15 17 4 6 10 16 14 11 6 8 13 3 7 4 2 14 13
9 17 5 6 14 10 13 5 15 3 7 1 4 7 17 10 12
7 16 1 8 13 17 4 6 3 11 5 11 12 10 7 11 14
8 6 4 15 3 10 17 14 17 9 16 2 7 1 3 7 14
14 3 8 12 16 9 3 1 17 4 2 2 6 5 11 1 9
17 14 6 1 4 13 11 8 17 15 4 12 11 5 17 3 7
17 1 6 16 5 9 2 13 10 5 3 4 15 5 4 8 6
17 2 6 4 15 3 12 7 1 10 12 15 1 17 11 13 8