17 17
6 3 9 12 6 2 7 1 16 9 15 5 11 8 14 8 4
11 15 3 6 5 3 1 5 1 10 8 4 14 16 1 1 7
10 11 3 7 10 16 17 5 14 9 9 16 4 6 12 13 1
10 7 3 13 16 12 10 11 4 9 5 16 8 8 8 14 15
10 9 15 3 5 4 14 7 13 9 1 3 2 4 11 10 11
9 16 14 2 1 15 9 10 12 3 17 6 1 4 9 5 8
4 6 14 15 12 9 16 5 1 8 8 7 10 2 4 3 1
5 2 14 4 15 10 13 14 15 15 16 3 17 9 8 14 9
4 8 16 3 15 8 9 2 4 7 1 10 2 1 5 11 3
16 17 4 5 15 13 8 9 11 1 14 1 7 14 3 12 6
3 14 13 16 7 11 8 15 15 6 17 2 9 5 15 4 16
2 14 16 1 8 11 8 16 3 13 4 5 5 10 6 16 10
15 14 6 17 16 9 12 8 11 11 11 13 14 10 7 2 1
17 10 2 9 8 16 11 13 5 6 7 11 3 5 2 15 16
14 12 5 16 9 14 3 7 1 16 3 15 10 13 1 6 2
14 5 1 7 2 1 15 3 8 17 6 6 13 9 9 9 4
14 13 7 9 14 14 4 1 6 2 2 12 10 3 10 15 14