17 17
15 4 15 9 11 16 5 1 15 7 16 2 8 3 2 10 3
8 15 5 17 9 3 12 7 13 1 11 17 4 11 10 16 6
4 9 9 14 6 12 7 16 2 10 2 5 15 1 2 17 15
17 2 14 8 7 12 16 10 5 10 1 6 14 9 9 9 13
17 8 14 7 13 12 2 11 1 15 5 16 12 10 3 6 9
17 6 14 11 14 15 16 2 14 5 12 12 12 8 7 7 7
14 9 11 3 15 13 6 8 8 1 3 2 10 16 4 2 12
9 12 3 3 4 6 6 11 10 9 15 8 17 16 8 2 5
1 7 4 3 10 16 17 15 9 12 3 11 6 16 7 2 8
10 7 12 1 1 17 8 9 9 2 6 3 11 5 13 4 15
16 7 10 12 14 1 1 17 9 7 5 15 8 13 5 13 4
13 17 15 10 12 1 3 13 4 14 12 3 9 9 6 5 7
3 16 15 5 1 1 11 8 12 10 13 4 2 17 12 9 12
5 14 15 16 8 5 9 6 2 17 11 9 7 12 12 12 3
5 3 7 15 8 10 9 9 17 13 2 13 16 6 13 14 1
5 10 10 6 8 13 9 1 3 4 7 16 2 9 15 14 11
9 16 17 5 12 8 10 3 7 15 4 1 15 15 14 11 11