17 17
5 12 1 7 17 9 13 4 6 9 13 15 5 1 2 10 13
11 13 14 4 17 15 6 12 16 10 1 2 5 13 13 13 9
3 6 4 10 17 17 12 1 11 5 8 3 9 14 15 13 4
17 17 3 8 10 9 9 1 17 16 12 6 10 4 7 5 1
17 1 1 12 16 11 13 8 2 7 6 12 4 5 5 5 3
6 16 7 11 1 17 10 11 13 12 13 5 15 2 16 8 13
6 14 2 11 11 5 1 13 9 16 3 15 8 11 17 13 12
4 4 8 6 5 3 15 7 9 1 9 12 14 11 7 15 15
12 2 10 14 13 6 3 6 14 5 5 5 11 11 4 16 17
1 3 15 5 11 13 1 17 10 2 4 8 14 10 14 3 16
15 5 4 15 15 15 8 5 10 6 17 13 12 14 9 9 14
16 11 2 17 6 10 4 15 10 14 10 13 7 8 3 12 9
9 13 11 1 14 10 7 4 16 3 15 8 17 17 12 8 6
2 7 17 3 4 4 4 9 17 17 17 16 5 6 11 1 15
15 13 12 4 9 14 2 8 7 4 16 11 3 17 1 12 5
2 9 16 15 12 1 5 3 11 11 11 10 7 7 7 4 2
7 10 8 2 12 12 12 16 15 17 14 1 13 16 8 17 3