17 17
12 12 11 10 6 6 17 1 12 17 3 3 16 8 7 12 4
5 4 12 7 1 9 17 6 13 14 11 4 16 6 15 10 2
12 2 5 5 16 4 17 17 17 7 14 14 14 6 16 8 13
15 7 16 2 6 13 1 17 2 4 17 7 3 4 10 3 12
9 13 6 16 17 10 14 2 1 8 3 7 12 1 11 15 12
8 6 9 5 3 4 5 11 17 10 14 4 1 10 7 11 15
15 4 17 1 11 14 9 8 5 9 2 13 5 5 6 16 7
2 17 9 9 9 8 3 12 5 14 7 10 10 1 2 16 5
10 6 1 12 8 10 2 17 4 10 15 12 15 9 5 14 16
17 16 13 6 7 1 13 14 10 3 17 10 8 2 1 4 12
6 8 7 13 13 1 12 3 3 3 5 4 17 16 1 5 9
3 3 3 15 16 12 4 5 7 2 6 1 1 13 1 17 8
14 7 3 1 5 6 6 6 15 1 4 1 2 12 8 13 17
2 15 8 11 9 16 17 4 9 5 2 8 7 9 3 6 12
7 12 15 10 10 10 16 3 14 17 13 6 17 17 17 9 11
16 10 4 8 17 2 15 15 15 11 1 5 6 14 9 7 3
3 1 17 17 17 3 15 9 8 13 16 16 16 11 4 11 5