17 17
13 7 14 16 17 8 1 16 2 12 3 17 10 6 10 5 6
17 5 2 9 7 9 15 11 1 13 5 13 12 8 16 13 4
1 6 14 3 16 1 2 2 5 17 17 15 13 8 11 8 13
12 15 1 7 9 10 5 14 10 13 8 2 9 9 9 3 16
14 13 13 1 12 9 9 7 8 14 16 15 2 10 6 9 5
14 1 13 9 6 3 4 3 9 3 17 10 11 12 7 2 7
14 2 13 11 8 13 5 6 3 9 16 16 16 15 8 7 14
4 2 6 15 8 9 7 10 10 10 11 3 14 3 17 5 13
5 3 7 14 8 16 2 1 9 7 15 8 17 2 13 9 17
17 11 15 2 10 9 8 12 16 5 2 9 17 9 14 4 17
3 8 4 17 2 12 13 16 8 4 10 14 6 1 13 13 2
1 9 12 2 14 2 13 17 15 5 7 9 3 5 4 10 11
10 9 3 4 2 14 13 17 13 11 9 12 9 5 16 10 15
7 9 16 15 5 4 17 13 3 3 12 11 8 5 2 1 4
15 5 2 13 3 17 10 9 7 3 2 3 4 14 17 16 6
2 5 11 10 13 17 5 9 4 15 6 6 1 6 12 14 12
8 16 10 4 4 3 12 7 11 3 14 7 16 13 8 15 1