17 17
3 16 2 3 6 14 1 7 11 6 12 9 10 12 13 5 14
3 12 16 9 10 1 8 15 6 5 7 14 4 7 2 17 17
16 1 4 9 8 16 3 6 10 15 7 7 14 11 13 2 14
16 14 9 9 5 15 8 17 11 12 1 12 7 2 4 13 10
16 10 3 11 16 15 15 3 17 13 6 5 8 3 14 7 6
9 5 14 6 13 15 4 16 5 11 8 7 12 3 5 10 11
15 6 2 7 4 9 17 5 14 17 16 16 2 3 10 8 11
7 4 3 12 15 3 17 13 2 6 16 10 11 9 11 12 11
7 17 10 12 2 13 17 6 4 9 16 11 5 4 3 14 8
7 11 6 12 1 17 14 13 9 7 2 13 15 10 12 3 15
12 15 17 1 17 11 10 8 16 2 5 6 6 6 16 17 13
11 2 17 6 3 3 2 14 5 6 9 15 14 13 12 16 16
11 2 12 16 17 5 9 1 3 7 11 3 14 11 15 4 9
1 2 11 10 14 17 12 14 8 7 13 2 17 16 16 9 10
6 13 10 10 8 12 3 2 7 3 17 17 11 7 9 7 15
8 4 13 10 9 16 11 14 12 7 6 4 3 1 17 15 10
2 7 15 5 11 3 6 9 1 8 17 15 16 14 4 6 1