17 17
16 2 14 17 5 16 10 13 7 6 9 6 15 10 3 8 1
14 14 1 11 3 15 1 9 16 13 12 6 4 3 14 7 16
8 13 17 14 3 1 4 10 5 6 6 6 9 9 2 10 16
10 16 16 8 3 9 15 12 13 14 7 2 13 5 13 6 16
7 9 3 12 15 16 17 12 6 11 2 6 1 9 13 11 8
3 3 3 2 6 6 6 17 7 9 10 11 8 1 13 15 16
4 9 12 15 1 5 3 16 10 11 6 10 9 6 7 2 5
2 15 16 6 9 10 5 9 17 8 13 14 16 11 5 4 14
6 11 10 15 17 16 11 7 1 3 11 15 2 9 14 8 13
8 17 8 7 4 3 12 4 10 2 14 4 13 15 6 16 6
8 10 6 16 16 11 7 1 13 7 2 13 14 2 10 17 15
12 11 15 12 10 1 7 14 4 14 16 1 6 8 12 3 6
3 3 9 4 13 14 8 11 12 12 12 8 7 2 17 9 2
17 12 3 1 9 1 8 3 14 15 5 7 6 10 4 13 16
9 1 13 7 14 8 8 6 15 3 3 3 5 10 16 11 10
5 5 5 13 15 7 14 2 3 17 9 16 10 12 11 1 4
15 7 4 10 11 6 2 1 1 1 8 9 14 17 5 5 5