17 17
13 16 1 11 4 13 10 9 11 17 8 7 14 2 12 17 5
10 11 16 12 8 1 17 13 17 15 16 3 7 2 17 4 10
3 15 4 8 15 13 6 8 2 9 16 11 5 17 7 17 14
14 9 16 13 13 10 4 5 13 4 16 2 6 7 6 17 3
7 5 10 15 12 9 17 2 13 6 11 7 7 16 3 15 1
8 7 9 6 7 3 5 16 16 8 15 9 12 11 10 1 14
2 13 15 9 17 4 16 12 3 5 6 11 8 13 10 3 13
12 13 7 9 3 1 1 1 14 15 17 8 10 4 10 5 8
9 13 12 9 5 8 7 4 17 10 13 2 11 3 1 7 15
4 15 1 16 7 16 4 14 3 3 11 12 9 9 8 10 17
4 3 5 2 14 16 9 5 6 12 10 1 13 17 8 7 2
4 14 8 5 7 12 16 6 2 16 10 10 10 8 8 13 3
6 10 3 17 16 10 2 1 5 8 7 12 4 13 11 17 9
11 6 9 1 9 15 7 11 13 14 2 4 8 5 2 8 7
7 6 17 10 11 7 14 5 9 1 2 15 3 1 16 12 4
11 4 2 2 8 7 13 17 12 1 16 14 14 3 6 6 17
13 1 11 7 10 7 12 16 8 1 4 9 17 2 2 14 16