17 17
17 15 7 1 10 6 10 3 4 11 5 5 14 16 14 13 2
1 10 13 14 13 13 11 17 4 9 5 8 17 15 12 15 16
1 16 13 13 4 3 9 12 4 8 5 14 15 7 9 15 2
1 3 6 9 12 6 1 4 16 4 11 14 13 11 2 7 5
6 8 3 7 13 14 2 9 13 13 12 4 2 5 16 13 11
3 1 10 16 8 17 2 5 13 15 12 9 14 11 5 3 7
3 11 7 6 16 12 2 7 13 14 10 1 15 9 13 2 1
3 13 1 1 16 5 12 4 6 10 10 7 4 11 11 14 15
14 9 13 4 16 10 16 15 7 12 6 2 5 17 3 5 5
9 2 9 13 11 4 6 14 10 7 17 13 15 14 13 5 3
9 14 3 2 13 4 4 6 5 15 13 17 7 3 7 12 11
9 7 5 17 15 11 4 2 12 16 1 15 10 12 6 17 8
16 6 17 10 7 7 4 11 17 2 6 15 5 12 9 4 9
11 6 3 17 7 13 14 10 17 3 8 15 16 12 4 9 12
4 6 12 5 7 1 7 16 9 17 15 3 14 6 9 10 14
10 4 13 3 6 9 7 5 14 15 2 17 8 13 17 13 9
5 10 16 15 17 2 13 4 3 6 13 10 7 17 1 8 9