15 15
2 6 3 11 13 14 10 4 12 7 6 13 1 15 10
12 7 1 13 8 6 5 4 13 3 10 5 1 10 15
6 10 13 13 15 15 7 12 1 1 2 5 9 14 3
1 11 14 2 3 12 8 15 5 6 9 3 8 7 7
3 2 6 6 9 4 8 5 5 10 14 13 11 1 12
12 9 12 10 5 1 2 7 3 14 6 15 2 8 9
7 15 4 3 6 15 2 9 11 1 10 12 10 14 5
12 14 5 4 4 10 2 1 12 15 12 8 6 9 11
4 5 14 6 14 11 9 14 15 1 15 10 10 13 15
7 3 10 12 2 13 7 14 4 14 1 6 7 4 2
1 8 1 9 4 2 6 15 10 12 3 7 9 3 14
14 4 9 7 12 8 15 8 5 2 3 12 10 6 4
5 4 2 8 10 3 14 14 6 11 1 4 15 6 1
6 1 8 3 12 9 12 6 10 5 15 14 4 11 7
9 12 13 8 3 8 1 8 14 4 11 10 13 1 6