15 15
6 14 15 2 7 9 11 11 13 4 1 3 5 8 1
7 9 2 2 11 13 8 3 5 3 12 1 3 11 14
10 5 11 15 14 3 13 4 8 14 2 2 7 5 6
7 11 6 7 11 1 6 13 6 9 15 10 12 14 8
14 11 8 1 3 7 7 12 15 14 5 14 13 6 8
1 3 13 8 7 12 4 5 15 1 9 6 10 14 7
15 13 15 12 2 3 11 8 14 6 5 4 3 9 11
8 6 1 3 1 7 11 14 11 4 6 11 4 10 9
3 7 2 14 8 4 5 6 9 10 6 12 15 13 11
14 1 5 4 1 6 10 2 7 7 3 8 11 12 11
12 10 3 5 1 14 15 15 3 11 7 5 15 2 13
5 8 10 9 13 11 1 8 6 13 9 15 2 4 2
1 3 2 15 4 3 7 6 2 5 11 8 11 7 10
5 10 12 11 13 15 6 9 1 3 8 7 14 15 5
11 15 13 5 14 8 6 10 3 7 6 14 1 13 3