15 15
4 3 12 7 4 5 1 8 3 1 8 15 14 9 6
7 15 9 14 6 13 8 12 4 2 9 1 5 14 10
10 14 4 11 5 3 9 15 15 7 13 12 1 3 7
3 1 8 15 2 6 13 14 9 7 4 5 9 10 12
2 11 5 1 7 10 3 6 8 13 2 9 12 3 3
9 14 14 9 1 1 7 2 12 14 2 10 1 6 10
9 15 7 12 14 4 7 3 11 6 1 3 2 8 15
6 12 3 11 9 12 5 11 13 15 14 2 15 4 8
12 8 2 1 10 15 8 13 3 4 4 5 1 15 14
15 4 13 3 4 11 15 3 6 1 10 4 7 2 9
13 6 15 10 11 11 14 7 15 9 2 8 4 15 3
7 5 6 1 5 9 12 9 10 14 11 7 13 15 7
5 9 7 4 13 6 6 10 14 12 3 15 6 7 2
15 1 9 15 1 12 4 7 2 14 3 7 8 13 8
2 7 10 13 3 9 2 4 11 8 12 2 15 1 5