15 15
4 7 13 11 14 1 1 6 7 5 9 12 5 13 10
11 11 9 15 12 5 6 5 2 1 13 11 7 3 4
12 13 14 3 14 5 9 7 1 4 9 15 2 10 7
11 11 12 12 2 7 8 7 4 9 14 6 3 3 1
9 12 4 7 13 6 15 3 15 13 10 9 11 4 2
8 5 8 8 7 11 4 15 10 9 9 3 13 12 15
1 6 7 10 15 12 11 3 15 9 3 9 8 9 5
6 4 6 6 9 13 3 12 8 10 2 7 14 7 15
10 9 15 8 15 3 11 4 4 6 9 14 8 2 13
7 10 3 10 8 1 14 12 5 2 1 11 4 11 12
2 11 11 14 10 13 4 1 4 15 8 13 9 5 9
3 2 1 1 14 8 10 14 11 9 5 4 15 7 9
8 14 10 5 1 5 13 5 6 11 8 2 12 15 6
14 1 1 4 3 9 8 10 13 7 15 5 6 14 11
13 14 5 6 6 2 7 11 6 3 12 1 12 1 8