15 15
12 11 15 1 7 14 1 9 9 3 2 12 13 11 14
1 15 8 4 2 14 10 14 9 7 11 7 1 3 13
2 5 6 12 9 10 7 1 8 2 13 14 11 4 3
11 7 12 6 15 9 5 4 6 12 13 4 3 2 14
14 2 9 11 14 6 13 10 1 6 7 9 5 11 8
6 6 2 3 8 5 7 11 12 7 1 13 8 9 2
2 10 14 7 13 3 9 1 1 15 1 11 10 6 12
5 1 9 11 6 4 14 4 7 4 3 12 12 10 12
9 13 11 14 15 6 8 2 12 7 15 5 1 4 4
10 6 6 11 5 7 11 3 14 12 8 9 14 4 1
12 1 3 8 12 11 3 14 13 4 7 6 15 5 1
15 9 3 2 8 13 6 8 4 3 12 1 7 6 2
8 3 4 13 4 10 14 3 2 11 7 15 9 7 5
3 12 4 5 11 1 4 15 2 9 10 4 14 13 6
14 10 5 1 8 11 14 7 11 13 9 12 9 8 14