17 17
5 11 17 8 16 2 10 11 17 2 14 3 14 2 1 11 6
16 8 14 2 12 7 9 1 15 16 6 3 13 16 11 3 10
1 13 8 4 10 13 5 17 4 9 14 11 5 16 3 15 14
10 13 2 17 6 10 8 13 3 17 5 4 14 9 14 14 7
12 9 13 6 3 17 2 15 12 7 10 13 8 1 6 14 16
7 11 3 9 13 4 16 3 8 17 2 6 7 4 15 9 1
10 15 4 1 2 14 3 11 16 6 3 15 17 10 14 13 5
3 2 16 15 14 3 1 7 15 11 3 13 10 17 9 4 8
6 10 11 11 5 8 5 9 14 6 7 11 4 3 12 16 17
17 9 12 14 9 6 5 7 11 3 4 16 15 12 13 10 2
14 14 5 2 17 6 15 12 4 9 1 8 1 7 6 5 3
16 17 10 3 11 9 6 4 1 12 17 16 2 7 5 4 9
15 3 6 12 7 5 4 14 15 8 13 2 16 11 10 5 5
12 5 14 16 7 3 14 5 13 15 10 10 6 4 7 17 9
2 10 13 13 12 12 11 3 7 10 16 3 7 5 2 8 14
13 12 7 10 9 16 3 4 2 4 1 14 9 15 17 10 11
17 7 3 15 4 13 17 16 10 9 5 1 3 6 12 11 15