17 17
15 11 17 16 10 8 2 7 4 9 8 11 12 12 1 3 14
13 7 10 14 6 2 6 12 5 4 11 9 8 2 5 17 16
9 6 8 16 15 6 17 15 1 10 12 13 7 11 4 5 2
3 15 17 12 2 16 5 9 15 7 13 4 11 6 10 8 12
9 8 15 2 4 16 7 2 14 2 3 9 10 17 5 6 16
6 10 13 4 11 8 5 3 2 15 13 16 9 11 17 11 9
5 14 3 12 11 17 9 16 9 11 4 9 13 2 11 10 7
12 14 9 2 17 14 3 4 10 11 1 6 1 8 13 12 13
4 2 11 8 3 1 12 8 7 12 9 5 17 15 16 16 13
15 17 4 15 8 12 9 4 12 1 5 8 7 9 3 2 10
8 5 4 17 13 10 13 15 11 12 16 2 12 7 9 14 2
5 6 16 11 1 12 8 13 3 3 17 14 15 10 11 13 9
11 6 14 16 5 13 4 3 9 17 2 10 15 6 7 1 8
1 11 2 5 12 11 16 3 15 5 10 16 4 6 14 7 8
16 1 7 8 9 15 13 10 3 2 16 17 5 9 4 4 11
17 9 5 12 16 3 9 15 13 11 14 1 13 4 8 2 12
10 4 8 13 7 14 11 1 17 8 11 3 6 7 2 13 5