17 17
13 4 17 11 17 6 9 7 3 15 8 2 2 12 16 14 10
12 15 3 13 10 8 2 11 4 17 12 10 16 6 1 3 3
8 13 14 2 15 7 15 10 6 11 9 1 5 2 14 4 14
1 7 8 3 1 9 14 1 11 13 15 17 8 10 13 2 5
14 1 4 6 14 13 13 11 16 17 5 10 7 3 10 8 12
11 10 9 15 11 17 3 10 1 1 13 4 13 9 14 12 12
2 9 10 8 7 1 17 6 7 4 7 16 12 5 3 15 9
2 9 1 7 13 8 1 4 17 14 10 12 11 3 2 1 15
16 14 7 12 6 4 11 3 5 3 7 12 15 10 8 17 2
1 16 5 14 15 2 4 10 12 3 11 13 17 15 16 7 9
7 17 13 5 13 16 15 14 13 10 17 11 4 7 3 3 1
3 10 2 4 12 1 13 17 8 9 1 4 17 14 7 16 11
14 5 17 2 17 3 7 15 10 1 9 17 4 1 1 13 4
10 2 11 1 2 12 8 8 1 16 4 15 9 7 17 13 13
4 3 14 16 15 10 5 8 9 2 12 8 2 4 16 6 16
15 2 6 9 8 2 1 12 7 5 16 5 14 13 4 10 17
3 12 1 10 8 1 8 3 15 1 2 7 13 4 5 9 1