17 17
8 3 17 8 5 9 3 1 7 2 8 4 13 15 16 13 14
12 2 8 9 6 17 13 14 12 7 5 16 2 3 5 10 1
7 13 1 3 5 15 10 5 16 14 4 15 3 9 8 7 9
4 8 7 11 9 3 16 6 5 1 2 5 2 9 17 13 7
8 8 17 1 4 2 7 1 10 17 13 2 8 14 5 11 15
8 15 16 9 7 2 10 13 9 10 6 14 11 4 17 6 5
15 10 13 16 9 4 14 17 7 3 9 1 8 11 2 10 6
16 11 5 5 13 9 6 15 3 13 8 17 8 1 9 15 4
3 7 13 4 14 13 3 8 1 6 11 15 10 13 17 5 11
8 5 6 12 13 7 3 7 2 11 12 13 6 8 4 13 17
13 6 2 2 16 4 12 9 15 15 1 9 5 10 14 3 10
10 11 15 5 13 8 17 3 6 9 3 1 4 16 12 1 11
11 1 1 14 3 8 15 2 5 6 10 8 9 13 11 17 3
8 4 11 13 9 15 17 10 2 16 17 17 1 9 7 8 3
2 17 10 1 15 9 4 7 11 8 16 3 1 5 9 6 13
14 11 4 3 8 1 9 2 17 6 14 10 12 5 15 16 7
5 16 17 7 11 6 1 12 15 12 2 9 17 10 6 2 14