17 17
15 6 17 13 5 17 6 5 3 10 14 11 11 2 12 1 1
10 17 2 4 11 1 15 4 2 16 16 6 6 12 8 15 7
5 12 17 1 7 15 10 7 6 11 16 7 2 8 3 4 9
9 14 8 4 10 6 16 16 17 7 3 2 1 4 15 12 7
12 14 6 17 2 17 7 15 4 11 5 1 13 13 14 3 15
14 16 10 8 7 12 3 17 11 15 6 15 13 7 16 1 5
1 8 8 5 6 10 13 11 6 12 4 17 16 14 2 14 15
2 4 11 6 5 7 11 3 14 8 15 5 11 9 10 3 2
17 3 16 15 13 13 4 7 12 16 1 6 15 14 9 6 10
8 16 13 3 4 13 2 15 5 9 6 2 8 17 7 6 17
3 10 5 9 7 8 17 10 2 4 11 12 4 15 7 7 4
2 12 15 11 7 13 14 13 6 17 8 16 6 6 4 16 12
12 13 2 17 5 3 8 2 1 14 5 9 5 16 15 11 4
13 14 9 7 12 1 11 3 16 7 4 11 14 17 5 10 3
10 11 4 13 8 14 7 9 15 2 13 10 3 14 17 12 1
7 10 13 10 4 17 16 12 11 3 2 3 9 1 3 15 4
8 6 12 15 14 7 9 5 7 1 17 4 5 3 1 16 11