17 17
3 7 6 14 15 9 17 1 1 3 4 4 8 9 13 14 2
7 17 1 5 14 1 8 14 6 16 15 10 11 4 2 1 12
4 1 16 17 4 15 10 6 2 11 12 11 14 13 12 8 14
15 11 15 2 12 15 13 14 17 8 4 17 1 3 6 9 3
14 12 15 6 4 2 5 7 5 9 11 8 10 4 14 11 16
5 15 6 12 13 2 6 11 14 1 9 12 7 10 4 14 11
13 15 11 8 14 6 13 17 10 5 1 12 9 3 15 4 17
17 4 15 14 8 11 1 5 10 7 7 3 13 6 9 2 13
12 2 4 17 10 4 7 12 9 6 3 2 14 5 11 5 14
17 9 2 14 17 13 3 8 12 4 13 16 14 15 7 4 5
6 8 16 13 13 10 10 11 13 12 17 11 4 2 5 15 9
10 16 7 9 2 2 11 3 5 15 8 10 3 17 14 1 7
11 6 3 12 1 8 10 14 10 7 10 14 5 5 13 12 17
3 2 1 4 17 16 9 12 11 15 13 5 17 14 14 7 4
2 3 1 1 5 3 12 9 6 14 17 13 9 11 8 10 4
15 14 5 15 11 17 7 2 7 12 1 9 3 10 16 6 13
4 6 13 3 9 11 2 12 4 11 16 6 15 1 7 17 3