17 17
10 15 9 7 8 13 13 1 12 14 6 17 3 10 9 9 2
13 8 13 1 7 3 9 15 15 16 15 7 16 11 10 12 4
16 1 2 8 9 10 6 14 6 8 17 5 12 13 1 7 3
3 11 2 16 4 16 12 4 9 10 13 7 10 6 1 2 15
10 5 9 17 15 2 7 6 10 10 3 13 8 13 16 16 17
8 14 11 4 3 1 17 16 5 14 1 9 7 3 2 7 3
12 13 10 12 2 3 15 3 17 16 11 4 16 10 7 13 5
1 2 12 6 3 9 11 17 3 15 16 14 14 2 8 13 10
15 3 10 15 14 7 7 9 8 6 1 1 14 17 7 16 11
17 12 6 6 16 7 5 4 4 8 10 12 9 7 11 8 9
14 2 2 5 10 16 13 15 7 9 12 6 11 13 17 7 1
2 6 7 14 1 15 8 10 16 10 15 13 13 10 4 9 14
14 17 4 2 17 12 1 8 10 17 10 16 15 12 6 17 13
7 4 8 9 12 15 6 16 11 5 2 11 7 16 14 10 8
15 14 17 4 7 8 1 16 4 2 2 10 6 9 3 17 12
13 16 15 10 6 10 14 11 1 10 8 2 9 5 11 17 7
8 17 13 8 13 11 10 7 1 4 9 1 2 15 14 4 6