17 17
10 15 8 1 1 6 11 13 8 14 5 12 3 10 9 2 7
8 15 14 9 1 10 1 2 17 6 15 7 8 11 17 12 13
6 7 3 4 5 10 15 12 8 9 2 13 13 12 1 4 9
17 3 4 5 6 16 8 7 13 17 10 2 2 14 11 9 9
9 13 15 8 10 14 1 11 12 2 14 5 11 7 12 3 6
13 12 5 15 9 11 2 3 8 4 6 13 9 13 7 9 14
4 1 7 2 12 7 13 13 3 9 14 14 8 5 15 16 11
14 10 16 7 10 5 9 4 17 15 5 9 12 3 4 13 17
11 7 2 10 14 15 16 8 2 12 1 3 6 14 5 17 2
5 6 4 8 3 1 15 10 10 5 9 11 9 2 13 13 7
3 5 9 4 15 13 17 1 9 1 11 6 7 13 1 14 8
12 8 11 8 2 17 6 17 4 1 7 13 10 14 14 15 6
2 17 6 17 13 2 5 15 11 11 11 16 9 1 8 7 10
17 9 6 11 8 15 9 17 14 9 16 3 2 12 6 1 12
7 1 17 13 1 14 12 2 5 16 3 10 12 8 2 15 3
16 10 1 17 2 13 9 14 11 13 12 4 15 6 3 7 2
1 3 9 5 17 1 7 12 10 12 13 13 14 13 4 6 11