17 17
17 3 12 15 9 13 12 10 11 12 8 1 7 7 14 4 6
6 4 5 17 1 14 12 16 15 11 5 7 8 9 13 15 6
16 5 12 13 2 6 3 11 2 12 9 4 17 7 14 1 8
2 11 11 12 3 17 8 5 13 9 5 6 16 12 4 6 15
12 12 3 16 2 7 11 7 14 6 14 3 17 1 16 8 16
13 11 17 4 12 1 16 9 6 10 3 14 2 10 8 16 7
4 1 4 16 8 12 9 15 11 13 17 3 6 11 16 16 14
4 4 10 5 15 8 15 9 17 10 11 2 3 5 7 13 12
10 2 16 1 11 12 13 12 7 5 16 17 4 17 2 14 8
4 17 6 5 7 16 2 6 3 10 2 12 14 4 1 4 13
11 14 12 3 16 15 17 4 5 2 7 15 12 5 5 17 1
4 13 7 11 16 4 14 6 12 17 2 17 11 8 11 5 16
14 14 12 7 4 10 15 1 4 8 4 11 2 13 3 2 16
3 8 9 2 9 14 4 16 14 4 6 17 1 12 10 11 5
9 10 15 6 10 2 1 13 1 14 4 5 11 12 12 9 12
7 15 12 14 17 3 6 3 16 12 12 13 13 5 3 3 10
9 10 14 8 10 12 1 17 2 3 13 16 13 15 6 6 11