17 17
3 3 12 11 9 11 15 7 6 14 4 10 3 13 8 2 3
1 9 4 16 10 15 16 14 5 17 11 1 7 3 6 8 2
7 3 4 12 17 9 17 6 10 14 13 16 14 2 11 11 10
8 4 8 4 7 5 10 14 11 1 3 1 2 9 14 13 14
2 5 8 7 12 17 14 4 15 13 10 11 6 7 9 17 8
14 16 5 17 8 7 10 3 7 9 17 11 12 15 2 1 4
6 17 14 13 4 5 1 7 12 5 10 2 16 11 7 10 14
15 11 3 5 14 13 17 11 13 6 12 14 1 16 17 8 8
12 8 14 17 15 13 13 2 1 11 13 4 16 16 5 3 9
6 15 17 14 10 12 8 12 3 7 2 6 11 4 13 9 8
4 14 16 2 5 2 13 8 1 3 13 7 10 6 5 15 17
5 11 17 9 11 16 3 12 4 3 13 15 13 14 10 3 5
16 15 11 2 3 8 6 12 17 8 9 14 4 5 1 5 15
9 1 2 11 4 14 11 5 16 15 6 1 15 8 2 1 12
3 13 6 1 2 8 9 15 17 16 10 17 3 1 12 3 7
13 2 2 17 1 17 11 10 14 15 16 6 9 5 4 6 5
13 6 15 14 16 4 7 12 2 8 14 8 17 5 12 12 13