15 15
12 15 13 8 11 6 10 9 14 2 7 8 5 10 1
6 5 4 13 15 4 10 6 3 8 1 7 14 3 9
10 9 5 4 5 13 9 2 3 14 7 5 11 8 8
1 11 5 6 3 11 13 8 10 3 12 9 2 4 14
1 4 12 1 5 8 4 15 10 10 11 6 6 5 7
2 1 14 12 6 10 7 1 8 13 8 5 4 11 7
7 6 14 2 1 11 4 10 5 3 8 15 2 5 6
3 7 2 2 13 15 3 9 4 2 5 14 1 9 6
3 8 10 11 9 1 11 2 6 5 7 4 9 3 12
7 14 15 9 5 3 6 14 1 9 10 12 15 7 13
13 12 13 10 4 6 2 7 6 1 15 11 15 14 5
10 13 6 1 8 2 13 14 5 9 9 10 7 8 4
8 10 1 14 7 10 11 10 15 4 15 13 15 6 2
15 3 7 9 3 15 8 4 7 6 13 14 10 1 5
14 6 3 5 10 4 9 13 5 7 11 1 5 13 9