15 15
12 4 14 12 3 15 9 11 14 13 7 1 9 7 13
15 12 8 10 1 9 8 3 13 2 14 11 6 5 7
9 7 11 15 2 13 14 10 9 1 7 4 12 9 8
10 14 2 12 11 9 15 3 1 1 8 3 3 13 9
8 7 1 4 15 7 15 14 9 11 12 2 13 4 4
11 3 14 7 12 2 6 15 12 10 5 9 1 8 9
3 1 7 2 5 3 7 5 12 11 13 6 14 6 10
7 9 6 9 8 11 4 6 10 12 9 14 15 1 3
1 13 10 4 4 2 12 9 6 5 3 2 7 4 12
13 11 12 15 12 4 3 1 1 9 5 7 13 2 8
5 13 3 14 9 2 13 11 11 6 12 10 4 14 4
13 6 13 3 7 15 4 12 7 5 11 15 9 15 1
14 9 7 5 10 5 12 7 15 4 2 2 8 6 11
12 13 15 9 13 10 12 6 15 8 1 5 11 12 14
2 5 9 11 15 14 1 3 7 11 6 15 8 10 15