15 15
8 2 6 3 12 10 14 8 1 5 6 15 8 13 7
12 2 13 12 11 6 10 9 4 4 2 7 8 6 8
15 6 10 5 13 12 2 1 14 4 15 6 9 6 8
5 4 12 3 8 6 3 2 2 1 13 10 11 11 14
2 12 14 6 10 11 13 9 3 8 15 14 1 14 9
1 4 9 4 3 6 2 15 11 10 11 5 13 8 12
8 15 11 8 10 5 2 12 2 2 8 8 14 10 3
14 2 1 15 12 3 6 11 14 12 10 4 5 9 5
4 11 8 5 6 5 7 10 5 2 9 12 2 14 15
10 2 5 2 15 1 10 4 12 13 12 8 11 3 11
1 8 8 10 12 6 9 1 12 15 5 1 7 1 2
7 10 14 8 9 2 5 13 3 6 12 11 3 14 5
3 13 1 8 14 4 5 3 6 11 11 12 13 15 4
3 5 15 11 4 9 10 14 13 14 7 8 12 14 10
13 13 7 8 5 8 15 2 10 2 4 3 6 12 4