15 15
2 9 7 6 11 3 8 11 12 5 7 10 14 4 1
12 3 5 13 8 2 12 15 1 8 14 6 8 11 4
3 14 10 14 13 2 6 4 10 15 12 11 15 9 2
8 7 9 2 9 5 3 13 15 3 10 15 4 8 15
8 10 14 4 15 10 13 9 11 1 5 3 9 5 10
9 12 11 3 11 13 6 5 10 10 2 4 6 1 8
3 15 1 12 6 8 10 3 5 9 15 2 4 4 5
7 6 2 1 7 9 4 3 1 8 15 5 10 6 13
15 4 12 8 8 10 6 14 13 6 1 3 2 5 11
2 6 8 15 5 14 5 10 10 11 11 1 15 2 8
1 10 11 12 2 4 7 12 3 9 6 15 13 14 5
5 11 6 7 4 12 5 2 8 4 14 13 8 10 9
10 10 3 9 5 6 15 5 2 12 8 8 11 1 8
6 9 13 1 4 5 11 12 15 2 7 8 6 3 14
13 5 3 5 8 15 2 1 4 10 1 9 12 7 1