15 15
3 11 15 3 2 6 11 10 4 5 3 9 13 14 12
15 14 13 4 12 7 2 12 7 9 8 13 1 8 11
6 11 2 7 13 5 12 8 3 15 11 1 10 10 9
4 2 10 12 14 3 5 9 4 8 6 7 13 5 3
14 8 3 13 8 3 6 5 15 14 11 10 4 7 5
8 6 13 3 11 2 1 7 6 10 2 14 15 5 5
7 3 1 9 5 8 11 12 14 13 9 4 2 10 6
12 1 8 3 10 2 13 4 1 6 3 14 11 11 7
4 3 6 7 1 13 4 14 5 7 15 7 3 12 1
4 7 4 10 3 5 12 9 8 11 4 6 14 11 15
9 10 7 2 2 12 3 5 11 14 8 15 13 1 10
2 9 11 7 15 14 9 3 13 9 7 13 12 3 10
11 15 12 6 7 1 12 13 3 2 14 12 4 13 8
2 5 14 9 6 10 8 15 12 1 1 11 1 2 12
7 13 3 14 2 4 10 11 7 12 10 8 5 6 2