17 17
14 16 1 8 8 9 4 5 3 13 1 3 15 10 12 2 6
1 17 12 9 3 4 7 5 15 8 14 2 13 10 11 6 12
3 1 17 10 13 9 6 11 9 2 4 5 12 7 1 17 2
15 12 10 9 9 17 14 2 12 5 11 8 6 4 14 10 12
1 6 8 14 4 11 9 3 13 2 9 15 17 5 6 12 11
10 5 9 4 16 3 9 6 8 17 7 1 1 5 13 11 10
7 11 17 13 14 14 8 9 5 12 15 1 7 16 12 3 13
11 12 8 1 8 2 5 9 16 14 6 5 9 13 15 7 15
16 12 2 13 12 6 5 17 14 6 10 5 11 12 9 1 3
12 2 15 11 7 8 16 14 6 1 5 9 8 3 11 4 14
14 4 13 13 14 5 2 7 2 10 13 17 16 11 6 2 15
13 1 11 6 2 9 1 16 2 9 12 14 14 17 3 10 5
2 5 14 9 12 10 15 12 17 11 4 14 1 6 1 5 4
3 13 4 2 17 11 15 14 5 6 9 16 2 8 3 15 7
6 9 11 12 10 12 3 15 11 7 2 6 5 8 5 14 3
14 7 6 15 11 16 17 12 4 3 3 4 17 14 2 13 14
4 14 10 17 1 5 11 13 8 2 3 6 7 2 15 9 8