17 17
15 12 8 4 14 13 11 4 12 4 11 1 1 6 7 17 4
2 15 6 3 4 3 7 1 7 13 9 9 16 10 12 11 17
3 11 8 1 11 10 13 4 2 17 14 16 4 15 5 9 8
3 14 2 8 16 1 12 6 6 15 8 14 9 7 3 4 12
13 2 17 4 6 6 8 7 14 3 2 5 14 16 9 10 1
4 9 16 10 2 17 4 12 8 14 9 4 15 3 16 6 16
7 1 9 10 8 11 4 8 12 3 15 8 5 13 6 1 16
6 5 1 17 15 14 7 13 3 17 16 2 8 13 10 7 4
9 13 13 12 8 4 16 12 6 2 4 7 17 5 17 13 11
1 7 4 2 14 8 14 9 17 1 10 2 3 14 2 16 6
8 16 13 9 10 16 1 17 12 9 17 15 14 11 4 11 13
3 10 7 15 17 16 12 2 4 7 6 3 14 1 1 5 9
1 6 14 16 13 14 14 5 17 10 4 2 12 17 11 8 11
16 6 15 17 3 6 2 14 11 17 12 13 11 9 17 2 3
8 1 3 12 5 9 11 7 7 6 12 10 2 1 15 12 16
4 8 10 11 17 15 14 16 9 12 13 6 8 2 7 1 5
8 17 7 14 9 14 6 11 7 11 1 14 4 10 16 13 16