17 17
12 9 5 3 13 9 17 1 9 14 11 3 2 4 6 2 8
10 14 11 4 1 3 7 6 15 15 13 5 2 1 12 14 5
17 2 1 7 8 11 15 12 17 13 14 8 3 9 15 4 10
7 15 12 17 4 9 14 13 15 3 12 14 10 5 16 5 1
1 8 12 15 11 8 3 7 6 7 5 13 8 15 4 14 2
15 4 6 11 11 12 4 5 17 1 7 9 7 9 2 3 3
11 6 2 8 12 5 14 16 3 11 15 15 17 13 5 10 7
5 13 16 6 15 14 12 7 14 8 1 11 4 15 10 12 9
7 3 11 15 5 8 2 11 17 17 1 12 5 2 9 14 15
16 9 15 5 6 4 1 3 12 4 2 13 14 1 17 7 11
3 5 2 10 17 1 6 6 4 9 6 15 1 10 13 17 3
13 11 12 3 5 14 8 17 1 1 9 4 15 6 8 12 16
14 2 7 2 3 7 9 1 4 6 17 3 11 10 8 6 13
8 12 17 1 15 13 5 2 14 10 4 7 13 17 14 6 15
6 4 17 16 2 2 11 6 9 5 3 4 13 12 1 1 3
8 17 17 6 17 2 13 10 5 5 7 1 8 16 3 8 4
17 1 14 13 7 16 12 4 10 8 8 6 9 13 11 15 3