17 17
11 17 11 6 5 2 1 8 4 8 7 16 7 8 11 15 12
2 5 3 1 11 10 11 14 16 13 6 15 9 7 17 12 12
4 3 11 16 2 15 15 11 10 10 12 7 15 13 8 6 14
10 14 7 11 3 2 4 4 5 11 16 7 17 15 3 8 13
11 7 8 8 12 1 12 4 13 11 17 3 10 11 15 12 6
5 2 4 10 7 1 17 9 11 2 3 6 1 8 13 3 2
11 6 15 3 13 5 11 16 10 9 1 4 17 10 5 14 3
14 12 13 2 2 6 10 7 9 5 8 7 11 5 3 16 8
13 9 16 3 1 2 3 8 12 6 1 17 4 2 10 7 8
16 13 10 9 17 8 13 3 1 14 10 15 17 4 5 11 10
10 12 1 3 14 2 16 3 3 5 13 7 5 6 16 9 11
13 3 10 15 11 7 8 17 1 16 5 12 1 9 14 4 3
8 13 14 2 9 3 6 3 7 5 10 2 16 17 10 13 10
14 16 4 7 6 8 14 5 8 16 2 13 10 15 11 15 4
7 10 8 14 5 13 5 16 6 3 8 11 2 2 9 17 1
6 11 17 13 10 15 16 8 14 2 3 5 7 11 4 6 9
16 11 12 15 8 2 13 6 11 15 9 14 6 1 7 2 14