15 15
6 3 2 9 2 1 10 12 4 7 11 11 2 4 15
15 9 13 14 5 1 6 1 1 8 10 4 7 1 11
7 5 2 10 15 13 3 6 1 9 4 15 14 15 15
8 7 2 11 12 3 6 4 5 10 2 14 8 2 6
2 2 9 2 15 11 12 1 13 4 1 10 5 7 7
2 4 11 6 7 14 9 13 15 13 10 1 11 11 12
5 2 4 15 15 6 9 13 11 3 7 6 12 14 10
3 14 3 7 9 1 1 8 13 13 10 2 11 5 10
8 1 7 8 6 5 15 15 9 11 14 3 3 12 2
13 8 1 8 6 7 14 7 3 13 12 11 4 15 9
11 10 10 5 3 1 7 9 10 15 13 12 13 1 4
12 11 12 1 8 4 2 7 10 2 5 2 15 2 2
14 15 15 12 4 1 5 11 7 1 15 9 3 6 8
9 15 11 4 8 12 2 3 1 6 8 7 5 13 14
7 9 11 1 14 8 8 5 6 13 15 10 1 7 12