15 15
3 15 13 14 12 9 8 1 12 6 5 13 11 2 10
14 15 13 2 9 12 6 2 4 10 15 11 14 5 9
1 1 10 15 14 14 12 4 6 7 13 5 3 8 2
11 5 15 14 14 2 13 4 12 1 8 11 6 3 7
5 4 9 1 13 10 3 6 14 12 2 7 11 4 12
6 3 8 10 2 9 9 13 9 11 7 9 14 9 5
9 11 5 7 5 10 4 6 15 13 3 8 2 1 3
1 2 7 6 11 1 2 9 15 8 10 14 3 3 4
13 4 13 3 13 7 14 2 8 3 11 2 12 3 9
7 6 3 5 10 4 11 8 2 15 4 9 15 13 14
10 10 11 4 3 1 5 6 9 14 11 6 13 7 14
6 14 8 5 14 4 1 7 11 9 3 10 6 12 11
15 7 14 2 2 3 1 5 11 2 6 11 15 14 1
13 10 4 11 8 13 7 2 6 4 9 15 5 14 14
8 13 5 8 5 6 15 14 1 3 4 1 14 11 4