15 15
15 9 11 6 2 6 1 13 4 3 14 5 10 5 8
7 8 3 15 7 13 8 11 11 6 6 4 7 2 9
12 1 6 6 13 6 14 7 3 4 11 5 2 8 8
13 12 13 8 4 7 13 1 8 10 5 9 3 6 5
5 11 4 10 3 12 7 13 14 4 8 2 1 4 13
3 11 2 3 9 11 8 10 8 14 15 13 7 1 7
6 15 2 13 3 9 12 14 2 1 8 2 3 8 11
13 10 10 1 11 13 6 4 1 8 9 3 15 5 12
7 6 7 5 7 3 13 7 9 7 1 7 11 14 4
9 7 6 1 15 10 15 5 6 13 2 8 9 11 7
7 2 6 9 8 8 3 12 11 7 10 10 5 13 1
3 3 12 3 5 8 2 8 13 15 4 6 9 6 7
10 5 15 4 14 11 11 9 7 6 13 11 12 3 2
13 7 4 3 1 2 1 15 10 11 10 14 7 9 7
14 10 1 8 3 6 9 3 5 2 5 11 13 12 15