15 15
5 3 15 12 4 15 10 8 14 6 7 6 15 8 1
10 9 5 14 2 10 14 2 10 15 13 3 6 1 3
11 1 15 11 8 7 6 1 9 10 2 5 12 1 13
13 7 6 1 7 3 1 10 2 14 8 3 4 15 7
2 1 9 11 10 7 5 15 2 11 6 13 11 9 8
9 1 2 4 4 13 8 1 7 1 12 11 5 13 14
6 8 9 7 13 15 1 14 12 7 15 3 11 2 5
11 2 14 2 1 12 15 4 10 4 3 3 11 6 1
2 15 4 9 5 10 13 12 3 14 1 10 14 8 7
2 6 12 13 14 1 9 3 13 10 5 4 6 7 15
15 13 8 2 10 11 7 5 1 6 6 14 9 12 6
15 5 4 9 2 8 14 12 15 7 11 10 3 13 12
14 4 1 15 3 5 15 3 8 3 12 9 13 8 2
10 2 9 3 15 4 7 11 13 5 14 2 13 8 6
4 14 7 9 3 1 4 8 6 11 2 15 10 5 7