17 17
4 13 13 16 1 8 7 9 4 6 2 10 9 12 7 11 10
3 2 11 4 17 5 8 13 10 12 7 1 14 6 4 1 16
13 4 1 16 14 12 6 11 17 17 5 8 13 15 13 12 9
7 9 4 8 9 17 2 11 8 13 9 16 12 10 10 3 6
15 17 10 16 6 10 3 11 9 14 11 7 3 5 13 12 1
16 16 10 9 4 10 13 14 9 8 12 13 5 2 1 4 11
2 5 15 10 16 12 9 8 1 9 8 3 11 17 17 13 16
1 14 1 13 16 16 4 6 17 15 1 6 7 8 13 10 12
9 10 2 16 15 13 1 4 12 11 12 17 6 5 16 5 13
1 4 12 5 10 2 11 17 6 16 4 12 15 17 3 9 1
10 12 7 3 8 14 16 7 3 2 17 1 12 14 4 6 17
13 9 7 7 12 11 13 1 2 5 13 4 16 3 13 8 9
5 9 8 6 7 3 7 3 4 9 16 11 1 9 9 14 2
6 15 16 1 4 14 11 16 13 3 9 5 10 7 17 17 9
13 6 16 2 17 4 12 9 7 4 13 15 17 11 8 12 6
12 7 17 8 11 6 15 2 16 16 3 3 4 1 3 5 14
8 4 6 16 12 4 5 9 3 1 10 11 14 13 12 15 3