17 17
5 6 12 5 6 4 5 15 14 8 17 3 16 15 17 11 13
7 7 13 12 15 8 11 17 4 5 14 4 14 3 16 5 6
2 3 9 1 10 10 13 14 15 4 5 13 6 10 14 7 17
10 13 6 2 15 5 3 13 16 11 17 8 14 4 8 16 7
9 17 7 13 11 14 5 17 13 1 5 10 4 4 2 3 17
12 12 1 11 14 14 16 4 1 12 15 6 5 8 7 13 3
3 9 16 14 1 1 10 13 7 2 1 9 14 17 5 12 15
5 7 1 13 3 13 5 11 10 6 2 5 8 15 4 1 17
12 16 11 10 16 16 4 17 2 17 9 14 8 6 3 13 10
4 11 5 12 10 16 9 2 5 8 7 8 3 12 1 10 14
14 3 4 6 9 9 7 5 16 6 3 11 12 2 11 17 15
9 2 14 8 5 3 17 10 4 12 16 9 13 11 10 1 12
1 9 17 12 12 3 14 7 11 3 4 16 15 11 11 8 8
15 6 5 17 3 12 6 3 8 9 13 9 1 1 9 2 11
8 15 16 9 13 9 12 16 15 7 1 5 5 14 11 6 7
17 16 10 7 8 6 1 17 17 15 11 4 9 13 1 5 4
16 1 8 3 2 6 15 10 11 16 3 13 8 9 6 1 5