17 17
7 13 5 5 1 4 9 2 16 17 12 11 15 7 10 6 4
1 10 5 8 9 6 12 8 13 2 3 16 7 1 14 11 8
10 4 11 15 16 5 13 5 8 4 6 9 13 8 1 3 1
15 5 1 10 7 11 6 7 9 8 17 3 1 16 12 12 14
15 17 9 6 11 10 8 14 2 11 10 4 3 6 16 14 3
16 8 12 11 17 14 3 6 11 9 6 3 11 5 11 15 2
11 12 1 2 9 5 16 8 17 14 4 11 13 10 2 9 12
16 2 4 7 10 15 10 12 14 6 1 8 9 7 17 16 14
2 6 16 1 5 1 15 11 4 3 9 13 12 7 1 4 4
12 3 5 11 6 13 4 2 1 12 14 12 8 15 5 17 16
3 10 2 16 13 9 6 17 12 13 1 5 10 6 8 15 13
17 16 12 3 12 1 2 13 10 5 11 2 14 4 16 8 7
6 11 14 4 3 9 17 12 8 2 1 1 5 7 7 12 6
1 3 10 16 13 17 11 3 5 15 6 12 1 15 4 14 7
6 1 17 9 8 5 14 15 3 13 2 5 4 12 11 15 10
5 7 4 12 4 2 11 1 11 6 8 14 6 17 9 1 15
8 14 6 8 14 4 5 11 10 7 14 11 12 11 15 1 10