17 17
8 12 7 10 11 4 1 5 14 16 3 4 13 11 9 2 10
13 14 6 12 7 5 15 8 1 5 6 10 16 12 12 4 8
14 11 13 3 1 9 4 13 15 7 17 6 9 10 12 5 17
9 2 8 10 16 5 2 4 17 8 4 10 1 6 5 12 13
12 17 4 1 3 16 12 8 11 15 5 13 2 1 14 6 6
16 6 17 12 9 14 7 4 6 17 15 2 16 3 11 11 5
7 8 1 9 9 17 11 9 3 9 10 4 5 13 15 16 14
5 6 12 8 13 1 15 7 15 14 9 6 17 16 4 16 2
14 5 3 9 15 5 12 11 13 10 14 16 6 13 16 1 12
13 7 2 6 8 11 2 16 7 16 12 15 10 5 6 15 17
16 10 8 2 17 15 5 9 12 11 14 15 3 4 16 14 1
4 1 10 14 6 2 16 16 5 14 15 16 6 15 8 11 11
8 4 9 7 14 5 8 10 1 1 2 11 15 17 16 7 16
10 9 11 5 4 7 2 15 16 4 10 1 8 14 17 13 3
14 2 4 7 6 12 1 13 10 12 11 2 4 1 5 9 8
2 7 14 17 5 8 13 6 17 3 2 12 11 11 1 10 9
5 16 7 11 13 14 3 1 9 4 8 14 11 5 13 17 9