15 15
2 7 4 6 2 5 10 9 14 2 11 13 14 1 15
11 15 10 4 11 13 13 10 6 14 6 8 3 12 12
5 2 14 1 10 12 3 15 2 13 6 13 7 8 8
2 8 15 12 4 3 7 5 13 3 10 6 14 7 4
13 5 10 9 11 9 12 7 14 5 4 14 6 14 10
13 14 15 15 5 2 6 14 1 14 9 10 13 14 11
15 13 15 14 8 9 15 8 5 3 12 9 1 6 7
10 9 5 7 15 15 1 12 6 8 15 14 3 4 13
1 12 13 2 4 7 9 7 10 15 15 3 11 2 10
6 14 8 11 5 15 8 4 12 1 13 9 2 10 9
9 2 8 3 7 5 14 10 4 15 8 11 13 13 8
12 5 7 9 13 2 8 6 2 5 14 5 5 8 3
15 9 11 2 12 6 13 3 6 12 1 4 10 15 5
4 10 9 5 6 14 5 2 7 8 3 4 15 5 8
7 6 3 10 14 4 15 2 11 2 12 12 8 9 6