15 15
5 7 9 7 6 4 8 3 13 10 9 12 11 15 15
12 8 5 15 9 4 13 14 6 2 15 9 10 11 3
10 12 8 1 11 10 11 7 3 4 1 2 15 13 3
6 13 11 12 15 6 10 8 9 7 14 8 1 5 4
9 15 12 15 13 15 13 4 4 5 8 10 3 12 1
11 3 11 8 2 9 12 2 6 1 7 15 4 1 13
1 10 9 4 7 4 8 6 12 3 4 6 7 15 8
9 9 4 12 3 8 11 11 9 1 10 6 13 6 7
4 1 3 10 15 13 6 1 5 12 15 8 7 8 2
3 6 5 14 1 2 6 5 12 11 4 7 1 10 12
4 15 10 8 12 15 4 4 1 9 13 13 2 2 11
13 11 15 11 7 14 3 10 2 10 1 9 15 12 11
7 14 1 13 2 12 15 9 4 6 11 6 12 8 10
14 13 2 13 8 6 11 2 10 5 12 3 9 10 5
11 5 7 9 8 12 2 15 9 7 3 15 6 4 7