15 15
7 1 2 9 12 15 8 11 11 9 11 14 13 6 3
2 3 8 1 2 11 10 9 5 8 14 3 12 13 15
4 14 13 9 4 15 9 10 12 6 5 3 11 5 12
15 9 5 6 10 15 1 15 8 3 5 4 6 2 8
5 11 7 9 15 1 4 3 8 1 9 2 10 13 2
15 15 10 3 1 14 8 12 11 1 9 8 2 7 2
10 7 7 12 9 3 15 2 5 2 10 5 1 7 4
3 8 9 14 1 6 12 4 15 2 13 11 5 10 11
8 6 7 15 11 4 5 11 2 10 3 13 8 12 9
2 2 3 3 4 13 5 6 5 11 5 15 8 9 12
2 15 15 11 13 7 6 5 3 13 8 10 5 1 11
12 5 11 13 13 2 2 8 8 4 10 9 3 2 5
1 13 8 2 1 7 11 4 9 15 4 12 9 3 10
13 10 12 5 15 3 2 7 13 14 12 12 9 11 6
7 12 4 8 14 10 13 13 7 4 2 6 15 15 11