15 15
8 11 15 1 4 2 9 6 7 11 3 3 14 8 13
5 2 9 5 1 7 2 15 2 12 6 13 3 4 14
14 6 2 11 8 15 13 3 1 5 3 9 4 5 7
14 5 2 13 6 8 8 10 8 2 11 7 15 14 7
10 13 9 8 7 12 6 4 11 9 7 4 1 2 3
3 2 4 8 15 7 8 9 2 13 12 1 14 7 2
1 12 5 4 1 14 7 2 12 6 15 11 8 15 5
13 8 12 8 11 9 6 1 4 10 2 14 8 6 4
4 7 6 6 12 1 14 5 3 3 8 9 11 13 9
12 1 8 6 2 1 8 14 4 7 15 10 15 3 9
2 3 11 15 7 4 12 11 13 14 9 6 13 1 10
6 15 13 5 14 2 3 7 9 8 2 2 12 7 1
14 4 8 11 3 10 1 3 2 1 14 8 11 12 13
15 10 1 7 13 11 2 13 14 4 4 3 6 9 8
5 3 7 3 3 15 11 9 15 15 1 13 2 1 12