17 17
4 3 8 4 6 12 9 7 5 1 14 17 8 5 13 4 2
10 9 15 7 1 8 5 2 9 17 8 1 14 1 4 6 3
15 12 12 2 5 7 8 14 9 16 1 9 11 13 13 17 6
17 11 13 12 4 9 15 4 1 4 8 3 10 16 6 14 3
3 1 2 13 15 4 4 12 10 2 6 7 3 11 5 3 17
12 6 12 2 10 16 13 5 3 4 9 11 5 13 1 7 2
12 16 8 14 13 2 9 17 15 5 13 6 3 7 9 1 8
7 7 3 6 6 10 13 1 9 8 15 1 13 4 16 6 11
11 17 14 1 16 16 3 4 13 17 13 10 7 6 3 5 1
7 14 1 11 4 5 4 6 8 6 13 15 17 4 11 2 16
16 11 11 5 14 16 17 12 12 13 4 9 1 3 7 9 5
4 11 7 7 2 13 16 9 4 3 1 1 6 7 12 10 14
17 4 4 17 12 5 7 12 14 6 5 12 16 1 7 11 13
6 10 5 15 16 16 17 13 17 9 7 14 4 8 17 3 7
5 6 17 11 3 6 10 16 7 14 1 11 10 2 17 13 4
17 13 9 4 1 3 6 17 17 11 12 16 8 13 2 10 17
13 5 11 10 9 6 4 8 4 7 1 12 2 15 9 16 1