17 17
6 6 10 17 7 15 13 9 10 11 14 3 12 7 1 4 16
10 16 15 7 5 4 14 8 8 9 9 1 8 12 11 3 17
13 5 14 16 1 11 13 8 17 13 3 2 10 13 6 8 15
16 11 14 10 2 1 2 7 5 2 9 15 3 14 13 17 12
12 8 7 1 9 12 17 5 17 4 16 10 13 10 8 10 3
14 9 2 12 5 10 11 7 8 5 13 7 7 17 9 16 4
15 13 9 7 5 8 5 17 6 6 16 8 7 3 4 1 11
9 7 2 6 4 17 3 15 16 8 12 5 13 1 14 14 2
11 6 1 3 17 6 5 10 9 10 7 8 4 16 3 2 15
4 17 2 8 12 4 5 6 13 3 17 4 16 11 4 7 4
1 3 17 4 14 5 16 5 12 13 15 7 9 5 7 10 8
14 10 5 5 5 3 6 16 2 14 12 17 1 4 15 5 6
10 4 11 17 2 9 15 2 3 1 13 16 2 8 13 5 7
13 12 8 11 13 7 2 3 14 16 10 6 14 10 17 15 10
6 2 3 15 16 12 7 4 1 9 4 9 3 10 8 13 5
8 17 16 9 3 3 10 2 11 6 5 9 5 16 12 4 7
14 1 5 3 10 17 10 4 11 15 8 7 16 7 12 6 13