17 17
8 8 15 11 15 16 4 17 15 13 12 8 14 2 7 5 5
4 16 6 4 11 5 7 10 7 9 12 8 3 15 12 15 2
17 16 14 5 3 5 15 16 6 15 7 7 8 13 10 2 16
3 2 6 10 1 8 9 6 8 4 16 7 17 11 11 12 12
12 2 7 2 2 17 5 13 15 7 14 1 10 3 9 11 10
4 4 1 12 10 3 8 11 11 3 7 9 2 7 7 17 5
8 14 13 2 15 13 8 3 4 5 11 12 15 16 7 6 1
17 11 16 4 8 2 13 7 12 15 14 3 8 17 1 7 10
2 3 8 1 14 11 1 7 10 4 17 16 4 2 13 11 9
1 7 5 3 4 16 17 15 5 14 9 11 12 10 6 8 15
11 10 3 1 5 11 16 8 2 1 5 12 7 12 4 13 1
7 17 4 1 7 3 5 13 8 12 2 14 2 7 5 12 16
7 7 2 16 9 4 11 15 7 6 12 5 13 8 17 10 3
13 12 17 17 11 9 1 14 16 2 8 11 6 4 14 3 6
6 15 15 8 16 6 12 9 3 10 1 10 14 11 2 4 5
5 13 12 6 6 10 13 4 17 7 3 16 12 14 8 14 17
3 3 17 13 6 11 7 13 9 8 13 2 16 11 14 1 17