17 17
16 2 9 5 17 1 4 6 13 17 3 12 11 8 11 15 10
3 3 15 2 7 6 6 8 6 1 5 16 4 4 11 10 7
4 15 5 1 12 13 3 6 8 11 3 9 13 10 11 14 7
8 1 11 1 13 7 7 6 12 9 2 12 10 14 17 5 7
6 15 10 10 10 2 6 13 6 8 17 16 1 11 7 3 12
14 13 4 2 10 11 12 9 9 5 5 3 15 14 7 8 16
8 17 13 2 2 8 7 3 10 7 6 4 14 5 7 12 16
10 16 17 17 17 12 5 14 1 7 9 4 3 9 2 11 16
3 1 14 8 6 3 10 11 16 7 15 4 5 7 8 9 2
15 7 15 12 3 3 11 17 14 2 16 10 16 9 16 6 7
7 13 6 13 5 16 12 2 1 3 1 11 12 14 8 13 9
14 10 9 9 9 15 1 12 7 8 8 8 16 2 17 13 6
13 14 1 2 16 9 9 6 17 12 14 5 2 15 4 13 8
12 9 14 11 8 7 8 15 8 6 14 2 12 13 9 1 5
9 12 10 6 8 4 15 11 1 16 16 8 9 17 14 17 13
11 8 8 14 4 14 2 7 9 9 12 1 17 6 13 17 3
1 4 8 16 12 17 13 8 3 4 13 14 7 11 9 17 15