17 17
10 15 7 8 13 10 11 3 6 17 17 5 9 4 2 12 9
11 13 14 4 16 15 13 5 5 10 8 14 7 6 3 2 9
8 14 12 12 9 3 7 5 11 7 17 10 6 14 4 16 9
2 7 11 12 17 17 4 15 14 6 10 1 11 14 16 8 3
2 12 15 12 10 1 9 16 9 10 13 11 5 14 8 17 13
2 10 14 1 7 2 6 5 7 8 16 15 16 3 10 9 4
4 3 11 13 15 16 13 9 3 9 2 4 1 12 10 12 7
15 6 16 14 1 3 11 8 12 9 16 2 2 7 10 10 12
3 16 4 5 4 14 11 7 1 1 2 11 10 4 9 15 12
11 9 17 13 4 13 2 9 1 5 15 3 17 16 13 14 12
12 4 9 15 4 6 9 1 1 16 11 7 17 13 14 3 10
10 8 8 8 5 17 1 14 13 3 17 9 17 2 6 4 14
13 17 13 3 10 8 16 16 10 12 12 12 2 15 6 7 14
7 1 16 11 2 4 11 10 3 14 1 12 14 5 6 13 14
7 8 10 7 3 12 17 6 15 8 4 14 13 17 3 1 5
6 6 2 13 13 9 13 12 16 11 10 4 15 17 16 5 8
14 2 1 6 8 9 15 17 4 12 5 10 3 17 7 14 11