17 17
9 17 7 1 11 6 14 3 8 11 11 4 10 7 2 13 12
8 5 15 8 6 1 2 11 7 14 11 1 17 16 8 4 12
8 2 11 4 1 9 1 7 3 5 17 10 14 1 12 15 16
8 16 8 5 2 17 13 10 15 12 6 7 12 4 1 17 11
15 3 8 9 1 2 1 6 9 12 12 11 2 10 16 7 14
16 13 8 11 1 8 10 14 14 8 3 15 2 1 4 6 16
16 11 4 6 7 10 17 14 5 15 1 12 2 8 7 17 6
16 6 1 12 9 1 16 14 11 13 13 13 3 17 7 2 4
4 10 10 7 15 3 15 12 16 1 16 5 8 15 15 16 13
6 10 1 7 15 4 5 13 12 16 17 9 14 14 14 8 12
1 10 6 13 15 15 8 10 8 2 5 14 4 9 3 15 17
13 1 2 17 17 5 8 10 4 12 12 16 10 15 9 14 3
2 15 1 17 10 16 8 4 3 6 5 2 14 11 12 1 6
2 12 9 17 13 6 7 17 3 14 14 14 1 6 11 6 5
2 7 12 14 11 13 12 2 5 17 10 8 16 6 11 10 11
14 9 12 8 16 16 3 11 2 8 4 17 12 5 6 11 1
4 8 12 15 4 14 9 5 16 7 7 1 13 3 11 9 16