17 17
14 6 9 11 9 13 8 8 10 17 2 5 7 12 15 9 1
15 17 5 5 10 15 4 17 12 17 3 15 8 1 16 13 9
7 4 3 4 7 10 4 15 7 14 11 1 16 11 13 12 2
15 12 8 17 4 3 9 14 13 5 16 14 7 11 1 1 4
1 10 9 12 5 5 16 1 17 15 8 7 6 11 2 9 4
1 14 5 1 11 3 7 13 6 5 9 4 10 15 3 8 4
17 10 14 13 17 1 8 10 10 7 7 9 12 3 4 5 15
3 11 10 17 16 6 13 3 2 8 7 6 15 12 1 5 14
5 15 12 15 2 6 4 7 9 16 7 13 15 17 8 5 3
6 8 2 9 14 16 11 4 6 12 5 3 13 12 7 6 10
12 5 6 2 11 4 16 11 14 3 11 8 11 10 16 7 5
10 15 6 9 13 14 3 10 1 10 12 14 11 14 16 4 5
14 3 6 6 4 9 17 2 17 11 1 10 11 16 16 15 5
4 16 11 16 9 17 10 10 15 13 3 12 1 9 6 14 8
1 1 1 8 9 11 12 12 16 9 13 15 14 6 5 10 13
6 2 1 16 17 14 15 12 11 9 8 16 12 7 5 3 13
14 9 13 16 2 7 2 5 4 9 17 14 14 8 5 11 13