15 15
13 4 11 14 13 4 12 5 1 8 7 2 10 6 3
2 8 11 3 12 7 15 8 1 8 5 3 13 1 9
12 7 3 13 15 1 14 9 5 10 2 7 6 8 11
4 7 5 15 11 6 11 2 10 12 13 9 8 11 12
3 12 15 4 10 13 5 7 8 14 12 8 11 3 4
15 11 13 9 14 2 8 11 6 7 12 8 1 9 4
10 5 12 2 5 9 13 11 7 3 6 4 14 5 8
8 5 6 11 2 11 1 3 13 13 15 10 7 8 15
13 14 13 12 6 7 2 12 11 3 8 15 8 10 14
8 5 1 14 8 2 7 15 13 14 9 6 3 12 5
4 10 14 15 9 1 11 2 8 12 3 1 11 11 13
7 1 4 10 11 11 6 5 4 2 15 5 2 13 8
8 13 9 8 4 12 4 1 15 2 5 11 5 12 6
5 6 10 3 4 8 1 13 3 15 11 11 12 2 3
1 11 5 11 14 14 15 8 2 14 4 12 13 7 15