15 15
5 2 5 10 2 15 3 6 7 14 13 7 7 11 9
10 7 15 11 7 5 12 4 12 11 4 3 9 9 6
11 9 6 14 11 8 15 5 7 4 10 11 5 13 1
13 10 5 15 12 2 13 2 3 3 6 5 1 7 4
15 4 2 8 7 9 2 7 3 11 1 12 4 14 10
4 4 9 6 6 13 12 10 12 1 3 11 11 5 6
1 5 11 12 11 3 8 9 10 13 11 4 6 9 11
8 15 10 2 13 10 11 3 12 9 7 6 11 4 8
2 12 8 4 5 1 8 13 13 6 6 9 3 10 2
7 14 3 1 4 11 3 13 3 15 12 12 10 9 9
11 3 4 13 10 2 9 8 11 8 6 1 15 12 4
9 12 11 3 1 3 10 13 5 12 15 11 2 6 5
3 6 13 4 4 10 7 11 13 7 3 8 12 1 2
13 11 1 11 2 15 4 5 6 10 8 15 2 3 12
9 13 12 10 11 6 4 1 14 3 9 10 15 15 3