17 17
16 3 17 11 16 9 4 12 16 6 15 10 10 2 14 8 12
11 7 7 3 12 8 16 17 10 13 5 5 15 4 2 8 1
8 15 15 14 9 17 11 15 2 2 17 10 1 5 16 7 4
14 14 6 15 3 13 2 8 4 4 11 12 4 10 16 14 7
6 16 12 13 9 1 12 5 15 10 14 16 8 1 7 17 3
9 12 2 7 10 11 6 3 4 14 2 17 13 16 1 17 15
5 6 8 9 16 14 7 1 8 17 13 15 12 3 4 3 10
4 17 3 10 13 15 1 11 17 11 2 6 7 14 12 16 12
3 12 12 8 4 5 15 8 6 7 9 11 14 13 9 4 4
4 4 12 9 8 7 9 15 16 2 16 1 7 14 11 5 14
14 17 4 6 1 10 5 5 9 8 3 15 9 2 16 13 2
7 11 16 7 5 14 7 13 8 3 1 9 4 8 6 17 10
12 2 16 5 6 16 5 14 8 16 7 9 17 3 10 11 9
3 13 8 16 6 11 14 6 5 10 10 1 15 12 8 15 6
16 10 15 15 17 9 15 2 5 12 3 14 5 9 17 6 13
17 9 14 2 15 5 3 10 7 4 5 9 16 6 1 1 2
13 16 5 11 3 6 2 11 12 15 9 16 2 7 3 10 8