15 15
9 1 8 3 2 8 5 10 4 15 14 5 7 7 14
9 3 11 6 14 7 4 12 2 10 12 15 14 13 11
4 7 14 14 13 15 3 6 7 12 10 1 4 5 11
7 12 14 10 11 5 9 4 5 6 15 2 8 4 15
6 8 1 5 10 3 14 12 4 11 7 4 9 6 5
14 2 10 1 5 4 3 13 8 12 15 1 11 6 6
2 9 9 12 1 4 15 3 9 4 2 7 8 8 10
2 15 7 9 4 1 13 15 3 14 6 5 15 10 5
5 10 4 1 6 6 11 15 6 2 8 12 1 3 8
15 13 11 7 4 2 1 14 1 11 9 10 14 11 3
8 2 3 14 11 10 5 9 6 13 4 8 2 4 1
4 14 5 4 5 6 6 8 10 7 1 1 8 9 9
4 6 5 11 15 12 10 2 13 1 14 8 3 7 9
3 9 12 3 8 5 2 8 6 5 4 13 10 1 15
8 4 2 8 6 9 7 5 11 1 13 11 9 15 5