15 15
13 10 15 9 15 1 13 15 5 15 12 4 3 4 8
13 13 12 10 5 10 1 4 2 9 15 3 9 14 7
10 1 8 13 13 15 13 12 8 14 2 9 5 9 11
3 13 7 5 2 6 15 1 14 1 10 4 12 10 9
13 4 6 14 9 8 2 7 15 5 8 15 11 15 10
4 14 7 15 1 12 9 11 11 13 7 13 10 6 2
11 10 5 14 9 13 7 6 8 1 4 7 1 3 15
7 7 1 7 14 10 6 9 4 3 11 7 13 15 2
12 9 9 10 15 4 7 13 4 11 4 6 8 7 5
7 9 4 2 7 9 11 8 12 3 5 3 14 8 7
9 13 14 13 11 7 8 10 8 4 6 2 1 9 3
6 10 10 4 8 9 12 11 9 15 15 5 2 1 13
14 3 7 1 10 8 7 5 7 1 13 1 15 3 4
10 15 13 8 3 8 5 11 7 6 1 14 6 10 12
15 12 11 12 4 5 10 14 10 2 13 8 6 9 7