17 17
14 4 7 4 5 10 2 12 16 15 13 1 10 13 8 17 10
12 6 12 12 17 15 10 1 5 16 4 13 8 2 10 3 10
16 14 1 3 15 13 8 10 12 4 13 5 13 6 9 17 17
1 2 12 4 9 14 6 16 13 17 13 14 5 14 11 7 2
15 13 5 1 4 16 17 17 11 8 9 13 15 3 9 12 4
4 16 4 5 7 9 10 6 10 14 13 17 2 15 12 11 1
3 12 15 14 12 3 13 3 17 5 16 11 9 11 1 10 10
11 8 3 16 3 5 3 13 4 14 17 2 12 10 15 1 15
12 3 4 14 11 8 15 5 15 1 7 7 13 11 16 6 8
2 1 2 5 6 8 17 11 9 8 3 7 8 16 10 15 13
17 3 16 10 3 11 5 7 5 9 2 6 2 1 13 8 4
11 15 9 15 4 17 1 13 7 11 5 16 3 16 14 13 6
15 5 13 17 16 1 9 10 15 6 6 8 17 7 10 9 4
8 11 10 7 4 17 9 11 6 13 12 14 4 2 5 15 16
11 7 13 15 2 4 16 9 16 4 1 12 6 5 10 14 10
7 11 14 17 13 6 12 3 8 10 15 11 1 11 4 16 5
6 4 17 4 4 2 4 15 16 12 1 10 16 9 3 4 7