15 15
11 3 7 12 1 8 9 14 9 13 6 1 1 7 2
5 5 8 9 7 3 5 1 15 14 3 4 3 6 13
1 14 1 7 2 12 2 10 11 9 9 5 4 15 15
9 7 1 6 5 1 14 15 12 4 1 7 13 3 8
2 13 2 7 12 6 13 8 15 3 4 9 11 10 3
5 10 7 11 1 13 10 6 9 2 10 3 8 5 6
14 4 2 10 13 2 11 11 3 7 8 1 10 5 12
8 15 13 4 14 1 6 13 10 9 7 4 12 4 2
6 8 3 15 5 9 5 12 2 7 3 14 5 9 2
5 7 4 1 2 5 8 9 6 12 12 13 3 15 1
13 9 1 8 1 2 4 5 14 6 13 12 5 2 9
7 8 12 1 12 14 13 6 7 5 2 7 7 11 9
15 10 2 13 3 4 1 1 7 10 11 8 9 4 14
15 12 15 4 15 7 2 2 8 1 5 11 11 9 10
7 1 1 2 9 3 13 10 4 10 14 11 15 9 5