15 15
6 10 10 13 14 1 7 8 4 3 1 5 11 5 7
5 13 3 11 14 7 6 9 2 4 7 12 5 1 8
12 15 7 6 1 3 11 12 7 6 10 9 2 4 9
3 4 1 15 6 13 14 3 5 4 11 3 9 13 7
13 14 11 4 2 8 3 1 4 9 14 15 12 7 10
11 13 13 2 12 9 1 9 7 15 14 4 7 1 6
9 11 7 10 4 6 7 7 15 10 2 9 3 8 1
4 8 5 12 8 4 3 5 10 11 12 1 15 6 3
11 6 12 4 13 10 8 11 9 2 7 14 5 3 4
14 10 4 9 7 15 13 13 1 7 14 8 10 8 2
10 3 13 7 9 1 4 5 2 14 8 14 13 11 6
7 2 1 4 15 14 10 7 11 1 12 13 4 14 9
14 9 10 2 7 11 2 13 8 2 4 14 5 15 11
12 6 9 14 3 3 15 9 7 4 13 6 5 2 11
6 5 8 7 11 12 12 15 14 13 4 7 4 11 3