17 17
11 5 6 3 16 14 16 9 3 12 4 13 17 11 7 1 11
15 15 3 9 11 13 14 15 10 15 1 8 4 2 4 17 16
8 15 3 6 16 12 15 2 7 9 13 5 13 4 10 16 17
6 11 7 3 10 3 11 5 8 13 13 14 15 16 13 12 1
16 6 6 12 8 2 9 11 17 4 17 1 7 10 3 15 14
7 5 2 5 15 4 16 5 6 11 5 9 12 1 13 10 3
11 3 3 16 1 8 1 15 13 10 6 1 7 10 9 4 12
3 1 14 5 13 10 17 13 11 6 8 15 2 7 6 10 10
2 16 17 10 14 7 12 4 11 15 9 1 1 6 8 3 6
4 17 12 7 14 11 5 13 15 8 8 6 10 12 1 2 1
3 12 11 17 7 3 10 14 3 5 3 3 8 9 4 9 2
17 1 12 15 12 5 4 9 9 14 3 10 16 9 11 7 1
1 13 3 11 4 10 6 10 12 10 16 2 15 17 2 14 5
11 1 15 1 12 6 5 7 16 2 11 8 3 9 17 8 13
12 15 13 14 16 10 8 17 8 1 15 8 8 3 6 16 7
9 4 10 13 1 17 7 10 2 16 15 3 6 5 14 11 8
5 15 4 16 8 16 8 1 14 1 12 2 10 11 6 10 13