15 15
3 7 14 10 7 13 1 3 11 10 15 2 12 5 6
12 2 2 15 12 5 8 7 5 13 7 3 10 14 10
1 14 11 13 2 4 12 13 6 12 10 15 7 12 3
3 13 15 14 12 8 7 5 8 12 6 4 15 6 12
2 12 6 12 3 11 9 1 8 7 1 13 15 11 10
9 1 11 5 8 13 6 11 11 14 2 10 2 4 15
8 10 12 12 11 6 13 15 2 3 14 9 3 1 8
7 4 9 2 15 10 14 6 4 7 13 12 6 10 6
15 3 5 11 5 12 13 6 8 10 4 15 9 2 14
9 6 7 4 13 14 2 2 15 13 9 1 7 7 12
8 9 3 15 14 11 4 7 10 6 3 5 11 1 13
2 15 5 12 7 10 2 9 12 1 11 14 11 8 11
5 15 10 9 12 1 15 1 13 2 8 15 14 3 7
14 12 2 8 6 3 11 10 7 4 5 8 6 15 2
8 5 3 6 1 4 10 12 7 15 7 11 12 13 2