15 15
11 11 2 3 15 12 9 15 1 4 14 11 8 13 15
1 12 14 1 10 15 3 15 9 5 15 2 7 6 13
4 7 1 15 12 14 6 9 13 10 4 8 13 1 6
12 13 10 15 15 7 2 13 14 4 5 6 1 3 4
10 15 9 8 5 5 6 3 14 11 9 14 1 7 12
11 8 3 2 2 11 5 7 15 7 8 12 6 10 3
8 2 15 4 7 15 14 1 10 5 12 2 11 3 6
13 9 14 10 14 1 11 12 4 13 15 3 4 8 2
2 5 12 6 3 2 8 11 4 1 6 9 2 5 15
9 4 13 7 6 10 12 1 6 1 3 6 15 14 8
13 3 8 1 8 2 13 10 12 2 11 15 12 2 14
15 11 5 9 1 2 10 1 9 8 2 13 12 12 3
7 6 4 14 13 14 15 5 8 7 2 1 3 12 14
7 6 8 4 11 3 1 2 7 12 13 6 14 12 9
6 14 6 12 5 8 12 13 9 2 11 11 9 3 15