15 15
9 2 4 4 1 5 11 12 10 15 13 12 6 6 8
2 6 3 15 2 13 12 10 1 1 12 9 11 8 5
12 10 12 5 5 6 4 11 8 8 7 1 4 15 5
10 7 11 9 15 4 15 7 14 11 12 15 5 6 1
11 14 6 1 12 8 3 5 15 7 13 8 3 10 13
1 12 11 2 13 15 7 4 7 6 5 12 8 11 7
10 12 9 8 3 2 5 2 6 14 12 13 3 4 2
4 13 10 5 2 1 8 10 9 4 10 15 14 11 3
5 3 2 12 14 12 15 1 11 13 15 5 3 7 8
13 1 10 12 11 2 7 13 4 10 14 6 2 5 2
15 11 12 8 6 14 12 7 8 3 9 5 12 8 4
14 15 1 6 6 11 2 8 7 5 8 4 13 9 7
14 6 12 7 9 8 13 8 5 10 11 3 12 1 10
13 11 8 6 4 7 12 12 1 10 8 5 9 2 11
6 4 8 3 6 10 4 9 13 8 2 12 7 1 14