15 15
10 7 15 14 15 8 13 1 5 5 4 14 9 6 7
9 8 15 3 10 1 4 7 6 15 8 4 4 11 12
12 9 2 7 6 10 9 15 14 8 11 3 4 7 9
13 2 5 15 4 15 3 5 8 7 6 2 1 10 13
6 14 11 7 2 9 8 4 1 1 7 15 13 12 5
5 7 10 8 13 2 15 7 9 4 6 1 11 3 6
3 3 7 6 5 11 14 10 2 9 9 5 12 15 13
7 4 1 1 14 11 12 9 11 8 10 6 4 9 2
8 12 9 15 13 7 4 8 3 5 15 10 10 1 5
10 9 8 2 11 4 3 3 7 9 10 12 5 14 15
15 11 1 9 8 5 8 14 3 12 2 13 3 4 1
3 13 7 12 9 4 14 2 5 9 3 15 8 5 4
4 11 3 7 3 13 14 11 1 10 1 14 9 8 9
8 10 14 15 7 3 5 14 4 1 12 2 13 2 11
11 15 9 6 1 9 11 9 13 4 8 5 7 14 7