15 15
1 13 15 12 14 11 2 8 6 10 1 2 10 3 7
3 12 8 13 11 7 8 9 10 7 13 15 6 7 2
5 7 9 7 10 15 12 14 11 2 5 13 3 2 4
6 1 6 7 9 10 13 6 2 14 3 3 5 4 14
3 2 1 11 3 6 6 7 8 13 15 14 9 4 12
14 4 3 11 8 3 2 6 10 9 10 12 5 12 15
13 9 2 5 15 4 9 1 7 11 12 6 8 7 14
1 4 6 9 13 5 10 11 10 13 6 8 14 15 5
2 6 6 13 4 12 14 14 13 11 2 1 4 5 10
2 6 4 10 7 14 15 12 12 8 3 2 13 1 6
10 5 13 2 1 3 11 7 1 6 2 12 4 7 8
11 14 9 4 6 2 5 5 13 15 11 1 1 7 7
5 12 10 14 13 12 7 2 9 3 13 4 5 6 1
15 3 14 2 12 7 9 10 1 4 5 11 2 9 4
8 10 14 12 3 9 1 9 14 12 4 5 4 8 6