15 15
2 10 8 13 6 3 5 6 11 5 1 8 15 3 3
7 12 1 9 6 11 2 14 10 5 4 12 13 13 15
4 6 3 14 2 12 5 13 5 4 9 10 14 8 1
8 2 2 3 13 10 6 13 1 13 11 9 5 15 7
12 7 5 14 4 5 13 12 6 3 15 3 11 8 8
3 5 6 5 9 2 1 11 3 15 13 15 7 10 15
7 1 11 6 2 4 9 8 12 15 2 1 5 7 10
6 3 7 4 8 14 5 15 5 9 10 14 1 11 5
8 15 2 7 12 5 1 1 13 13 6 14 8 10 12
1 14 4 4 7 13 1 10 9 3 11 15 5 12 6
12 5 2 1 14 7 10 3 11 6 8 8 9 13 5
13 9 15 14 1 12 8 14 3 13 12 2 10 5 4
14 12 13 12 5 8 15 9 7 1 4 6 7 5 2
14 4 13 2 13 15 15 7 14 15 11 5 6 1 11
15 1 9 10 15 3 14 2 4 4 5 1 12 6 13