15 15
10 10 2 3 3 7 15 1 5 4 11 4 15 14 11
7 12 6 9 3 2 8 3 4 14 11 1 6 7 11
6 9 11 5 5 14 7 15 13 12 13 4 4 9 1
14 9 6 9 8 5 6 13 11 12 2 15 12 8 7
9 6 4 14 1 13 10 13 12 11 6 12 1 5 8
7 14 8 7 6 9 15 11 13 2 9 8 15 2 13
2 1 14 15 6 9 3 3 10 6 4 8 10 8 12
1 5 15 3 5 11 12 15 3 2 13 9 8 2 13
3 15 7 1 8 8 7 6 9 6 12 15 2 3 9
12 12 10 15 11 15 3 10 14 7 8 6 14 1 9
3 8 7 11 1 13 4 9 4 13 14 10 14 7 1
13 6 9 14 2 10 14 7 1 15 3 6 7 11 4
14 2 15 4 9 7 6 7 10 8 2 14 13 6 15
15 5 8 12 11 3 10 10 3 4 1 1 11 13 8
10 8 5 7 7 4 2 8 15 15 14 12 4 6 3