15 15
10 8 12 15 10 2 11 14 6 1 6 5 5 11 8
15 3 2 9 14 4 8 4 7 12 13 2 6 11 5
6 11 14 5 8 4 13 13 12 5 8 3 9 6 2
14 4 7 5 14 9 6 12 6 13 1 12 3 10 10
12 14 1 1 12 10 10 7 8 13 9 15 1 13 6
12 5 9 8 15 15 14 10 7 6 2 1 4 8 9
6 10 8 14 13 13 9 9 10 12 12 1 15 5 15
9 13 5 4 9 7 12 15 4 2 11 15 8 14 3
9 6 5 8 7 12 13 15 2 15 10 5 10 7 8
4 15 1 6 6 5 9 11 6 8 10 8 14 4 12
2 8 13 6 9 15 9 1 4 7 7 11 13 10 14
5 4 15 13 10 4 4 14 14 10 8 13 11 15 9
12 10 3 13 1 14 9 8 5 9 4 8 15 12 5
8 9 3 3 13 8 10 4 15 2 7 12 1 2 4
2 1 2 14 7 8 15 6 8 10 5 10 13 14 11