15 15
6 11 13 14 15 6 15 1 3 8 8 5 1 5 2
5 12 7 12 3 15 8 6 4 9 13 6 14 8 11
6 7 12 13 13 6 5 14 4 15 9 9 4 12 10
4 6 3 10 3 11 12 11 6 5 7 5 15 9 8
11 14 9 15 11 13 4 12 12 10 4 13 7 9 15
14 1 1 7 9 3 6 14 15 11 4 15 10 2 3
10 8 4 2 5 4 11 9 1 9 12 2 13 11 14
2 15 5 4 12 10 9 11 11 8 2 11 12 6 9
13 12 2 12 8 14 3 9 10 3 9 1 13 11 11
12 8 8 15 9 9 4 1 5 4 1 7 11 6 6
14 6 11 9 14 13 7 6 12 2 15 13 9 5 3
2 1 11 9 10 9 8 5 11 2 14 15 14 4 15
5 9 14 2 8 5 10 12 7 3 1 7 8 12 13
11 3 3 13 12 4 6 8 9 4 10 6 5 8 1
10 4 10 14 15 8 9 5 13 1 15 12 8 14 5