15 15
5 5 1 15 7 9 11 11 4 13 13 10 10 7 12
11 8 7 9 5 6 10 12 6 9 3 15 2 7 13
9 10 13 8 5 2 5 15 15 8 6 2 3 13 6
5 13 14 11 12 12 6 15 5 8 7 2 8 3 4
10 6 3 12 13 14 15 3 7 13 7 5 15 8 5
6 13 13 9 3 8 7 5 11 10 10 14 4 9 5
2 7 6 1 8 4 11 5 10 10 2 5 14 12 1
4 3 6 2 9 9 14 3 10 5 12 6 14 5 4
7 1 10 8 11 5 6 6 9 14 15 4 8 4 7
7 7 5 10 2 15 4 13 6 15 2 11 11 9 14
2 4 7 5 10 7 15 10 12 15 1 8 13 6 6
14 11 8 10 13 1 14 9 2 7 15 10 3 15 3
11 5 3 14 7 15 2 9 13 14 11 7 12 10 9
3 2 14 7 2 11 4 10 8 5 14 13 10 4 3
13 11 2 1 15 12 3 12 14 7 5 7 11 6 10