17 17
17 1 3 4 13 2 15 5 7 2 17 1 11 8 9 4 12
15 1 8 17 7 13 13 4 7 16 5 15 14 2 14 17 10
9 5 10 9 17 8 1 3 11 3 7 10 1 12 17 7 5
16 6 10 14 5 8 17 13 15 7 11 15 4 3 7 8 2
16 16 14 7 4 15 1 8 4 10 2 8 10 2 5 1 7
12 6 16 9 6 2 13 15 16 10 7 11 1 4 14 3 9
7 14 15 6 6 16 7 3 1 1 9 5 10 15 9 10 3
9 13 11 1 4 1 16 8 15 8 3 9 7 14 12 6 5
8 2 1 3 3 7 6 14 10 15 17 8 9 9 10 7 1
14 8 15 16 1 4 17 17 10 7 8 16 12 7 15 2 11
6 4 17 7 2 4 10 14 12 14 10 16 6 9 7 13 12
15 3 3 2 16 9 12 7 4 1 10 14 15 17 5 5 4
1 11 9 3 15 10 4 2 16 2 13 1 8 15 4 13 3
5 11 1 13 3 5 7 9 12 11 12 4 9 10 8 14 17
6 7 13 2 8 1 2 7 17 8 4 4 3 17 6 15 1
13 8 8 17 1 11 12 12 6 5 14 9 2 1 15 4 16
8 2 2 10 17 5 4 4 14 13 8 3 6 14 16 17 7