17 17
13 14 12 11 16 8 3 3 8 7 13 10 6 16 1 15 5
8 5 1 7 16 12 11 14 13 4 1 11 4 16 2 6 14
3 6 11 5 7 13 8 9 14 16 11 15 5 9 6 3 13
3 4 4 15 11 16 1 2 6 6 9 5 12 7 13 13 12
14 2 17 5 7 9 5 7 2 17 15 8 8 1 9 4 6
16 8 14 12 10 4 5 8 17 4 5 13 1 9 9 16 1
10 13 2 3 12 4 16 8 11 3 5 1 1 12 16 2 15
1 7 15 3 2 13 15 10 11 6 11 3 14 8 7 1 9
8 1 16 6 17 8 9 16 2 1 12 2 17 7 10 7 4
4 11 8 1 1 3 2 17 10 5 4 16 2 14 15 16 11
13 11 5 8 12 3 2 15 5 1 4 15 3 6 13 17 12
4 7 8 4 11 17 15 7 5 9 16 2 11 2 8 13 3
6 4 17 16 15 5 11 11 8 12 13 9 13 2 3 8 3
10 10 9 14 5 6 17 9 15 3 2 11 3 5 8 1 8
5 5 9 1 17 17 12 13 7 2 2 6 7 12 16 9 14
16 12 2 16 5 11 1 3 7 2 17 8 15 4 6 9 1
2 8 1 9 8 6 6 16 10 10 7 1 12 5 5 2 17