15 15
2 6 10 3 8 4 2 13 11 15 15 3 1 8 4
5 6 4 6 3 14 2 12 14 8 1 10 2 15 13
10 9 8 15 15 12 12 10 5 7 3 4 5 3 9
7 7 6 3 5 12 5 15 14 14 4 10 10 6 8
9 13 2 7 14 4 7 11 10 2 15 8 5 6 12
10 12 7 7 11 11 14 10 2 1 6 6 9 2 12
6 9 13 4 7 10 8 8 9 10 2 6 14 7 3
8 14 10 2 2 15 4 6 3 10 6 9 7 7 11
5 10 14 14 9 8 8 7 9 5 11 15 4 11 10
15 8 8 9 5 2 1 4 13 7 3 1 15 14 7
9 7 15 10 6 11 6 15 2 14 10 13 8 9 5
11 1 2 6 10 5 5 6 15 15 9 7 9 8 7
11 5 9 14 13 15 1 9 5 11 1 2 15 2 10
13 4 9 15 2 8 7 14 1 3 10 12 11 5 6
2 12 12 4 6 2 15 9 4 11 11 15 7 5 9