15 15
4 1 15 7 3 3 6 6 10 8 15 4 13 5 14
4 7 5 9 14 14 10 4 8 11 8 2 10 12 7
10 5 7 1 1 13 8 8 4 2 9 3 15 9 12
6 11 8 2 14 14 15 6 1 3 7 4 13 13 2
14 8 5 13 1 5 15 1 10 10 8 15 11 11 7
7 3 9 12 12 8 7 13 2 13 4 11 10 1 11
7 13 8 8 6 5 5 10 3 12 10 11 3 15 2
6 15 2 15 9 4 13 3 13 7 1 2 5 1 10
2 2 1 10 6 3 12 8 6 5 10 14 9 8 12
3 10 4 12 5 4 2 15 8 11 3 1 15 11 9
12 9 15 13 4 6 3 2 13 9 2 15 1 8 8
8 2 6 1 5 11 7 5 1 4 3 7 3 10 13
11 9 1 4 10 13 1 14 7 13 5 12 7 2 11
12 12 10 7 8 9 1 2 6 1 2 13 7 6 4
3 6 4 15 7 6 8 10 11 9 9 5 11 4 8