17 17
13 16 5 10 7 16 2 5 15 13 4 12 3 7 10 12 8
11 14 14 1 5 3 4 12 8 10 5 8 16 16 17 9 6
3 16 4 15 2 10 7 7 2 10 1 9 5 12 9 16 15
13 5 6 11 9 5 17 11 3 1 2 10 6 8 2 8 7
11 8 17 5 4 15 14 9 11 12 3 7 10 5 16 16 10
7 2 16 5 7 6 14 2 5 9 9 17 12 8 16 14 8
6 9 1 12 3 7 16 16 14 7 10 8 8 3 1 5 13
14 7 6 13 9 9 4 5 8 17 2 16 14 3 12 8 4
8 1 10 1 13 9 5 15 16 5 12 3 13 9 6 2 3
7 10 16 16 14 2 2 8 15 7 15 10 13 14 5 5 17
14 13 1 7 2 15 7 11 9 13 5 6 17 10 17 12 15
15 2 7 3 12 5 1 10 3 8 6 14 11 14 4 7 6
9 6 13 7 12 12 16 1 10 11 6 2 16 10 9 7 3
9 15 17 14 17 16 10 13 2 5 11 16 4 2 7 3 12
4 15 14 2 16 7 6 2 7 15 11 11 4 1 6 10 10
12 3 7 15 6 8 6 16 10 4 9 5 10 12 14 15 2
3 4 4 10 1 6 12 6 5 3 10 14 14 7 13 9 9