15 15
10 15 9 9 12 1 2 15 6 10 5 11 3 6 8
10 3 7 3 15 7 4 1 14 1 13 15 6 8 9
4 7 14 15 9 2 3 5 10 3 14 15 9 1 10
9 4 13 15 10 3 13 9 10 5 3 8 14 7 7
12 7 6 1 7 15 4 4 5 6 11 10 9 2 10
1 3 7 14 2 5 5 12 12 4 6 7 13 6 3
5 9 13 8 3 8 9 14 2 15 10 12 12 5 11
5 11 2 6 8 13 9 13 5 1 10 10 12 12 9
14 14 6 9 15 5 2 2 7 3 6 13 11 15 3
14 6 10 8 4 9 15 11 14 7 2 1 5 4 12
7 12 9 10 8 7 12 3 8 2 9 13 2 4 7
9 8 3 3 5 2 12 9 4 2 4 14 14 10 1
3 8 5 12 11 13 8 10 7 9 14 6 1 7 1
1 1 15 14 6 3 7 2 12 14 4 6 10 13 2
7 10 3 2 13 15 3 15 2 6 5 12 4 10 5