15 15
3 14 10 13 13 2 11 14 8 10 2 3 8 1 1
8 4 2 14 3 7 10 13 12 9 10 11 4 6 5
7 9 12 12 4 14 4 1 7 3 11 8 6 6 10
13 12 4 9 2 15 2 8 1 13 1 4 12 8 11
10 7 13 15 11 11 5 8 7 4 14 15 1 10 2
2 11 3 15 12 1 3 4 1 10 4 14 7 15 2
12 12 4 8 14 11 1 5 14 6 10 15 6 2 7
13 15 2 4 2 13 12 3 9 12 6 9 8 3 6
10 5 1 10 13 8 3 14 2 2 8 9 13 9 15
4 7 14 3 14 7 8 4 2 12 1 8 11 9 6
6 2 9 9 15 13 2 3 10 3 4 12 14 15 1
3 6 14 13 7 2 6 1 15 1 7 14 12 4 13
4 6 11 1 7 14 4 9 10 14 6 10 2 11 13
1 4 11 12 8 6 11 2 13 9 9 7 13 10 4
8 10 12 7 15 3 13 12 14 5 8 10 15 14 4