17 17
7 14 16 5 9 15 7 10 6 8 6 8 14 13 9 13 1
8 12 15 13 10 5 4 14 13 17 4 2 1 11 2 7 15
2 9 12 8 16 13 9 12 10 14 15 1 8 4 10 2 5
2 3 9 3 5 13 12 15 1 16 17 13 16 15 4 8 12
16 1 1 3 6 8 4 4 17 12 10 10 3 13 7 7 9
3 7 17 17 4 6 5 13 8 6 16 4 11 1 1 12 8
14 11 2 10 17 6 9 10 8 3 2 17 4 7 4 14 9
6 16 14 8 7 1 12 8 3 15 3 4 14 17 2 6 12
1 16 4 17 8 5 14 9 10 16 15 5 2 11 15 11 7
7 14 8 14 9 11 1 1 3 15 4 7 4 16 17 15 8
9 1 11 2 5 17 7 1 4 5 10 2 3 15 15 16 11
17 13 7 15 17 2 5 11 4 9 5 12 2 3 14 12 4
5 15 7 1 13 1 2 7 14 17 12 13 8 5 11 17 2
17 12 12 14 13 4 16 8 9 1 16 8 13 5 6 14 15
9 5 11 2 1 7 14 17 6 1 2 5 10 7 12 9 14
14 8 2 13 2 12 1 7 15 10 11 6 7 9 16 16 17
1 17 3 10 14 7 10 5 17 7 6 16 16 1 14 6 2