17 17
2 17 4 6 11 2 7 8 4 14 3 11 1 8 13 13 14
14 6 17 9 17 16 3 4 14 1 8 8 13 13 10 2 12
15 7 15 4 8 12 2 10 13 9 11 13 4 3 12 17 14
4 15 1 7 4 12 6 11 11 3 6 10 8 2 3 9 2
17 2 6 12 12 9 4 3 4 16 14 9 10 10 1 2 15
9 5 6 14 5 7 9 1 12 12 6 7 11 8 4 8 13
7 3 14 10 5 2 6 8 11 13 4 11 4 9 16 13 6
2 13 7 14 6 9 14 3 8 2 4 13 15 6 3 5 4
5 4 3 12 14 4 9 2 6 11 11 1 9 13 8 8 17
12 14 7 2 11 17 5 14 16 16 8 7 5 4 4 10 11
4 16 8 15 9 5 4 14 17 7 16 12 2 2 13 6 6
10 14 4 15 15 1 17 4 9 9 12 5 5 16 16 14 1
3 4 9 17 12 1 12 11 13 10 2 5 6 6 15 3 13
9 12 1 1 17 17 13 6 2 13 16 4 6 4 11 15 8
14 13 11 8 8 13 7 15 10 12 9 9 10 7 15 4 11
5 11 15 16 3 14 8 5 10 14 13 17 12 9 9 7 2
3 9 3 5 9 15 5 6 17 8 10 12 17 12 2 15 4