15 15
11 1 14 15 5 13 6 11 10 8 15 2 14 8 9
2 3 8 11 12 2 10 8 9 13 6 15 1 7 10
6 14 5 15 2 2 14 5 8 15 7 11 6 7 3
5 8 15 4 14 6 2 9 10 8 6 11 7 10 1
6 15 12 11 2 14 11 12 5 14 13 10 10 1 5
8 13 13 5 1 14 4 1 6 5 10 6 15 2 12
10 6 14 13 7 4 10 14 5 2 9 1 13 5 2
14 8 4 4 3 6 1 15 11 5 12 1 14 15 6
11 5 1 10 12 9 14 3 15 13 1 13 3 12 7
14 7 3 12 8 7 13 15 1 9 12 6 10 13 1
8 10 6 14 9 9 7 8 6 15 14 15 11 11 5
7 13 15 8 15 11 6 2 12 12 4 14 11 6 10
5 7 5 14 10 7 15 12 12 6 11 13 2 10 13
4 2 7 5 1 15 13 14 14 12 5 9 3 11 8
15 2 1 9 4 15 12 6 7 6 8 9 13 1 2