15 15
14 14 8 3 12 5 13 8 5 13 4 3 1 9 9
9 15 8 11 11 13 1 4 12 8 2 7 10 4 3
12 2 10 10 8 2 6 5 3 5 14 1 13 4 13
5 5 2 13 3 3 11 11 9 10 8 8 4 2 9
9 11 10 14 9 1 13 2 5 4 15 14 1 8 12
10 9 11 2 14 7 4 7 8 8 2 9 13 3 4
7 4 12 6 9 9 12 1 13 15 10 11 4 15 8
6 13 3 5 11 3 9 13 11 1 7 5 2 10 2
1 12 15 13 4 6 11 1 8 10 13 5 3 6 10
14 12 4 12 1 5 10 3 9 15 14 13 2 2 5
1 9 13 10 7 10 9 5 13 12 6 15 8 1 12
8 5 12 1 7 15 7 6 10 11 3 8 11 6 2
13 14 5 12 10 6 15 6 1 9 12 2 14 10 7
2 13 15 15 3 7 12 10 10 11 6 6 12 5 4
4 11 9 14 4 2 5 12 11 9 8 3 12 13 3