17 17
10 5 17 13 16 9 9 14 7 17 2 3 5 7 11 1 13
4 6 13 17 12 17 11 4 9 5 12 14 3 16 3 14 15
12 7 14 5 4 7 2 3 11 3 6 5 15 10 8 10 2
11 9 12 1 8 8 10 5 16 13 11 12 10 2 1 16 7
11 3 15 17 3 9 16 9 14 13 5 17 13 5 12 8 8
17 5 2 13 6 10 12 12 16 11 7 7 13 8 2 3 14
5 2 16 9 1 8 6 7 13 5 14 8 4 14 10 17 9
16 3 1 10 6 16 14 2 8 2 17 6 4 7 1 8 4
1 6 10 2 2 17 3 13 12 11 16 17 11 16 7 6 3
2 15 8 3 3 6 10 9 5 4 4 11 7 14 14 9 5
2 17 1 9 15 5 16 11 11 9 3 12 15 10 16 13 2
7 15 6 5 11 11 8 4 2 2 12 8 3 17 17 15 7
6 11 3 3 8 13 8 2 2 16 4 15 17 5 14 16 9
16 17 2 11 7 10 9 12 3 17 11 10 14 6 7 14 1
12 7 11 2 2 12 3 3 6 6 9 1 16 8 15 4 8
15 9 9 10 11 4 11 10 1 6 7 3 14 3 17 15 5
9 16 7 12 7 14 17 5 15 3 16 2 1 3 4 5 15