17 17
11 1 1 12 3 4 9 2 16 2 17 7 6 11 9 8 3
10 1 12 15 15 16 4 11 13 2 12 11 17 3 7 6 7
17 15 7 1 10 7 9 15 4 12 5 12 4 2 5 13 11
11 8 8 16 16 11 13 12 12 5 3 2 1 2 14 3 1
5 16 14 17 12 9 10 11 16 17 3 6 2 15 6 15 4
12 11 4 11 2 14 3 13 5 13 5 16 10 12 15 14 9
9 15 9 14 11 14 4 1 7 4 10 8 10 12 17 17 15
15 4 2 3 7 5 12 10 14 7 2 4 9 8 10 1 6
17 11 2 6 16 13 17 7 2 6 7 3 13 16 4 11 15
6 17 11 4 11 13 10 17 3 15 7 12 16 10 6 5 12
13 6 1 15 3 2 16 17 8 12 11 1 11 8 5 6 17
8 13 8 7 6 5 5 4 10 17 11 9 9 16 17 15 1
4 12 4 14 8 17 12 3 11 9 2 15 8 3 2 14 7
6 17 5 7 8 7 14 12 2 3 9 6 8 4 3 11 14
8 16 3 6 7 15 11 15 17 7 12 2 4 14 3 2 16
9 14 3 13 17 8 13 10 11 3 1 4 2 11 12 17 2
13 2 6 17 12 12 8 13 15 15 16 16 7 5 2 4 14