17 17
4 11 12 2 9 2 7 10 17 14 4 15 8 5 6 1 7
11 13 14 10 4 5 14 7 9 2 1 16 3 15 3 8 8
13 6 17 8 13 13 3 16 12 7 15 6 1 4 13 9 2
12 12 8 5 10 17 10 14 10 11 2 6 3 7 15 3 15
1 12 11 11 3 7 10 17 5 6 6 9 2 13 14 10 16
16 12 3 11 8 14 7 1 14 6 9 2 15 13 13 2 12
7 15 13 11 7 11 2 11 16 6 14 3 12 12 6 17 17
7 9 2 16 13 10 13 3 17 15 12 2 14 11 5 13 1
7 10 15 11 11 11 5 12 4 16 1 17 2 3 9 4 7
8 14 14 1 12 16 7 9 15 4 13 6 17 5 11 10 3
3 5 14 3 16 12 17 2 15 9 4 10 4 2 16 15 15
3 4 16 14 15 14 12 9 1 8 17 4 6 9 7 7 13
3 16 17 7 14 13 9 15 17 12 3 1 2 14 2 11 6
14 3 1 15 8 4 12 13 11 2 5 13 16 2 17 4 10
17 17 9 12 5 4 6 2 7 1 8 14 5 16 3 12 3
17 2 14 12 6 15 14 4 9 13 10 2 7 5 8 3 5
17 1 10 12 16 5 15 17 12 4 2 11 3 6 9 14 12