17 17
1 1 17 2 8 14 4 4 15 16 8 10 12 6 12 12 7
1 6 1 16 12 3 13 10 3 7 14 5 4 15 9 2 2
16 1 1 14 3 3 10 6 7 7 7 9 12 5 15 2 2
2 14 10 2 16 3 9 5 7 15 17 13 12 4 13 11 1
2 9 3 3 14 10 6 5 6 17 15 1 12 8 16 4 4
6 3 3 10 17 8 14 5 9 8 15 11 13 16 2 4 4
4 13 6 9 6 5 4 14 16 2 11 15 11 10 11 8 17
4 10 15 5 5 5 2 9 14 9 1 16 7 11 3 16 6
3 7 7 8 6 16 15 1 6 14 4 2 2 12 1 9 10
5 7 7 12 11 2 8 9 13 9 16 4 15 1 1 6 14
8 2 7 6 11 15 17 17 4 13 8 14 16 1 1 3 10
15 4 11 1 10 12 12 13 17 9 9 9 14 1 6 16 8
13 16 4 11 9 6 1 2 10 12 10 8 10 3 7 14 15
7 4 5 1 2 17 3 11 8 6 11 12 9 13 14 15 16
8 17 9 7 9 1 11 11 2 3 5 12 6 13 14 15 16
12 5 14 17 15 17 16 11 11 10 3 6 3 2 4 7 9
10 5 2 13 4 7 12 15 12 4 6 17 1 14 17 17 17