17 17
12 10 5 11 16 15 3 4 8 7 10 2 16 15 1 9 7
12 11 5 13 3 4 2 13 16 1 14 7 4 10 9 3 12
16 13 5 7 2 11 10 9 17 17 17 3 2 1 7 8 14
10 12 2 13 14 17 16 13 3 10 1 3 5 15 7 13 11
17 4 3 5 3 12 8 13 11 9 9 16 2 6 7 1 6
5 7 3 15 13 3 12 13 17 11 8 5 14 15 10 4 1
10 1 11 16 15 13 3 12 6 5 15 4 9 16 14 17 2
7 17 17 14 9 10 1 7 10 4 12 17 13 7 15 7 5
13 12 17 13 1 7 6 2 1 4 11 5 15 3 8 16 16
7 14 6 2 7 1 8 10 13 4 17 16 3 10 11 5 4
3 16 15 12 10 2 8 6 8 9 6 11 17 5 4 12 16
3 5 1 12 11 10 4 1 14 15 6 17 1 16 2 11 8
3 15 4 5 2 10 6 14 14 16 6 9 12 12 3 11 13
14 7 16 4 17 10 11 4 12 3 15 1 10 7 8 11 9
8 2 14 9 16 5 7 11 6 14 16 1 12 4 16 15 3
15 14 14 8 7 6 17 1 2 13 5 1 11 8 16 6 3
2 9 14 1 16 16 13 10 6 8 4 12 4 11 16 14 15