17 17
6 16 7 2 4 17 7 11 13 3 8 9 8 1 12 10 10
14 13 4 1 8 9 16 13 10 13 11 3 12 5 2 17 17
2 14 2 1 6 4 2 10 17 9 2 15 3 5 16 11 8
9 7 11 1 10 2 8 2 17 12 3 5 15 5 13 12 6
2 2 2 15 3 3 3 9 17 14 6 6 6 4 7 7 7
7 3 12 4 15 1 17 8 11 4 5 10 16 8 9 13 14
15 8 15 6 4 5 4 17 1 11 4 16 13 9 3 2 9
4 3 14 12 2 1 9 7 5 8 17 8 11 15 10 8 13
3 12 6 5 7 8 6 4 7 1 6 17 7 14 6 16 7
13 3 9 4 1 6 14 5 12 10 15 7 17 8 11 4 2
1 11 6 16 9 15 15 5 8 7 7 13 3 12 14 4 10
11 4 3 9 14 12 15 15 16 7 7 1 5 13 8 17 10
11 15 16 9 16 14 4 6 4 5 4 2 4 13 1 17 3
8 3 1 9 12 7 5 14 15 2 16 4 10 13 17 6 11
10 10 10 3 11 11 11 1 2 6 14 14 14 17 15 15 15
17 3 13 12 5 16 10 12 6 16 9 12 2 16 4 14 1
1 6 8 17 17 10 12 3 2 15 13 11 9 2 5 14 4