17 17
1 3 2 14 8 6 10 12 7 15 10 17 9 14 4 12 11
1 15 1 9 16 14 11 6 2 2 12 7 8 8 14 13 12
14 8 12 10 6 3 9 16 17 5 12 6 4 14 11 9 15
5 12 12 3 6 17 9 8 15 14 4 10 3 2 14 7 16
13 10 12 6 6 5 9 7 8 17 13 9 3 4 15 1 16
6 7 14 8 10 8 17 15 5 2 7 1 8 16 16 3 16
14 9 1 16 15 13 4 4 4 12 5 8 11 17 8 17 6
4 14 8 4 5 11 7 15 6 14 3 12 10 17 2 2 17
17 6 3 11 4 9 8 13 12 7 12 5 8 17 10 14 2
9 7 15 4 1 4 12 8 16 1 10 13 2 6 14 11 2
14 12 11 3 14 7 13 2 13 4 10 15 17 9 10 6 1
12 2 7 5 8 8 14 8 10 15 1 11 17 3 9 15 4
8 17 6 2 3 15 4 14 8 13 2 16 17 5 4 10 7
11 8 10 2 15 1 15 9 3 15 6 4 12 17 5 16 7
15 4 16 2 7 6 13 17 9 3 1 2 14 12 16 8 7
7 16 11 17 11 14 16 10 1 6 9 6 6 6 2 5 13
1 11 4 4 2 15 8 2 17 10 16 3 4 7 12 9 14