17 17
3 4 8 9 17 9 5 1 1 1 6 11 10 12 7 12 2
3 9 3 16 3 13 15 4 15 6 2 2 2 11 5 10 7
17 6 5 6 4 9 10 2 11 7 1 8 14 3 3 3 16
13 17 13 5 16 11 9 3 15 8 4 4 4 10 1 2 7
2 6 9 3 10 4 7 5 5 5 12 1 8 1 17 1 13
13 2 13 4 6 6 6 8 16 10 16 17 15 5 15 3 7
16 7 7 7 9 17 12 6 10 11 3 1 5 4 13 4 8
10 14 6 2 8 8 8 7 16 12 4 9 1 3 15 5 17
7 8 2 10 5 12 11 9 9 9 17 1 3 6 14 4 4
5 7 6 13 8 3 14 11 14 2 10 10 10 17 15 9 1
1 8 17 10 2 2 13 12 7 3 15 6 4 11 11 11 5
5 16 6 17 1 2 3 10 14 4 12 12 12 13 9 7 9
8 11 1 10 7 10 4 13 13 13 5 3 6 2 9 17 9
9 1 6 12 14 14 14 15 2 16 2 5 2 7 4 8 3
6 15 15 15 12 1 2 17 4 17 7 3 16 9 10 11 11
4 3 4 1 16 16 16 14 12 15 10 7 2 8 2 13 6
4 5 4 8 6 15 1 17 17 17 9 3 7 16 16 11 11