17 17
9 5 17 7 16 12 4 8 5 11 2 8 13 10 7 6 1
5 12 5 13 9 4 1 5 6 13 9 2 17 17 1 2 16
7 4 13 14 17 12 2 12 4 1 11 17 6 7 16 5 13
1 17 14 11 15 2 9 17 5 15 7 11 8 13 7 12 17
17 2 6 8 13 8 11 3 12 10 1 17 5 14 17 2 15
10 1 8 11 14 11 7 17 4 17 14 1 12 13 15 3 13
17 11 5 12 6 8 1 9 12 15 10 16 6 8 1 2 11
3 7 1 4 7 1 7 11 2 4 17 14 3 5 14 3 6
13 1 4 3 5 16 10 9 9 14 9 17 13 12 6 11 8
14 5 3 2 9 10 11 1 11 1 13 15 9 13 8 2 5
6 10 1 9 4 11 15 16 9 8 14 1 11 3 5 1 15
1 17 9 11 3 15 2 10 1 17 6 14 3 2 1 16 4
5 15 8 7 13 13 14 17 12 12 8 1 1 8 4 10 3
7 13 7 14 9 14 6 14 10 4 11 8 16 11 3 13 2
4 11 1 16 11 13 8 13 17 3 12 5 1 7 2 15 8
3 6 16 2 7 8 11 14 11 2 14 12 17 1 8 13 11
13 8 13 17 1 16 12 6 13 12 3 4 11 16 11 1 7