17 17
17 10 13 9 4 3 11 3 14 9 2 1 13 5 17 15 5
6 17 12 16 13 12 1 17 10 5 16 3 11 13 8 7 10
16 4 8 17 7 9 3 8 5 4 13 7 1 7 11 13 2
17 13 16 7 6 17 14 7 15 7 12 9 16 10 6 2 4
16 12 15 11 16 15 9 1 7 13 6 5 14 2 3 1 13
11 6 8 16 17 7 10 3 10 2 16 2 9 4 8 13 17
6 16 11 3 7 10 15 14 15 4 17 7 13 13 9 12 6
3 17 1 15 11 2 13 9 4 13 1 10 15 12 10 6 13
2 8 2 9 1 17 10 1 13 17 11 2 13 6 15 2 17
9 11 14 5 17 13 2 15 14 6 1 7 10 2 7 17 8
2 1 2 15 14 12 1 7 6 7 3 13 2 17 10 1 11
15 3 5 7 9 10 13 10 16 17 16 12 11 8 9 11 10
16 14 15 3 5 16 14 2 17 2 9 5 13 3 4 1 3
10 9 11 2 11 17 6 17 8 11 5 16 12 1 6 3 2
2 5 10 4 7 9 16 13 11 1 3 17 10 3 12 14 9
4 17 2 13 14 11 17 12 16 3 7 13 16 14 6 7 5
15 7 4 5 2 1 6 6 3 4 10 11 1 9 11 5 15