17 17
11 5 16 9 10 5 11 10 8 17 12 9 7 14 16 9 10
14 10 4 12 6 8 9 15 16 4 14 7 17 12 13 3 11
5 12 11 1 13 4 3 7 14 12 8 1 4 10 15 14 9
10 13 9 7 15 2 11 17 11 1 9 4 3 6 7 2 3
6 5 3 16 7 11 5 11 9 5 2 12 1 13 17 10 17
13 7 16 2 13 9 3 12 3 16 5 1 8 2 4 2 5
15 17 5 6 4 5 6 1 14 17 9 6 16 7 14 13 10
7 11 10 9 12 14 12 8 5 11 3 16 7 17 1 15 6
14 12 3 3 14 5 15 3 10 12 14 2 11 7 8 7 11
4 1 13 8 8 10 3 2 6 3 5 11 8 12 16 3 15
14 8 4 5 16 9 17 11 3 14 3 9 3 17 2 4 7
1 16 7 12 2 13 8 9 15 5 6 2 14 8 14 12 17
2 2 10 6 11 4 12 3 7 10 14 14 5 10 9 7 4
16 11 4 13 9 7 11 14 12 6 15 5 7 2 3 8 12
2 9 12 16 3 2 8 9 4 14 7 10 6 14 14 16 7
11 7 1 7 14 4 16 10 12 15 6 6 1 9 15 2 8
5 14 8 5 5 10 2 11 1 5 4 13 15 3 10 11 3