17 17
6 8 16 4 17 6 5 1 2 1 13 7 8 8 11 13 17
1 7 12 16 11 10 6 17 8 7 14 5 15 9 7 11 13
4 5 17 12 7 15 17 3 5 16 3 6 17 3 8 6 11
11 6 11 5 5 4 4 7 14 12 15 1 6 10 9 8 7
12 1 15 11 12 3 16 14 10 17 17 7 7 15 14 9 8
8 4 8 2 1 4 12 6 12 11 3 16 5 1 10 11 9
11 16 5 8 11 5 13 1 17 5 7 6 6 3 11 10 7
15 12 14 6 16 6 14 4 8 8 13 13 1 10 17 15 10
8 13 12 14 12 8 2 16 7 9 6 11 6 5 3 13 15
1 11 15 10 7 4 8 4 5 11 1 2 16 8 7 3 17
14 4 17 12 11 16 13 13 10 10 4 16 12 1 16 7 4
10 8 3 17 16 12 14 11 1 16 16 9 8 4 6 5 7
15 9 16 3 8 4 10 3 4 17 12 5 11 16 3 6 5
8 14 5 7 11 11 8 8 16 8 13 10 2 10 4 5 6
3 8 6 5 14 2 17 7 12 7 11 16 8 13 16 4 7
7 15 1 6 7 8 3 14 1 5 14 17 9 16 12 16 4
5 13 4 1 15 11 7 6 11 6 8 3 8 2 13 8 16