17 17
9 12 6 11 8 15 8 7 14 13 4 3 6 10 14 1 7
14 3 15 4 15 16 5 15 11 9 7 10 14 4 7 16 6
15 10 9 8 17 11 6 5 4 10 3 1 5 16 8 6 13
6 1 7 3 11 8 13 6 1 15 10 16 8 14 7 7 9
11 16 15 10 4 12 6 13 3 13 1 15 5 10 6 4 2
4 10 17 5 12 7 2 17 10 11 17 7 6 8 13 5 6
12 7 11 16 3 10 15 2 1 16 14 8 2 5 17 6 17
1 8 7 14 15 1 5 15 11 12 7 5 9 12 2 7 11
10 9 12 7 1 16 11 17 14 9 8 7 2 13 15 9 7
1 6 7 8 16 13 4 12 7 10 17 13 10 9 17 2 12
6 13 10 5 17 7 12 4 8 7 6 9 17 5 11 7 3
14 9 1 7 7 8 16 12 7 16 13 8 11 15 14 17 10
10 2 12 13 8 13 10 3 6 10 9 15 9 17 12 11 12
8 15 14 4 5 6 15 10 3 7 4 17 12 14 3 4 16
14 17 7 2 16 13 16 2 9 8 15 9 3 4 10 17 14
6 11 8 4 13 9 11 16 2 11 17 4 10 12 1 3 7
13 15 5 17 12 2 7 5 15 6 13 12 5 3 12 10 17