17 17
15 16 15 2 8 3 7 9 2 10 13 3 5 17 8 14 13
8 17 7 15 5 12 9 17 9 5 2 7 13 3 6 4 15
5 1 11 10 13 6 8 9 17 12 9 4 14 14 2 15 10
13 14 8 11 16 5 5 14 16 6 17 11 10 17 9 1 1
17 6 3 8 3 9 4 4 14 7 3 7 1 15 17 11 9
10 2 13 12 1 17 16 15 9 9 14 11 12 7 9 8 6
2 9 7 13 12 3 2 7 15 17 7 8 14 11 14 15 2
12 17 10 16 9 14 1 11 7 10 15 9 2 15 4 13 9
14 3 2 10 2 11 12 17 11 14 7 13 9 5 15 14 17
2 14 12 13 9 15 8 5 8 12 11 2 17 13 17 10 9
12 4 13 12 17 7 2 13 16 15 17 10 7 16 11 1 14
17 2 2 6 3 5 9 14 13 7 5 1 14 10 8 2 4
3 7 8 2 5 8 2 10 16 10 13 12 4 8 5 6 15
14 11 17 10 4 5 3 17 10 8 16 3 15 12 4 2 3
3 8 3 17 16 13 8 12 13 5 11 2 7 16 16 9 11
15 5 12 3 7 16 4 6 12 10 1 9 1 2 10 17 10
5 13 4 6 11 13 15 5 6 16 12 11 8 9 16 3 5