17 17
11 2 16 6 7 15 1 14 9 6 12 17 16 10 4 2 15
13 16 7 5 13 7 5 3 5 12 1 16 13 16 10 8 17
2 14 3 6 10 4 17 13 16 1 4 5 12 9 13 7 6
16 10 13 7 1 10 6 8 14 5 17 8 1 7 9 8 5
2 13 11 4 9 11 5 1 16 17 6 7 9 16 2 10 8
3 12 1 3 2 12 8 11 13 6 12 4 17 6 16 11 6
13 6 15 11 16 2 16 17 12 5 8 3 6 3 5 9 4
17 15 17 9 6 16 4 6 16 8 17 11 5 6 3 2 16
1 4 6 2 3 7 10 2 15 7 4 9 11 12 13 10 11
15 6 5 6 13 3 2 8 17 12 10 2 7 9 12 14 9
17 14 8 14 12 8 9 7 8 10 11 16 12 15 1 7 2
7 8 7 3 1 12 2 4 5 16 9 2 10 3 15 13 16
5 16 4 6 15 17 16 17 8 9 12 3 11 6 17 12 11
8 4 8 12 16 15 6 11 7 12 16 9 9 12 6 9 3
7 10 11 1 6 17 3 9 12 16 14 12 1 8 5 15 13
4 16 9 6 5 6 13 2 10 14 1 1 16 7 2 17 6
10 9 11 17 8 4 12 9 11 17 13 15 13 4 7 6 1