17 17
9 2 10 9 16 13 12 7 3 5 1 17 2 8 17 13 15
16 14 8 16 12 6 14 4 5 2 14 4 3 17 15 5 16
12 6 2 8 9 4 10 15 4 14 3 14 7 1 10 2 5
9 16 1 17 11 12 14 13 2 6 7 3 2 14 5 11 2
14 12 14 8 8 9 17 6 13 15 4 6 15 3 15 6 15
8 9 3 14 9 10 1 2 5 12 1 4 13 9 11 14 6
9 10 14 3 1 14 14 9 2 9 13 2 5 4 6 12 16
1 16 4 7 14 17 6 6 11 5 5 13 2 6 16 9 14
14 17 15 2 3 10 7 16 17 8 2 5 15 13 15 10 9
1 1 13 15 9 14 4 12 16 6 11 2 6 5 9 8 10
7 14 8 13 4 10 15 9 8 1 6 16 16 8 10 14 8
2 3 2 16 15 7 1 10 9 6 16 6 12 11 9 1 16
15 7 1 2 16 4 5 8 1 3 12 16 8 6 17 14 1
13 4 6 11 5 10 2 13 8 7 2 12 10 16 11 3 14
5 16 16 13 2 13 17 1 17 5 10 2 8 12 14 10 3
2 13 14 16 11 10 6 14 1 15 8 10 15 9 11 4 1
11 7 9 12 2 2 16 12 14 7 17 12 1 10 7 15 4