17 17
2 13 7 15 10 5 13 11 14 9 4 14 15 14 8 1 4
10 6 13 1 15 1 9 12 2 13 14 10 1 17 11 6 5
11 2 5 3 9 9 4 17 12 14 10 13 13 5 12 5 16
4 8 2 14 13 4 14 13 11 10 4 7 6 3 17 16 14
17 11 8 16 17 14 10 3 12 17 7 13 4 5 12 9 4
1 12 5 9 2 8 15 5 2 7 8 6 8 14 3 7 14
3 11 12 13 8 15 8 16 1 13 6 16 11 9 5 14 12
13 1 17 14 11 8 13 17 3 8 2 8 12 15 16 1 15
16 3 1 8 12 13 6 4 12 2 8 16 17 14 3 15 7
9 14 3 15 17 4 2 14 16 8 2 12 1 8 4 7 12
4 16 5 7 1 2 8 12 9 7 12 7 3 15 14 5 6
15 9 1 13 2 8 6 15 7 12 17 1 17 7 17 6 2
10 4 9 8 5 11 12 7 14 17 14 3 16 5 15 16 8
15 14 7 2 12 12 14 13 2 1 3 5 13 6 7 8 11
3 10 14 8 9 8 1 3 15 3 14 16 4 2 13 16 12
13 15 13 11 12 1 3 2 7 1 16 9 16 8 11 12 17
16 7 15 7 14 3 15 8 16 16 9 4 10 14 2 17 14