15 15
14 13 10 1 2 14 4 12 13 6 13 10 3 11 11
8 2 4 15 4 5 9 4 11 7 4 6 13 12 10
6 13 9 6 8 12 8 13 10 3 15 7 8 3 4
8 8 2 10 6 15 14 1 11 12 11 2 15 13 6
5 13 14 4 2 13 8 4 9 3 12 12 13 1 2
12 7 8 10 5 1 5 11 2 10 4 3 10 2 14
3 13 6 2 10 15 7 10 6 1 11 13 7 11 10
10 12 7 14 3 9 5 4 8 15 2 1 9 10 6
1 7 5 2 13 10 12 10 6 7 14 10 2 4 7
15 13 4 6 4 4 3 2 13 10 8 11 14 13 5
11 8 3 7 15 10 13 7 5 3 6 10 8 2 13
10 15 9 5 2 2 12 8 12 9 7 6 6 12 3
14 11 1 12 10 14 15 12 3 2 15 9 7 8 13
9 10 15 4 4 12 11 7 13 15 12 2 13 6 11
6 4 7 13 9 6 10 13 1 8 7 14 12 7 15