15 15
6 5 4 15 15 8 11 15 6 12 8 13 12 13 15
11 2 13 6 13 7 3 4 9 1 15 12 1 5 8
6 6 11 9 10 1 8 14 6 4 2 10 8 2 1
12 9 7 7 2 4 10 9 1 2 5 8 6 6 13
10 11 12 13 6 12 8 3 4 11 2 4 13 9 3
8 1 10 4 2 11 15 8 14 1 6 13 5 6 2
6 4 8 10 7 1 13 10 9 12 9 10 2 1 6
13 1 15 11 1 12 15 8 3 10 11 2 6 13 9
5 11 13 6 4 1 2 15 1 8 1 6 9 14 11
2 3 10 12 3 8 6 10 10 15 4 8 7 6 1
6 9 2 10 11 15 9 5 1 13 15 7 1 3 4
9 10 7 8 3 8 7 3 15 10 11 1 11 12 3
7 6 9 15 4 5 9 6 13 2 9 4 14 10 11
10 15 7 13 10 2 4 9 5 13 12 14 11 13 3
4 13 1 4 8 7 14 7 15 9 10 13 3 15 13