17 17
8 9 4 6 16 11 17 1 12 4 7 3 13 14 2 3 3
4 11 1 10 1 17 3 7 8 3 15 2 11 16 11 5 8
1 16 5 5 10 16 14 16 11 8 2 5 17 2 13 3 2
7 4 15 3 16 14 16 2 14 4 12 13 7 10 11 14 1
1 10 2 7 3 16 2 12 9 1 10 11 14 17 17 4 7
2 5 4 4 8 17 10 5 14 7 11 17 8 3 9 15 15
7 3 13 5 4 10 5 11 4 15 5 9 6 8 2 7 2
13 8 16 7 1 15 3 17 6 16 9 13 10 16 16 15 3
7 4 17 5 7 3 2 9 4 12 14 16 5 1 13 2 13
17 12 9 2 15 12 4 14 5 4 16 6 10 7 10 12 11
9 7 14 12 17 4 5 16 12 11 6 10 8 17 5 4 17
14 3 16 5 12 1 7 17 8 17 3 5 14 2 3 11 1
4 2 6 11 13 3 15 10 4 8 5 3 1 14 8 15 14
6 12 3 17 16 15 2 5 6 14 3 9 7 13 4 9 16
17 13 5 7 17 16 12 16 7 16 14 4 15 11 17 14 15
5 11 3 14 9 12 4 8 9 6 4 1 8 17 7 16 10
3 12 8 3 14 4 11 4 2 10 11 7 12 9 3 6 3