17 17
6 10 16 15 13 1 16 15 2 6 1 17 9 5 5 14 11
1 15 2 16 12 9 5 9 13 16 14 6 15 16 9 10 16
8 1 13 6 14 2 11 3 5 9 10 13 1 5 4 15 14
5 6 12 4 5 16 4 1 16 3 5 9 16 11 9 17 10
13 5 16 9 11 12 2 8 5 6 17 3 2 3 10 6 11
12 9 7 3 15 16 10 2 16 8 1 1 13 14 15 7 17
16 12 11 1 14 5 15 17 4 2 7 11 12 5 17 14 6
5 1 4 15 10 2 17 12 14 13 2 2 16 15 13 3 7
11 8 15 2 15 4 6 16 2 12 3 13 5 3 7 1 2
4 10 10 13 10 14 10 5 15 16 1 3 11 6 9 13 3
1 13 15 12 6 1 9 11 9 5 7 16 2 7 12 2 1
10 12 16 16 10 15 3 15 6 3 2 5 14 5 1 13 3
7 16 6 5 9 2 1 14 7 4 7 11 10 3 8 12 2
17 5 7 3 3 6 8 9 9 6 12 4 12 1 7 16 17
6 9 9 4 1 4 2 15 14 10 14 14 17 15 13 5 12
7 4 7 14 12 9 16 17 1 15 5 10 14 2 12 10 16
9 12 1 10 2 3 12 6 9 17 7 15 7 1 16 4 3