15 15
8 5 2 12 9 12 8 11 1 5 8 7 15 6 13
4 7 11 5 13 15 11 10 7 9 2 15 10 14 7
8 15 6 7 2 2 10 9 14 2 1 6 9 10 8
10 3 15 15 8 1 3 7 4 12 6 9 13 11 2
9 9 4 3 2 10 7 11 11 8 10 13 9 10 8
7 15 11 7 1 14 15 3 10 11 4 7 8 5 6
15 12 9 13 6 12 3 9 8 1 11 8 2 14 14
10 8 5 12 14 11 9 8 7 5 10 9 1 15 5
9 2 12 8 10 10 13 12 15 14 2 1 13 3 11
13 8 15 2 11 5 11 8 3 8 7 6 14 9 6
10 6 3 8 10 11 8 2 8 11 15 8 4 10 5
8 9 9 6 1 15 9 1 13 10 1 4 11 12 7
2 4 13 5 7 3 1 6 10 5 9 1 10 8 6
1 2 12 4 1 9 6 14 8 9 13 10 1 2 3
6 10 3 11 3 13 15 4 2 15 7 5 7 11 9