15 15
6 12 2 13 1 15 3 4 7 4 12 14 9 11 7
11 11 5 2 10 5 10 8 9 10 10 12 11 4 6
2 4 14 9 9 10 12 6 2 7 8 10 5 6 13
3 1 8 14 10 8 3 13 5 9 4 4 10 7 4
14 11 11 12 5 6 4 2 9 15 13 1 11 9 3
1 9 4 2 10 4 1 4 8 4 2 6 6 4 14
11 1 1 4 8 2 13 14 6 10 3 9 13 5 3
4 5 7 9 6 8 9 12 8 8 4 15 6 10 11
1 3 9 7 3 14 3 11 2 7 12 5 3 4 4
7 8 14 9 2 12 5 4 3 13 3 10 14 6 3
3 6 5 4 3 14 10 14 14 4 4 8 10 13 7
15 13 4 5 14 4 13 7 12 3 2 6 11 2 13
7 2 8 10 12 14 6 9 6 14 7 13 9 3 15
10 3 4 8 3 7 13 15 4 12 10 2 1 2 5
14 14 13 9 4 9 5 5 9 11 15 4 7 12 14