17 17
3 5 14 7 10 1 17 15 1 1 6 14 11 13 17 16 6
5 1 4 17 6 7 6 7 5 2 3 4 13 14 11 9 7
4 2 6 6 3 17 4 9 1 3 12 8 6 10 9 5 16
7 11 17 10 12 14 16 5 3 13 16 3 10 5 14 1 12
17 10 6 16 5 15 9 1 11 14 7 14 8 3 10 17 5
4 14 2 9 7 16 11 2 3 10 2 4 3 14 8 11 1
15 10 16 5 3 9 1 8 14 8 6 7 13 4 3 13 16
16 8 6 1 6 5 12 13 6 3 15 17 4 13 12 16 11
10 3 5 2 7 1 11 14 8 7 16 7 7 17 4 10 13
5 12 11 11 16 2 3 10 3 4 6 15 8 6 11 8 14
1 2 2 13 1 11 14 8 1 7 5 16 6 2 17 3 13
7 7 11 8 5 13 17 3 4 17 1 3 15 16 11 12 8
11 17 8 10 1 2 8 12 7 2 2 5 11 9 15 4 5
13 5 14 8 5 10 3 8 17 15 1 1 9 5 10 7 12
11 15 10 13 11 17 12 7 5 16 13 17 5 16 9 17 11
10 11 8 12 13 3 4 2 15 9 7 11 10 2 3 6 7
8 9 3 1 14 9 7 6 3 5 10 13 2 11 1 17 17