17 17
1 10 3 15 16 14 1 13 16 4 14 9 11 7 2 11 5
12 1 8 16 4 11 7 5 13 9 8 3 9 13 12 2 10
8 17 16 14 6 15 14 15 5 7 11 15 8 11 14 12 7
1 8 11 5 7 3 11 1 10 14 12 9 15 9 6 4 17
12 15 5 10 16 15 17 17 3 11 10 13 16 3 12 6 15
4 12 3 1 11 16 3 1 17 9 6 4 13 1 14 12 2
6 10 1 10 9 13 14 2 3 3 5 10 5 16 11 14 12
7 6 17 8 3 14 16 12 2 15 14 1 11 13 14 11 14
14 1 8 4 15 10 1 4 12 3 11 10 1 5 3 5 6
1 14 1 12 16 1 5 14 4 13 9 8 17 9 15 3 7
9 11 12 4 15 17 7 7 6 3 3 9 8 1 16 15 14
7 9 16 6 5 10 1 14 7 10 6 12 5 17 14 16 12
15 10 6 1 10 2 17 5 14 1 16 4 12 5 5 13 9
16 15 7 14 1 6 8 9 5 17 8 6 9 2 10 5 3
15 16 5 11 5 4 2 7 9 1 5 7 6 7 1 11 15
5 13 11 1 8 6 8 15 3 2 10 14 5 4 17 1 5
15 5 17 3 2 7 4 7 15 17 1 11 14 11 8 17 13