15 15
2 8 11 13 3 6 11 9 3 14 6 4 7 4 12
3 10 13 2 6 13 2 9 12 9 14 11 8 8 3
10 1 7 1 9 2 8 12 6 2 15 5 8 5 12
12 1 12 5 3 3 14 15 7 6 14 7 9 11 2
14 12 11 13 13 10 9 1 7 10 4 12 15 11 14
9 13 15 4 2 13 8 1 14 14 7 1 11 3 4
11 9 14 5 5 4 1 2 9 8 6 3 3 6 4
8 8 9 2 7 15 3 3 10 7 4 12 4 6 13
2 4 6 9 7 7 5 10 3 2 9 4 14 13 3
15 13 13 11 12 14 15 4 11 1 7 9 14 7 5
10 2 12 10 15 4 15 13 9 4 8 3 13 1 9
7 10 2 8 15 1 10 3 11 4 15 5 11 14 1
14 7 3 4 10 1 5 13 4 15 2 8 5 14 15
15 15 1 14 4 10 7 5 8 3 12 1 6 4 9
3 14 2 9 4 7 10 8 14 15 9 10 2 3 6