15 15
12 2 1 9 6 3 6 5 7 5 4 2 1 14 10
13 6 15 2 8 15 4 3 8 1 14 12 14 11 12
10 12 7 7 2 15 8 4 12 6 6 13 13 4 8
11 2 2 8 6 6 3 7 7 15 14 5 10 1 13
2 1 9 2 14 8 7 5 4 13 13 1 6 7 3
14 7 2 6 5 5 13 2 8 1 9 8 1 15 12
8 4 3 10 3 13 5 14 13 2 7 11 12 4 5
7 10 6 8 7 14 11 15 15 14 6 8 5 2 5
6 4 11 14 11 7 12 1 5 14 2 13 3 12 15
7 8 4 1 10 2 8 11 11 6 13 10 15 1 14
4 12 6 3 14 14 5 6 15 7 4 15 5 8 8
11 1 11 12 13 13 2 15 3 4 8 14 3 5 6
15 10 5 7 4 6 15 2 5 8 9 10 9 6 4
3 8 10 14 4 5 12 3 14 9 15 12 2 7 4
2 9 4 4 3 7 15 11 13 9 10 7 13 6 2