15 15
5 4 2 1 6 4 15 11 6 11 1 13 12 15 8
13 6 4 3 2 15 5 8 5 15 7 4 8 11 12
11 10 7 12 7 11 14 1 9 3 14 15 5 10 6
3 9 15 14 13 2 5 15 12 11 14 11 7 4 2
6 5 13 13 12 9 8 6 8 14 9 7 15 15 12
11 7 6 2 10 10 8 2 14 7 15 3 4 5 1
2 2 1 12 7 11 4 11 14 12 5 3 3 4 14
12 15 5 11 14 13 15 4 2 12 9 8 6 10 14
15 7 4 4 8 7 12 14 5 5 6 8 11 12 13
3 4 15 7 15 4 6 1 1 8 7 9 11 3 11
6 8 9 4 10 12 3 2 9 15 1 5 13 14 2
7 12 5 5 8 3 9 15 13 2 4 12 8 3 9
2 2 8 1 11 12 13 3 7 8 3 12 4 1 4
9 10 13 14 6 2 11 3 4 7 6 10 15 12 5
1 11 12 6 2 14 9 6 3 14 13 2 12 8 1