17 17
12 12 13 16 6 2 17 17 4 11 11 16 1 6 2 5 1
14 4 7 10 17 12 8 1 17 9 2 3 10 11 5 7 4
4 6 3 5 1 11 4 12 2 8 15 2 10 7 8 16 1
3 10 12 16 15 13 5 13 10 2 12 7 2 4 11 14 11
11 2 11 2 10 1 15 14 8 17 7 4 3 4 14 7 10
12 1 13 2 9 7 6 17 16 9 7 13 1 5 10 5 14
8 17 12 1 16 16 1 15 11 5 11 2 14 2 3 6 17
1 17 1 13 16 5 14 10 11 13 15 15 16 2 12 12 6
16 13 5 6 7 12 1 1 12 7 17 16 11 14 2 2 5
13 7 15 13 8 4 14 16 2 15 14 11 11 17 1 9 2
11 10 6 12 17 7 3 14 17 16 12 10 13 1 1 4 14
17 3 2 11 1 5 16 15 5 7 13 9 9 3 11 15 10
2 4 11 15 5 17 2 11 4 1 1 12 16 3 8 8 15
3 8 15 17 10 6 13 3 10 13 4 7 2 5 7 15 5
1 5 1 11 14 4 4 2 12 3 8 9 12 6 17 10 13
10 2 17 7 14 13 2 16 14 1 1 12 8 17 4 12 16
13 14 3 3 12 2 13 5 6 8 10 1 14 9 16 6 15