17 17
7 12 15 4 4 17 11 17 9 10 1 14 13 1 9 13 15
10 1 5 13 15 17 10 7 3 8 2 16 5 7 4 17 12
17 6 1 13 2 7 12 10 6 5 12 9 13 10 3 9 8
1 2 12 2 1 15 13 9 6 7 15 4 9 8 16 5 8
1 16 5 17 7 13 1 14 9 9 14 12 4 11 10 10 17
4 10 8 5 12 7 3 14 4 1 7 6 9 3 17 6 12
4 15 17 11 11 3 5 4 10 2 2 9 12 17 7 12 1
10 11 2 12 13 13 7 3 11 2 15 6 1 9 7 3 10
12 7 17 7 5 10 1 11 4 13 1 8 11 16 6 6 15
16 13 13 17 10 10 4 7 5 12 14 5 2 16 11 14 9
6 11 10 7 10 4 11 1 13 17 16 1 14 3 4 15 14
15 13 12 10 9 6 12 5 2 14 10 3 5 15 2 3 7
9 5 7 11 3 8 4 15 2 4 11 1 12 7 10 16 14
5 14 7 1 4 9 2 11 7 1 10 14 11 5 9 4 2
15 7 6 14 11 16 3 3 5 9 16 10 7 9 1 17 2
5 2 11 4 9 12 6 1 1 14 9 13 4 14 8 12 10
16 9 15 15 1 6 16 13 11 11 6 8 17 10 14 8 9