15 15
11 10 5 14 5 12 4 13 10 12 1 7 1 15 3
4 1 13 2 11 4 12 2 9 7 3 13 8 10 11
5 9 7 8 10 13 1 3 7 5 9 12 10 8 14
2 6 11 1 8 5 6 12 13 13 14 9 8 5 12
8 13 9 9 13 6 1 1 12 2 15 5 5 3 8
15 3 10 6 2 7 5 12 1 4 4 14 11 15 8
7 6 1 5 14 2 8 15 2 1 13 6 15 7 11
14 11 7 6 13 1 9 9 3 12 13 6 4 8 14
5 13 8 13 6 1 3 2 15 14 10 12 1 12 15
13 8 9 9 7 5 6 14 15 15 6 1 3 3 13
7 12 13 3 1 8 13 15 10 10 8 3 14 9 12
12 3 3 13 10 2 14 8 4 6 14 13 9 9 5
3 10 1 7 2 8 11 11 3 4 2 5 13 6 9
4 14 11 10 5 4 9 8 8 13 10 3 14 11 13
13 5 2 4 14 10 11 7 7 15 9 1 12 14 1