15 15
10 9 2 9 14 11 2 1 13 6 5 10 4 4 8
1 15 10 5 10 8 3 6 12 8 4 4 9 13 6
9 4 10 14 13 9 6 5 3 8 8 10 6 5 1
4 6 12 9 8 15 12 13 11 2 14 11 1 15 10
15 10 12 14 4 6 13 10 15 3 4 1 2 13 11
3 13 8 14 15 10 12 14 6 13 7 7 4 12 10
15 2 15 12 5 8 5 8 9 4 3 14 7 4 3
7 11 1 4 9 14 8 2 3 12 15 6 1 3 5
11 11 9 15 12 11 6 14 14 1 7 15 8 12 13
6 14 5 1 11 15 13 7 2 3 3 13 5 6 4
6 7 10 10 15 12 2 8 13 13 9 1 15 1 5
1 8 7 8 6 13 8 15 10 10 1 3 11 5 12
10 1 5 8 2 1 14 3 14 11 12 7 11 9 12
9 12 1 1 4 3 7 10 11 15 5 8 5 6 6
11 3 2 15 5 1 3 12 13 6 13 12 14 11 7