17 17
16 2 6 11 10 14 15 5 8 11 7 1 5 17 6 14 15
5 16 3 14 7 1 15 9 9 1 10 10 6 16 5 2 4
7 17 12 15 11 9 16 1 4 3 6 11 16 8 1 5 3
17 4 8 7 6 12 3 16 2 15 1 2 7 4 15 16 13
8 12 16 7 14 1 10 4 16 8 14 13 9 13 10 6 5
11 1 17 12 2 2 1 13 16 17 15 14 13 5 15 14 16
1 4 7 14 16 13 11 6 15 10 16 14 5 9 8 6 12
2 12 10 1 6 6 16 12 13 11 17 7 11 13 10 16 9
11 6 4 2 14 11 9 7 1 9 5 17 15 15 2 5 16
4 10 11 6 4 2 11 13 2 9 16 1 1 7 17 3 10
10 1 6 4 5 9 17 16 9 15 15 2 16 12 2 4 10
7 14 16 10 4 7 8 1 10 5 13 16 15 11 9 15 3
8 5 14 5 1 14 7 7 10 1 12 4 4 15 8 11 15
9 5 4 4 16 10 12 14 13 17 3 15 9 6 16 3 11
4 16 15 15 9 5 4 6 7 10 10 11 14 14 11 1 6
14 10 13 2 12 16 8 15 3 7 3 4 11 1 5 8 4
13 6 5 1 11 15 10 4 6 5 4 8 13 14 9 9 1