17 17
9 13 17 3 14 17 4 10 5 7 12 10 4 7 16 2 5
10 2 10 2 6 1 3 6 13 17 1 8 17 12 8 9 7
16 17 13 8 3 13 10 14 10 2 7 15 1 17 4 11 15
10 9 7 1 4 14 8 10 17 3 4 1 15 14 13 12 12
16 5 10 4 8 3 1 15 9 5 16 2 9 10 3 7 8
13 7 14 1 9 13 15 15 12 6 8 1 16 3 2 5 7
4 14 7 7 3 9 4 12 16 8 9 5 5 16 1 12 3
14 11 17 12 2 8 9 9 8 7 4 11 7 2 3 10 5
3 1 11 17 15 12 9 17 4 9 5 4 2 7 6 15 13
2 3 13 11 15 15 2 13 7 10 14 9 5 4 9 1 10
7 16 5 12 16 11 17 9 2 10 11 4 7 2 8 4 12
12 16 4 17 8 11 17 6 2 5 16 13 10 1 1 15 10
8 12 15 14 4 2 5 14 11 12 17 7 9 10 10 4 16
4 13 12 7 10 1 13 7 4 17 15 9 6 11 9 10 2
5 4 15 15 10 14 5 2 16 8 13 10 8 9 4 3 16
2 12 16 9 1 7 12 13 7 4 6 15 2 8 5 17 14
13 11 3 2 14 8 7 12 10 12 9 11 14 17 2 13 8