15 15
12 6 10 8 11 3 14 15 12 4 8 15 5 13 4
6 12 14 5 10 3 7 10 4 14 6 9 1 3 8
10 9 1 14 14 7 2 13 11 1 5 6 15 2 6
1 1 15 15 3 9 9 10 10 6 6 14 2 11 11
7 3 6 2 4 14 15 1 9 5 12 2 13 14 10
7 13 2 5 5 6 15 8 9 1 7 15 13 9 6
5 6 15 6 13 14 1 7 10 7 10 3 11 4 9
6 11 13 4 3 10 8 3 13 2 15 9 9 1 1
14 10 3 1 8 6 5 9 6 11 10 11 12 3 15
5 10 14 4 15 5 14 11 8 9 13 10 8 12 4
3 15 9 11 2 10 9 5 12 10 7 6 7 5 13
14 5 4 7 1 13 11 14 8 8 1 2 2 15 15
1 2 3 8 14 7 4 6 6 11 9 11 3 10 7
4 12 12 10 9 8 5 7 13 15 13 5 9 2 1
12 7 9 7 1 8 12 5 11 8 3 10 14 9 11