15 15
13 12 8 1 9 6 2 10 5 4 15 4 7 8 14
13 8 10 5 11 8 5 10 12 9 14 13 9 11 1
7 7 13 5 11 14 9 12 5 9 3 11 3 4 12
15 4 14 2 8 11 3 6 7 12 11 14 13 5 9
12 1 3 12 14 8 14 8 13 7 9 7 11 2 11
5 14 5 3 12 9 12 1 3 10 7 10 4 6 1
6 1 14 15 13 7 8 11 15 1 12 10 2 13 12
12 11 15 10 2 5 6 7 7 5 8 12 14 1 13
5 13 10 14 7 1 7 4 3 1 2 4 13 10 5
2 6 5 2 14 7 15 3 9 11 4 11 10 7 5
8 10 15 6 7 5 8 9 6 2 3 15 2 11 3
2 7 6 15 5 6 9 9 8 5 1 2 11 4 4
1 4 4 9 13 2 12 8 6 14 11 14 3 13 2
9 5 8 11 3 13 14 4 1 7 6 12 5 14 2
8 9 4 8 9 4 11 12 2 11 12 15 5 15 8