17 17
11 7 12 7 4 5 13 5 14 10 15 6 6 3 14 16 4
6 12 11 2 17 7 6 16 4 1 9 13 11 5 4 5 17
11 3 4 15 11 5 9 1 17 6 8 10 15 1 12 3 8
12 13 13 4 5 15 1 4 17 7 17 7 2 10 15 6 12
13 1 13 11 15 10 12 16 2 1 10 16 12 17 9 7 4
8 2 15 12 10 12 7 14 8 3 5 9 16 1 1 17 15
14 6 2 16 6 13 13 11 5 5 7 11 12 15 16 8 1
9 12 11 11 16 1 17 8 1 12 4 6 4 2 7 10 10
1 16 6 3 7 8 14 3 10 5 8 10 17 2 11 7 2
10 5 6 6 11 11 10 2 13 14 14 7 13 4 17 12 15
2 2 14 17 12 15 8 8 13 15 6 13 7 3 3 11 11
10 9 2 1 17 4 9 3 12 13 12 8 15 16 1 2 17
5 13 16 12 4 10 6 1 4 17 7 11 11 8 14 15 7
5 17 12 8 13 13 5 12 2 4 11 2 3 7 16 16 10
7 11 5 10 14 2 15 17 12 10 14 12 8 8 13 9 3
12 10 4 4 14 8 15 15 5 11 16 12 1 5 11 3 8
8 7 17 15 6 11 16 9 1 6 4 8 10 16 15 11 12