17 17
5 15 12 11 10 16 9 13 3 5 1 13 7 16 14 2 7
7 16 14 11 3 2 2 17 13 6 6 8 8 11 7 4 16
4 4 7 3 7 1 12 9 15 15 9 11 6 2 5 10 17
13 8 10 13 16 6 14 5 14 4 4 9 5 7 3 3 16
5 13 4 5 13 9 16 16 6 9 12 17 4 17 10 15 15
12 11 4 6 8 4 14 9 3 15 17 2 10 3 8 13 1
1 9 10 2 14 13 11 1 10 8 11 14 8 13 6 7 9
8 3 2 4 9 15 11 12 16 12 4 1 15 13 7 5 10
10 12 8 4 8 3 15 10 7 11 13 16 15 7 1 4 13
6 12 5 3 12 11 1 14 15 2 10 17 14 8 3 15 1
2 16 11 12 13 9 3 14 4 9 5 14 5 10 17 3 11
2 6 7 9 10 4 10 12 8 4 16 9 2 14 13 11 14
10 2 5 1 15 14 10 11 17 5 6 4 16 16 8 17 7
4 3 11 5 5 14 15 7 7 8 13 15 16 9 13 14 3
16 5 1 8 14 17 12 13 11 11 3 15 6 14 12 6 15
1 6 13 1 6 10 5 16 11 3 9 12 11 3 15 17 9
12 17 15 13 3 2 2 3 12 7 5 16 14 1 17 16 14