17 17
13 13 6 1 10 10 12 3 9 14 14 11 5 12 9 15 5
16 2 15 9 13 3 14 9 12 7 14 2 17 4 8 15 11
14 8 12 5 6 14 9 11 1 17 10 3 8 13 7 12 17
12 10 9 10 13 17 14 14 3 2 15 17 13 6 16 16 8
2 4 2 11 3 9 11 6 3 12 12 13 7 5 5 17 17
6 8 12 2 4 10 16 1 17 12 3 7 3 5 13 8 4
9 14 11 12 11 13 4 12 13 6 8 1 8 7 14 9 1
17 6 2 4 14 8 2 10 7 4 5 14 1 7 12 3 9
17 10 3 1 5 8 17 2 16 8 4 6 5 9 1 16 6
13 7 5 3 10 14 11 13 16 5 11 2 9 3 10 4 1
11 1 5 17 7 6 8 13 5 15 11 15 16 2 14 7 6
11 16 8 2 4 6 12 14 9 17 5 5 17 12 4 2 8
5 11 13 13 17 1 2 15 15 14 8 12 3 1 6 7 14
15 11 11 7 8 13 6 12 5 1 4 17 2 1 4 14 12
4 12 8 8 17 7 7 16 12 3 1 15 2 10 17 5 2
1 14 13 9 16 9 7 16 14 3 17 12 4 3 2 13 12
9 17 15 16 8 1 3 15 10 4 12 14 1 8 13 13 5