15 15
13 6 7 3 2 1 3 10 15 15 11 4 3 8 5
7 2 11 12 14 2 15 6 1 4 15 2 12 9 15
11 9 7 15 13 3 4 7 5 3 6 14 7 12 13
10 1 6 4 5 13 2 9 6 14 2 1 6 15 5
6 15 14 2 11 7 14 4 13 1 9 14 10 4 11
8 1 9 6 13 8 1 15 5 5 3 3 6 2 10
15 2 12 1 7 10 7 4 11 3 15 11 8 7 6
12 13 15 5 11 15 3 2 13 13 3 7 15 1 8
15 1 3 3 8 8 13 6 6 9 2 11 12 9 9
13 5 2 13 6 10 7 1 8 11 14 10 15 3 2
2 3 14 12 8 12 4 5 13 10 1 12 4 13 15
15 13 1 11 5 15 10 3 12 13 5 8 7 7 5
1 7 12 10 12 7 6 15 15 8 3 9 14 1 2
5 6 3 6 15 2 14 7 5 9 15 12 3 10 14
3 10 7 8 2 14 9 11 2 15 7 15 5 6 8