15 15
14 15 6 5 9 15 6 7 4 2 5 3 3 5 4
11 10 13 6 13 7 2 8 9 14 3 4 14 15 12
8 2 10 12 3 8 4 4 5 9 5 12 4 7 10
7 8 2 10 14 6 9 12 3 8 11 6 15 8 13
8 9 1 5 11 12 5 10 14 3 15 1 7 10 10
10 5 9 1 9 6 9 13 9 14 12 10 14 12 13
12 10 5 10 7 13 14 10 15 7 8 2 4 6 1
6 14 3 5 2 10 6 2 5 15 5 1 12 3 9
13 2 14 8 4 2 15 10 8 7 12 10 6 10 12
10 15 2 14 12 3 7 9 4 8 5 5 3 2 3
13 7 15 10 6 9 15 5 9 4 13 3 10 1 9
1 8 5 15 13 5 4 2 6 15 10 4 2 8 11
9 4 8 10 10 3 5 14 13 6 2 11 14 5 15
13 12 13 8 2 12 6 11 9 13 1 2 9 3 7
3 6 12 10 1 11 13 7 2 10 9 7 5 1 8