17 17
3 11 6 16 13 1 3 11 3 9 14 16 3 2 8 16 14
10 1 14 6 7 5 15 13 16 3 8 4 2 5 4 11 12
4 9 4 14 16 3 14 7 4 17 17 15 4 6 2 13 15
13 6 1 16 4 1 17 16 11 11 8 8 6 14 16 7 9
7 10 9 1 15 11 13 4 8 13 5 10 14 5 6 16 8
2 11 17 9 4 13 5 2 17 4 6 2 12 1 2 4 10
4 13 10 4 17 7 9 8 9 16 14 5 7 9 12 11 11
15 7 6 10 2 5 14 17 5 4 17 6 9 3 8 8 4
8 15 13 17 5 4 12 2 3 15 1 9 3 7 9 17 7
4 4 7 13 4 15 13 5 14 2 9 12 10 11 12 2 14
2 15 10 7 14 8 9 2 12 17 3 10 11 3 10 5 4
4 8 4 16 12 4 3 14 4 2 9 9 14 7 11 4 15
6 17 9 4 14 2 14 12 9 3 11 3 7 16 4 14 8
8 2 8 6 9 5 11 1 3 6 1 10 9 4 7 12 11
12 5 17 8 3 7 13 16 10 16 7 2 4 5 16 13 2
6 6 14 17 16 14 3 3 11 12 16 13 15 8 4 9 5
9 14 5 9 11 12 16 10 13 4 4 12 8 5 15 13 6