17 17
6 2 15 7 9 17 7 10 14 6 16 6 10 8 11 8 9
4 3 7 17 10 1 13 7 5 16 10 3 8 9 10 12 15
6 4 3 1 6 14 9 3 15 14 8 5 12 8 14 7 2
1 2 4 16 2 10 13 9 2 8 12 9 7 6 16 13 1
16 1 17 13 5 8 6 16 3 12 2 2 13 4 15 9 4
4 16 1 8 1 12 9 6 4 3 13 3 9 5 2 12 17
8 6 16 5 2 7 5 3 17 13 9 5 11 16 3 6 1
12 8 10 7 3 11 15 5 1 6 11 17 6 2 10 14 2
9 12 3 13 10 9 1 15 16 11 16 1 9 3 17 3 10
13 11 12 17 17 11 3 17 10 4 14 8 5 4 10 15 8
9 13 7 11 1 5 4 3 13 14 5 10 15 17 16 2 15
11 3 13 6 8 14 6 4 12 5 4 8 2 3 10 3 7
6 11 10 14 10 5 1 17 15 15 2 12 11 16 17 4 13
9 6 11 5 8 12 16 5 13 4 3 7 4 10 12 8 9
5 14 15 15 9 2 10 16 9 3 4 2 17 8 7 1 10
15 1 14 1 7 3 13 10 3 4 3 9 1 10 13 9 6
2 15 5 3 1 4 12 9 6 17 1 11 2 7 9 10 14