15 15
6 1 4 9 6 11 13 8 15 13 12 4 2 4 13
3 6 13 4 2 14 9 10 6 1 10 12 11 5 7
1 10 3 12 3 9 4 9 3 4 6 13 14 13 6
2 5 2 9 14 4 12 13 10 10 3 6 9 6 11
10 13 11 6 9 10 15 10 8 1 1 14 4 2 14
5 7 4 3 4 15 10 2 10 13 11 1 2 11 15
4 2 9 10 12 11 3 11 5 10 10 8 15 14 4
7 1 4 8 5 3 1 8 13 2 5 2 6 3 12
2 14 6 10 6 1 4 9 7 11 2 5 11 4 15
11 1 15 4 3 13 10 4 1 14 7 13 1 11 6
14 4 6 13 5 10 5 8 11 2 2 6 8 15 13
9 1 3 8 8 14 13 15 14 4 11 2 9 6 1
4 15 13 2 10 13 7 11 9 12 10 11 5 3 4
3 6 8 11 5 7 2 3 4 2 9 14 2 1 10
15 3 9 14 2 2 12 1 12 6 3 9 7 14 5