15 15
2 10 7 10 14 3 9 13 3 9 13 5 15 7 8
6 11 10 9 7 4 6 14 5 10 3 9 13 4 15
15 5 9 10 1 8 15 7 15 11 9 4 14 13 13
13 12 10 12 9 10 2 1 4 5 8 6 3 3 1
14 2 11 5 10 13 9 9 6 12 11 3 1 2 7
7 6 7 12 11 9 15 6 3 7 13 9 9 3 1
1 3 12 2 5 7 13 11 2 6 14 8 5 15 5
12 2 3 6 12 13 14 5 3 3 7 6 11 13 10
10 6 6 10 4 9 6 12 15 2 12 13 5 2 11
11 15 3 2 6 10 1 5 13 3 9 14 6 7 5
15 13 6 8 3 9 9 6 14 15 8 7 4 1 13
12 14 8 5 2 5 6 3 6 13 11 3 6 2 4
15 7 15 13 3 12 11 1 1 14 13 9 3 10 6
6 1 10 14 15 4 14 8 6 7 12 10 14 11 3
10 9 14 5 13 6 12 15 10 13 4 6 8 5 6