17 17
8 10 11 9 16 3 17 1 17 2 15 8 9 17 12 10 2
13 11 9 3 1 13 14 10 2 6 7 9 12 9 17 2 5
2 4 6 8 16 16 9 11 7 12 3 1 11 12 15 4 14
5 8 13 4 11 1 14 4 17 2 8 2 15 17 2 14 9
8 13 2 1 4 3 17 6 8 16 16 11 16 15 3 4 12
9 2 17 10 6 11 6 13 7 14 1 2 3 7 17 12 17
12 8 14 1 13 12 7 2 1 17 10 6 8 14 16 17 12
11 14 9 4 3 6 3 11 10 12 11 15 16 8 12 15 7
15 9 7 6 5 13 14 14 17 17 4 2 1 17 10 7 1
7 3 17 14 14 11 16 9 4 15 11 5 9 1 11 3 8
15 17 15 2 1 5 1 4 6 17 13 14 11 17 4 15 16
8 15 7 3 12 15 10 17 13 3 16 9 4 11 3 16 1
5 7 17 14 17 9 11 6 2 17 5 6 6 17 13 17 10
1 3 8 9 14 12 7 7 5 16 14 17 13 6 2 10 16
7 8 16 8 7 1 6 3 6 1 5 15 8 13 5 3 4
11 16 14 17 3 15 11 8 9 10 12 17 5 8 14 4 6
1 1 10 15 12 7 2 3 12 11 3 3 14 5 9 6 14