17 17
7 8 14 13 3 8 1 14 12 6 13 5 16 9 12 2 15
1 16 8 5 16 3 6 16 1 2 12 1 7 6 17 16 4
12 7 13 14 13 9 17 1 6 14 17 10 11 5 3 4 14
13 11 7 10 2 13 15 16 2 4 15 1 9 14 9 11 16
3 12 11 4 14 16 4 2 17 8 9 4 17 10 8 16 7
4 17 4 6 10 14 17 15 4 2 13 2 5 1 5 10 11
13 6 17 2 1 13 16 9 8 7 5 11 9 6 12 11 12
5 9 14 15 11 1 7 8 4 11 14 4 14 2 10 12 5
14 13 9 4 2 6 9 16 7 9 10 2 5 1 1 10 3
13 5 13 3 15 16 12 7 17 17 1 16 14 4 6 3 9
1 14 7 16 4 15 17 8 12 7 6 7 4 8 17 9 12
6 9 14 7 15 4 5 12 17 9 17 11 1 16 15 14 5
2 1 11 11 16 8 9 17 2 13 15 4 6 4 4 5 14
3 6 1 12 3 16 17 3 9 11 4 17 4 11 8 14 3
4 2 6 4 11 9 5 9 4 14 8 4 15 12 9 10 1
8 5 2 3 12 11 14 3 5 10 16 9 4 2 7 9 6
16 4 9 9 17 4 10 5 14 17 7 10 8 3 11 6 3