15 15
6 15 12 1 14 15 9 11 4 10 1 10 2 12 3
2 1 5 6 8 14 2 10 13 15 7 7 5 2 4
3 12 10 9 12 8 4 7 5 1 11 2 12 5 13
12 11 7 6 1 15 13 11 8 12 9 5 9 6 12
13 10 9 4 12 8 14 5 15 11 7 6 15 9 8
10 7 5 12 11 12 4 6 4 10 9 9 4 3 5
8 2 15 14 10 11 15 4 12 5 5 3 15 4 1
3 5 9 8 14 10 2 3 11 2 3 4 14 8 12
1 4 3 4 2 14 12 4 5 5 9 3 8 14 4
12 9 10 1 5 2 9 13 7 6 3 14 15 8 10
3 3 13 12 2 5 10 14 2 5 4 3 1 14 7
10 4 14 1 9 12 7 4 5 3 9 15 12 1 3
13 13 9 10 3 9 2 15 6 11 14 3 11 12 5
2 14 15 1 4 12 5 1 2 13 8 12 8 11 1
5 4 1 2 10 4 6 12 3 11 15 11 7 10 9