15 15
7 5 4 12 15 1 15 4 5 14 2 14 11 1 8
12 1 13 4 9 14 12 15 3 8 4 11 8 10 7
6 14 4 10 8 6 4 2 15 1 13 15 3 1 10
15 11 8 3 7 5 13 4 3 12 3 3 15 4 6
1 5 7 14 12 3 1 13 4 6 8 15 1 11 10
7 3 4 11 15 15 8 9 13 11 7 3 4 9 1
11 15 6 2 10 2 7 2 9 1 12 4 13 3 14
5 2 7 3 1 15 12 7 3 14 3 13 12 15 2
1 4 1 8 14 13 6 14 7 1 10 9 8 1 5
15 13 15 2 8 9 15 6 12 5 3 8 6 4 3
2 4 11 4 5 13 1 10 6 12 14 7 12 13 5
7 8 5 10 3 7 14 9 10 15 11 3 6 9 2
13 7 11 9 15 13 11 14 15 2 8 6 11 8 14
9 12 15 8 3 6 5 15 14 8 3 10 1 7 13
13 6 5 7 4 7 3 5 11 13 12 1 12 12 7