17 17
14 6 14 8 10 13 12 7 15 1 7 1 7 13 14 15 4
9 2 1 12 13 8 15 13 16 7 17 12 10 16 11 4 3
2 8 14 6 1 12 4 6 9 10 4 11 5 2 13 9 10
17 11 11 16 14 9 9 2 3 4 3 4 1 8 3 10 16
4 15 13 9 6 16 6 8 17 13 10 6 14 17 2 5 1
3 16 17 7 13 9 17 12 15 10 5 12 11 15 10 1 10
10 8 2 17 6 1 4 17 3 2 1 8 14 16 12 14 11
12 7 8 6 2 17 15 16 10 1 2 12 6 9 15 6 13
1 17 1 3 8 10 10 9 2 14 11 15 2 16 16 13 6
14 7 15 1 12 3 15 7 1 8 13 1 8 17 15 6 3
17 3 16 5 1 10 1 17 14 13 5 9 14 4 7 2 8
13 10 2 1 16 11 14 10 11 14 2 7 15 3 11 8 16
3 5 7 14 1 1 11 3 14 2 8 11 16 4 4 1 15
2 1 17 8 7 14 15 10 6 8 12 4 9 5 3 15 16
10 14 2 13 2 11 6 5 2 14 15 11 7 9 10 13 9
12 11 3 6 4 13 2 3 8 15 13 10 17 14 5 9 10
15 17 10 1 3 17 8 14 10 16 9 1 4 15 1 7 17