15 15
5 9 13 3 1 13 6 5 12 10 2 1 13 11 8
3 8 3 10 7 5 2 13 9 11 5 9 1 15 5
1 12 10 7 13 12 14 5 2 12 3 8 2 7 6
9 6 4 15 1 1 3 4 7 7 10 12 8 15 2
8 13 15 7 4 3 10 6 3 13 3 6 7 5 8
12 14 7 10 1 8 14 9 10 5 15 1 6 4 3
8 3 13 5 9 12 15 8 9 4 12 14 2 12 10
2 10 15 4 3 6 7 10 15 10 13 3 13 9 3
8 11 4 1 12 15 13 6 7 9 5 1 3 8 15
3 15 1 3 6 14 15 2 12 8 3 11 7 12 7
12 7 15 8 2 3 4 6 5 12 1 15 11 6 3
11 10 8 10 14 10 14 3 4 9 9 14 15 5 5
15 5 12 6 3 5 9 10 7 2 3 13 7 14 4
7 4 7 2 13 15 8 12 9 14 12 14 13 15 1
13 8 2 14 11 6 12 15 8 4 6 4 5 10 5