15 15
7 11 2 15 12 14 12 9 2 3 6 12 10 4 2
15 8 4 11 2 15 5 13 7 7 9 9 2 3 8
11 10 3 13 12 9 4 12 5 12 14 13 1 4 2
7 14 7 10 1 13 12 2 4 11 1 10 9 15 12
10 1 15 5 4 8 7 12 2 6 9 2 13 10 5
14 7 11 1 10 2 12 5 7 10 1 12 4 6 4
15 13 6 2 7 12 11 4 15 8 8 15 2 10 15
9 8 4 13 15 11 6 14 11 1 2 4 1 14 7
13 14 14 4 11 4 5 7 6 9 6 3 5 13 15
9 12 1 2 4 3 14 2 10 13 5 12 4 9 12
2 5 9 15 10 7 6 11 14 10 4 15 9 13 6
4 4 13 5 7 15 9 6 15 2 3 13 7 10 10
5 3 4 4 1 11 6 10 9 12 6 6 15 2 15
4 7 2 3 15 6 8 14 6 5 15 10 1 12 1
3 8 12 2 13 10 2 9 8 4 6 14 6 10 9