17 17
6 15 7 4 1 14 1 10 4 9 11 17 2 8 12 9 17
9 10 17 3 8 2 6 3 1 8 14 13 1 9 7 7 6
14 16 1 6 3 15 9 13 5 9 13 8 10 7 1 13 4
4 13 4 11 6 17 14 8 4 7 15 5 16 17 5 12 1
15 16 1 15 11 16 10 9 6 15 10 7 6 12 15 4 6
10 9 6 2 9 13 15 7 13 12 3 17 8 7 6 1 3
16 10 3 15 2 3 10 17 14 4 13 6 9 1 11 4 6
13 17 6 4 15 9 15 12 6 1 8 4 1 5 14 3 11
10 12 11 16 10 12 13 11 15 5 9 3 17 3 10 6 15
9 4 13 13 3 17 8 1 9 3 11 5 2 6 15 11 2
7 12 2 16 13 12 9 12 16 6 17 3 4 7 10 3 15
17 5 15 9 8 3 7 3 13 9 12 6 1 14 6 2 6
6 3 7 7 9 1 14 6 5 14 4 3 5 6 13 15 16
4 15 16 17 7 4 12 11 9 12 1 14 1 15 8 10 1
1 11 13 15 17 3 7 14 7 15 11 2 6 14 9 3 8
5 16 8 4 12 6 1 3 17 12 3 5 11 16 7 13 9
4 2 9 16 4 13 5 15 16 16 6 10 14 13 9 8 2