15 15
2 5 13 11 14 3 14 2 10 1 5 13 4 15 7
3 14 5 3 11 4 13 15 11 6 1 11 10 9 6
4 10 14 1 6 10 7 13 13 3 6 2 14 5 15
14 12 11 13 1 7 2 5 7 1 3 14 13 14 9
8 1 8 3 6 13 15 6 2 10 9 9 7 13 5
13 10 1 4 10 7 9 11 10 8 10 12 2 12 7
7 3 6 3 4 2 3 12 9 11 8 14 15 9 11
2 4 10 8 10 15 14 10 5 7 9 11 9 6 12
7 10 4 13 7 9 11 6 3 2 7 12 10 3 7
9 8 10 11 13 10 12 10 11 6 2 9 14 13 6
5 10 8 2 7 14 9 4 12 9 8 6 11 10 3
14 7 13 15 2 4 6 10 1 7 9 13 12 15 4
11 12 7 4 15 12 3 5 6 14 5 4 1 13 15
5 15 8 5 9 4 4 13 3 11 3 10 6 7 8
1 9 15 14 1 6 10 7 13 12 11 12 3 9 13