15 15
11 5 5 1 13 14 8 4 3 15 15 1 13 2 11
7 10 2 3 15 6 9 11 15 14 5 2 9 15 1
2 15 11 8 12 10 14 7 12 1 4 1 1 9 3
5 5 14 12 4 8 6 8 14 10 5 9 3 10 8
9 4 2 13 11 5 2 13 6 15 7 1 13 3 6
8 11 13 6 4 4 15 8 10 2 2 4 12 8 14
3 7 9 8 2 11 8 1 15 4 8 8 9 12 6
8 4 1 15 13 8 4 14 5 9 9 12 6 14 4
5 13 11 5 15 2 11 8 6 7 15 14 10 6 15
14 9 8 4 1 8 7 10 11 2 3 6 7 10 6
7 1 12 5 3 9 2 14 7 13 8 2 5 15 4
10 4 14 7 11 1 6 6 10 9 15 15 4 9 11
15 8 13 2 12 14 9 10 13 10 14 9 11 4 8
5 12 10 13 4 8 4 15 5 3 6 4 7 11 2
4 1 15 2 6 12 3 5 1 4 10 6 2 10 13