17 17
17 8 8 10 13 4 13 13 16 3 8 6 16 12 4 1 16
6 13 2 4 3 12 16 9 14 1 5 10 14 2 17 8 7
10 9 7 12 2 2 13 5 3 8 16 6 13 12 6 17 17
14 5 17 3 8 14 3 17 1 14 15 12 9 13 12 7 9
12 16 6 14 2 13 10 15 8 7 4 2 8 9 4 17 10
2 7 10 4 7 9 8 12 11 16 1 14 16 11 12 7 4
14 3 6 9 5 5 3 1 16 6 8 6 15 16 5 10 16
16 1 12 5 6 16 7 8 17 8 11 9 3 1 14 4 2
9 8 2 17 10 4 17 2 6 4 2 5 9 3 8 12 14
17 11 10 15 4 3 8 7 10 1 17 16 8 1 9 2 7
16 5 13 3 12 9 10 17 4 2 6 10 11 9 5 16 9
15 17 6 1 2 8 14 6 8 14 17 3 16 11 16 13 5
2 6 5 8 5 11 12 8 2 7 4 1 17 7 15 17 16
1 17 16 11 13 7 16 4 14 9 5 8 4 17 4 5 17
8 4 15 10 9 17 14 12 13 5 2 5 10 6 1 16 3
11 12 2 17 5 11 13 2 17 16 8 7 4 13 8 15 16
7 8 1 6 10 10 9 8 5 15 13 12 12 4 9 3 8