17 17
9 12 8 11 5 1 11 5 6 15 6 3 10 4 2 6 12
11 9 10 3 13 12 13 7 13 5 17 1 3 8 17 4 15
14 4 6 13 17 7 7 3 16 13 4 17 2 10 9 8 2
7 14 9 12 9 5 3 5 9 16 8 15 16 13 11 5 13
3 16 16 15 8 13 8 12 11 4 10 5 10 2 14 6 17
1 3 9 6 10 17 12 7 14 6 6 2 11 3 7 2 3
12 4 11 13 12 4 8 5 7 10 9 17 14 9 13 16 8
11 12 14 2 2 6 5 13 11 6 16 4 11 11 1 2 10
5 15 1 4 16 10 13 12 1 13 9 1 3 5 12 11 3
10 5 3 12 9 6 16 4 12 16 3 10 1 7 14 14 2
17 15 1 10 17 2 4 5 15 4 14 6 16 3 5 15 16
4 17 8 6 14 13 8 10 5 11 6 2 15 13 13 3 10
9 4 15 2 10 9 10 4 13 3 3 16 3 12 17 16 11
10 8 17 16 3 11 8 2 17 7 1 10 13 15 2 12 14
6 15 13 6 1 2 2 16 13 3 16 11 1 5 8 15 13
2 6 17 11 12 7 16 9 8 11 15 14 4 13 5 5 3
16 15 4 13 15 4 9 10 10 12 8 7 8 7 6 13 16