15 15
3 8 6 10 5 15 5 7 13 1 10 13 8 4 3
2 6 4 13 10 8 9 5 1 3 9 7 13 11 7
6 14 11 1 6 13 8 15 5 2 10 10 14 1 5
14 11 9 3 1 14 13 7 2 14 5 12 10 7 12
11 13 7 2 10 10 1 13 6 4 6 1 12 1 8
9 7 5 6 2 6 10 14 4 5 8 15 1 15 13
10 5 3 4 6 1 13 10 1 9 13 2 3 1 14
5 15 8 6 4 15 1 12 9 7 5 6 4 13 4
3 8 6 9 14 2 3 14 7 5 10 4 6 14 12
8 13 14 7 9 6 4 3 5 7 12 13 4 7 1
6 14 10 9 7 15 6 15 15 8 10 9 10 12 3
14 7 12 15 5 11 4 6 7 13 3 7 9 1 7
10 12 1 2 15 13 11 15 13 14 2 12 7 11 6
12 6 3 13 9 7 9 11 5 10 6 15 5 2 4
1 3 10 14 13 10 7 10 10 12 13 8 12 6 1