15 15
14 15 13 10 6 11 7 4 14 2 4 11 14 1 3
2 3 10 6 9 9 3 11 3 1 15 5 7 10 14
1 9 4 12 15 2 10 2 14 4 8 2 13 11 1
3 2 12 15 8 11 6 3 15 11 5 14 10 5 13
11 1 4 8 9 4 12 14 13 1 2 7 4 3 1
5 9 8 9 6 11 10 7 10 3 1 9 12 14 6
3 11 4 2 1 5 8 6 6 11 4 10 2 7 3
14 9 2 6 4 9 9 10 14 7 14 6 8 14 15
11 3 1 4 11 14 4 6 15 13 5 10 9 10 8
13 14 4 10 5 2 1 12 1 10 15 15 2 9 9
10 9 11 5 8 13 4 15 9 8 14 8 10 12 11
6 13 5 7 14 10 1 8 4 12 7 9 4 15 1
14 10 8 14 7 2 5 7 1 15 1 2 8 8 14
15 6 14 7 4 12 3 2 4 8 10 11 5 9 11
6 12 10 13 10 4 14 4 11 3 6 4 3 12 5