17 17
14 11 2 8 2 14 3 11 9 12 8 6 16 16 14 10 6
8 2 10 17 1 6 17 9 8 14 4 3 13 15 12 7 1
14 16 7 15 15 16 4 11 2 6 8 13 12 11 14 2 13
10 3 9 7 1 5 13 2 16 3 9 4 9 13 6 11 6
7 1 7 9 13 10 17 16 10 5 10 8 6 7 3 2 14
2 13 2 11 1 8 10 5 1 4 7 17 4 14 5 8 6
11 12 1 2 14 7 7 1 13 11 9 13 5 9 4 15 7
2 14 15 16 13 10 9 13 10 17 10 7 4 3 14 1 5
16 12 1 15 3 7 3 12 14 10 2 12 8 5 17 5 4
7 3 13 2 5 6 2 11 6 7 10 11 17 3 10 12 11
1 5 2 13 1 11 16 6 3 6 15 2 11 8 7 8 17
6 4 14 12 8 6 15 3 1 11 1 8 7 17 9 6 10
12 11 6 16 17 16 17 5 4 2 7 15 9 15 11 2 7
14 17 3 6 15 15 13 3 8 11 12 17 11 7 12 5 17
6 5 5 7 7 16 12 8 16 15 14 13 7 9 16 4 11
3 7 10 5 9 13 14 13 10 1 7 12 16 11 12 8 2
1 9 8 4 14 12 4 10 7 10 3 14 15 3 1 17 14