17 17
14 17 8 14 2 1 15 1 15 12 5 8 9 16 13 4 8
11 2 9 11 12 4 9 5 8 9 2 7 6 2 1 8 3
4 1 6 13 10 1 17 2 3 8 12 3 4 14 5 15 11
16 5 2 1 15 15 13 3 6 9 10 13 3 17 2 4 4
2 2 3 13 9 14 17 10 4 6 2 4 6 13 12 17 14
14 12 11 2 11 17 5 8 3 4 9 16 4 1 10 4 15
10 10 13 12 7 13 2 3 11 3 6 1 16 5 3 1 14
13 16 16 10 9 1 5 6 4 5 7 14 2 2 9 5 9
1 9 15 8 11 9 10 1 16 4 3 12 14 12 16 2 13
11 6 13 9 7 2 8 3 15 9 11 13 2 10 7 12 8
2 7 17 6 16 12 9 6 14 15 4 16 13 12 3 10 5
13 3 13 8 15 9 6 4 6 14 6 5 1 9 5 8 9
10 11 17 3 2 8 15 16 13 17 15 2 12 6 4 15 12
8 1 5 11 17 9 3 2 1 8 14 12 2 7 16 6 10
4 16 2 4 2 6 11 14 16 1 17 2 12 6 15 1 8
6 15 6 16 1 2 4 17 2 5 15 8 4 11 14 3 9
7 10 10 15 7 3 16 8 12 15 1 9 8 4 10 11 8