15 15
8 2 12 12 4 1 10 11 15 1 10 3 15 13 14">
6 12 7 9 10 6 1 3 8 14 1 4 14 15 15">
6 8 5 7 3 3 1 12 12 15 1 14 10 10 5">
7 13 3 10 5 12 12 7 1 10 11 3 2 14 9">
3 14 2 7 7 15 12 2 11 8 10 9 6 1 1">
5 1 13 1 6 2 6 15 10 3 2 7 13 10 11">
15 11 7 3 12 1 4 12 7 1 9 13 8 4 10">
12 2 8 14 11 13 3 2 12 10 15 9 3 9 11">
1 10 12 13 12 7 6 10 15 4 15 2 9 13 3">
8 3 10 3 1 7 14 8 13 13 2 14 7 4 15">
10 12 15 12 10 11 4 9 3 5 9 8 3 6 4">
7 5 1 13 9 10 11 13 9 12 4 6 14 3 10">
14 1 2 5 8 14 11 6 9 7 6 10 11 2 12">
2 8 14 8 4 4 3 6 10 14 12 2 13 12 6">
14 15 5 14 3 8 10 10 13 9 6 11 8 12 1">