15 15
6 13 1 7 5 8 3 14 14 2 3 4 7 1 12">
11 10 9 3 2 7 14 14 2 15 4 11 5 12 15">
1 6 8 2 3 11 13 7 11 5 1 14 15 2 15">
9 14 13 6 10 2 12 2 4 13 3 10 14 15 3">
2 9 12 1 6 15 3 10 3 12 13 2 7 8 4">
10 15 4 11 9 12 7 5 15 6 5 13 1 13 11">
2 3 5 2 15 6 14 12 1 3 11 14 12 6 11">
5 14 3 11 13 10 1 2 1 13 8 9 3 8 7">
7 5 12 4 13 14 2 5 11 2 1 11 10 7 3">
7 11 6 3 10 8 15 4 9 8 5 3 2 13 14">
1 1 6 14 8 6 10 12 15 3 8 15 14 10 12">
11 4 7 10 2 9 10 13 12 14 9 4 13 7 8">
5 7 3 10 8 9 8 13 5 15 6 2 15 11 1">
3 12 9 5 4 2 9 1 8 11 4 7 6 12 2">
3 15 1 5 11 5 2 3 8 10 2 15 8 9 1">