17 17
10 10 7 15 8 14 3 4 7 4 14 3 9 16 2 12 8">
3 15 7 16 6 2 4 5 7 16 10 9 4 17 2 8 14">
5 2 5 4 1 10 11 2 6 15 8 3 8 4 10 7 1">
3 4 13 16 12 3 17 17 15 11 11 6 2 5 12 2 9">
12 14 14 12 13 2 17 15 15 2 3 16 7 6 3 5 17">
15 8 10 6 3 7 5 8 11 1 4 15 17 16 13 14 16">
5 5 13 2 16 9 12 7 2 17 16 13 6 8 6 9 12">
11 4 4 1 9 10 7 8 12 15 15 7 3 5 5 17 1">
4 6 9 7 5 14 14 13 6 10 5 12 1 11 10 16 4">
12 3 10 12 14 16 2 1 16 14 8 17 7 10 7 3 4">
2 12 5 9 4 16 9 1 14 11 7 8 6 11 15 1 3">
15 7 9 3 16 15 5 14 5 4 13 16 2 4 3 9 17">
16 15 1 8 9 6 10 5 9 5 6 15 1 12 4 13 10">
6 13 14 14 5 3 12 2 17 3 17 7 4 8 9 13 8">
6 14 12 5 12 17 10 4 2 16 3 4 15 1 16 10 6">
10 1 1 9 15 5 16 9 17 14 10 4 3 7 4 3 2">
7 1 2 1 17 17 14 9 8 3 6 5 16 3 12 2 10">