17 17
14 13 2 4 4 6 7 1 7 13 3 6 15 14 10 11 12">
3 4 11 3 16 17 12 9 11 14 9 13 16 10 1 1 7">
2 5 4 1 6 11 12 7 9 9 5 16 12 11 13 10 7">
8 8 17 10 5 12 2 13 9 2 6 4 10 1 3 3 4">
9 11 9 4 7 6 10 17 11 13 12 6 3 13 16 14 1">
10 16 7 9 1 2 2 9 8 7 13 10 3 15 5 8 3">
16 4 10 12 13 13 5 11 12 4 7 3 8 14 7 9 9">
13 1 14 1 3 9 5 12 5 4 2 8 4 2 6 8 16">
7 8 7 13 14 17 17 15 12 16 4 2 13 9 4 15 8">
1 3 9 12 12 10 6 16 3 7 7 5 13 2 14 1 8">
3 15 10 5 9 8 17 10 14 14 1 7 9 3 2 15 17">
10 15 1 2 15 7 14 13 3 8 8 12 14 13 7 17 12">
5 12 5 10 16 1 7 4 15 8 8 7 2 11 9 6 6">
15 2 11 7 14 16 1 15 8 1 5 8 14 9 17 3 9">
1 10 1 17 13 16 9 5 6 3 2 4 17 16 10 2 13">
15 3 5 9 6 3 1 5 16 2 10 1 17 12 4 6 13">
9 17 13 7 9 7 14 2 10 1 14 1 10 3 12 17 5">