15 15
11 13 4 2 1 1 11 9 10 3 7 10 7 13 9">
5 4 14 11 7 2 9 3 13 8 10 12 12 11 6">
10 12 6 5 10 1 1 5 14 9 14 11 3 6 3">
4 3 10 12 5 8 8 1 7 4 13 14 7 12 11">
6 1 14 12 15 15 3 13 13 4 8 10 14 5 10">
4 11 12 3 10 9 14 5 10 2 15 6 2 4 11">
12 13 12 8 11 2 10 1 2 13 7 11 6 1 5">
15 2 13 7 4 6 11 2 5 5 15 9 1 11 4">
9 9 11 11 1 6 5 3 12 6 2 14 4 3 14">
9 14 6 4 7 10 7 12 1 1 3 5 12 15 14">
7 2 13 14 4 15 1 6 14 1 10 13 10 6 3">
14 14 3 4 6 5 8 4 5 13 1 6 11 2 9">
6 5 11 1 5 4 13 2 3 10 6 12 4 10 2">
3 6 7 8 12 10 15 8 4 10 11 3 5 5 1">
10 3 1 9 13 5 4 4 6 2 14 3 2 7 6">