15 15
10 9 6 14 11 4 12 7 4 14 9 12 11 13 10">
5 14 7 13 8 2 6 15 11 2 4 3 7 1 5">
13 7 5 11 10 2 9 7 8 12 3 9 13 10 1">
1 3 3 14 12 11 8 10 9 10 6 7 7 8 9">
9 15 3 3 1 7 13 4 4 10 11 5 15 14 5">
1 1 14 5 4 6 5 2 10 13 9 4 11 11 13">
8 13 8 3 6 7 10 4 9 9 14 3 12 7 10">
13 4 12 10 5 9 11 8 14 15 3 10 13 2 3">
5 10 15 4 2 9 5 3 15 3 1 9 8 12 4">
14 14 8 10 13 3 13 5 6 6 12 15 12 11 4">
10 15 4 8 11 12 14 3 15 13 12 11 4 2 2">
14 5 7 9 4 8 2 9 12 6 10 13 15 15 14">
3 6 15 4 14 12 12 11 3 4 15 5 10 5 8">
15 11 12 12 5 5 1 2 2 11 15 4 14 4 9">
15 12 4 2 10 8 8 9 3 11 13 6 10 5 13">