17 17
13 14 5 3 14 12 16 4 9 12 16 2 17 11 17 9 2">
11 3 14 7 3 2 15 11 8 4 13 2 10 15 16 12 5">
2 7 12 17 2 9 10 10 15 13 1 13 4 12 4 6 9">
5 17 4 14 7 3 7 11 1 2 1 12 17 15 10 8 13">
5 5 17 12 7 16 3 15 12 2 2 7 15 13 14 14 10">
3 12 4 9 13 15 11 17 3 16 4 1 2 13 7 15 12">
14 16 9 2 2 4 5 9 17 1 5 14 10 10 16 3 8">
2 10 1 13 3 11 13 12 9 17 14 7 5 1 8 17 11">
12 9 3 9 12 8 8 14 16 14 3 11 16 6 2 10 2">
15 1 5 5 1 14 12 16 12 3 10 17 8 9 9 16 6">
9 8 6 12 5 13 17 14 4 14 15 1 9 16 17 1 13">
14 2 17 1 13 10 13 8 5 17 10 16 7 3 7 11 9">
9 16 2 7 10 7 4 15 17 8 17 13 13 10 4 16 12">
16 4 8 16 1 7 17 17 3 13 5 9 5 7 14 14 8">
12 14 2 10 17 8 4 9 13 3 3 14 16 2 11 12 1">
17 13 12 8 12 15 16 5 1 10 16 4 3 7 1 7 11">
16 7 1 13 8 12 10 12 11 7 2 5 8 9 2 13 5">