17 17
8 16 10 13 1 15 8 1 9 5 7 12 17 12 15 13 2">
14 17 8 16 5 9 6 4 7 9 2 17 5 3 7 11 3">
8 17 2 15 4 14 3 10 12 5 4 7 16 5 14 7 9">
1 11 2 8 6 5 5 10 2 12 10 14 8 16 1 14 15">
17 15 14 7 1 11 7 5 6 4 14 16 13 1 4 2 11">
17 5 7 5 8 9 1 13 10 2 16 6 13 14 15 17 10">
1 13 5 4 2 15 16 13 7 3 5 2 15 11 1 8 8">
16 15 15 11 2 8 4 6 13 8 9 2 6 4 5 16 17">
7 6 16 13 16 2 4 1 14 8 13 12 11 12 14 15 3">
12 4 5 17 4 11 14 16 11 6 13 14 8 15 9 16 9">
4 10 6 6 3 3 1 11 16 11 12 7 4 8 5 1 5">
7 7 16 5 14 13 2 11 8 17 16 11 4 9 10 13 6">
15 9 15 14 6 5 11 2 2 10 6 16 1 5 16 4 10">
2 3 11 17 13 4 15 5 17 6 14 9 5 7 13 6 16">
12 8 7 2 3 4 12 17 14 7 2 15 17 6 13 6 4">
9 4 6 1 17 7 17 6 10 12 3 9 2 13 12 14 11">
5 16 3 9 17 8 7 16 11 11 15 13 6 15 4 7 8">