15 15
9 13 7 12 6 14 8 13 7 5 5 11 2 6 11">
3 12 10 13 2 2 1 9 12 15 10 5 3 7 6">
10 12 8 5 5 7 15 13 9 1 6 8 9 10 11">
14 4 9 11 5 9 13 1 6 11 3 13 4 8 5">
11 5 8 1 12 6 7 5 15 14 12 4 10 7 3">
3 7 5 2 3 9 13 6 5 13 2 12 15 14 8">
2 4 5 2 12 14 3 15 11 12 15 3 14 11 10">
2 2 10 3 3 10 4 5 4 6 1 9 9 12 12">
13 8 12 10 6 1 8 15 3 13 7 1 11 4 5">
11 9 6 15 13 5 14 3 4 12 2 13 5 11 3">
5 5 7 11 13 1 11 4 10 10 9 2 1 2 4">
1 3 4 4 7 15 12 11 7 5 15 2 10 10 9">
7 10 15 10 8 2 1 4 1 11 13 3 12 5 13">
12 7 4 7 11 4 2 14 9 14 10 11 5 2 13">
12 11 2 8 2 4 5 9 13 10 13 1 3 9 12">