15 15
12 10 14 10 2 13 14 5 6 2 9 13 1 7 5">
1 9 12 11 1 14 10 6 3 13 12 5 5 3 14">
14 3 5 12 15 10 8 2 9 11 8 13 4 12 3">
11 8 10 5 7 7 2 10 8 3 15 2 14 13 3">
10 5 4 5 13 11 13 1 4 15 3 2 15 10 2">
4 12 8 10 14 13 6 15 13 12 5 7 7 9 1">
6 12 9 8 6 5 7 5 15 7 13 14 2 1 2">
9 13 13 8 5 14 11 3 5 8 7 14 11 6 9">
12 13 10 12 6 15 4 7 5 6 8 9 15 8 10">
5 7 6 9 3 1 11 2 12 2 14 6 9 4 15">
10 10 3 7 15 15 12 13 9 1 12 6 2 3 9">
1 14 11 11 12 9 7 10 4 7 2 9 6 8 1">
4 8 3 4 7 12 3 6 11 6 5 7 10 10 5">
7 6 15 9 4 9 14 11 3 12 10 15 13 2 12">
2 5 12 4 10 7 13 15 1 3 4 15 5 1 8">