17 17
7 8 3 12 14 9 3 16 12 15 16 8 17 13 9 11 14">
11 3 8 3 14 17 2 1 7 10 16 6 7 9 15 5 17">
8 1 12 3 4 3 1 14 4 2 12 7 15 14 17 11 11">
12 13 7 6 16 3 5 9 17 11 15 5 8 2 9 4 6">
7 14 16 8 15 1 1 4 16 3 13 5 7 3 14 12 2">
13 2 17 2 10 14 4 5 17 3 10 9 1 1 8 7 3">
5 7 17 6 10 14 15 5 14 1 10 12 2 12 13 9 17">
9 12 16 5 2 5 4 11 9 1 4 16 14 6 1 14 10">
9 1 1 4 7 11 12 12 15 16 17 10 10 8 14 2 14">
10 12 14 10 17 17 13 6 7 5 9 16 12 9 7 5 3">
15 16 1 5 6 12 2 17 4 13 14 11 6 14 2 10 9">
16 4 2 10 5 13 11 9 8 10 14 15 1 13 16 9 5">
1 8 13 16 13 8 9 1 3 4 6 6 10 5 10 14 15">
2 5 5 15 8 8 13 12 13 7 15 3 16 1 6 1 7">
16 6 3 17 11 15 7 15 12 2 8 2 16 4 1 3 1">
5 5 13 17 8 15 3 15 14 17 8 14 6 12 10 3 7">
14 2 7 11 5 10 12 7 1 9 12 9 13 3 3 6 2">