17 17
7 4 2 13 15 6 7 5 1 11 9 8 10 1 14 1 3
3 15 1 7 7 7 2 15 5 10 12 6 13 10 11 9 8
2 13 4 7 7 12 3 14 1 9 1 5 10 6 8 11 15
6 7 7 7 9 11 1 15 4 8 14 15 2 5 5 5 12
9 7 7 11 4 1 5 13 6 12 2 2 2 15 8 3 4
4 7 12 8 1 2 13 10 10 10 11 15 6 5 3 2 9
7 14 10 3 5 4 7 1 6 2 8 13 15 11 9 12 15
13 1 3 3 14 10 8 4 2 4 7 1 11 5 12 10 6
1 1 3 4 6 10 6 12 6 15 3 7 5 9 2 8 2
1 2 9 14 3 10 11 4 12 4 15 6 8 5 13 10 10
12 5 2 10 2 9 7 11 7 13 4 3 4 8 1 6 15
14 3 11 15 2 15 12 7 8 6 13 15 9 5 4 10 1
2 12 5 9 2 8 7 6 7 1 4 10 4 3 4 13 7
15 8 13 5 10 7 14 7 3 4 2 4 12 4 6 4 5
11 6 8 5 8 3 10 2 10 14 10 9 1 12 8 15 7
10 10 6 5 12 7 9 3 11 4 5 4 14 4 15 4 13
10 9 15 1 4 5 15 8 15 3 6 12 7 2 7 14 4