17 17
8 4 8 4 17 3 12 2 15 13 6 10 10 13 2 17 3">
16 3 3 11 5 6 4 10 17 8 13 12 2 16 7 14 15">
9 16 7 1 6 15 16 5 3 12 10 6 5 7 11 10 12">
3 15 17 1 10 17 16 3 6 1 9 4 5 4 14 7 13">
7 11 4 2 1 13 14 7 8 4 1 5 14 16 2 8 11">
5 8 15 15 14 10 7 2 7 4 12 4 16 14 6 11 1">
13 7 17 4 15 9 15 4 8 10 9 2 8 12 17 11 11">
17 3 1 14 6 11 6 13 11 7 4 16 17 13 15 12 14">
1 7 5 3 2 8 6 4 2 13 17 13 14 10 14 15 7">
7 10 4 17 13 15 3 17 11 7 2 15 8 2 5 6 14">
14 13 13 5 14 7 11 8 15 12 15 5 3 2 11 17 12">
14 5 12 5 7 17 2 15 14 17 8 13 4 7 3 9 2">
15 2 13 6 11 6 10 1 9 2 1 15 7 5 8 3 7">
8 12 6 2 15 3 7 1 3 5 8 17 9 14 17 2 9">
5 2 6 15 17 16 15 17 13 10 5 7 6 4 1 10 2">
4 11 7 10 2 8 5 7 1 17 11 2 12 15 16 12 8">
17 14 11 14 12 1 2 3 4 2 7 10 9 5 13 16 5">