15 15
8 1 14 10 1 3 3 13 13 8 5 5 6 6 14
6 13 13 15 7 10 5 14 11 12 1 8 3 4 2
5 4 15 7 9 9 6 8 1 6 4 15 1 5 11
9 6 3 5 9 10 8 7 12 8 5 11 12 10 11
1 15 8 9 8 4 3 15 5 11 9 13 10 14 12
15 2 5 1 12 2 1 4 4 13 15 9 10 7 10
8 1 6 3 5 12 9 9 4 15 14 15 7 6 1
9 12 11 3 3 12 7 15 10 4 4 6 2 1 2
13 3 11 5 12 2 8 6 3 4 12 5 8 11 14
14 6 15 8 4 5 6 11 13 1 10 10 9 12 5
14 11 1 12 11 8 13 8 1 12 9 14 5 5 15
15 13 1 15 2 4 14 5 9 10 14 4 12 3 12
11 14 8 1 14 15 13 12 10 7 10 3 13 12 4
10 14 2 4 11 5 9 9 15 3 13 13 5 8 6
2 3 4 10 1 13 12 10 3 7 11 7 6 4 5