15 15
13 2 8 15 8 9 11 1 12 9 10 15 5 12 1
2 15 9 13 4 7 5 5 10 13 12 2 7 1 11
9 5 15 2 7 7 1 8 4 10 12 6 10 5 1
2 8 5 4 12 9 15 15 1 10 9 13 4 14 14
7 1 5 12 13 6 1 3 2 3 5 15 9 9 4
12 5 10 15 6 2 3 15 9 12 1 14 1 15 12
5 14 9 6 5 15 14 9 13 13 8 10 12 11 12
6 2 2 13 15 4 12 15 14 4 9 12 11 7 2
15 7 11 1 1 10 8 14 5 4 3 12 14 4 9
10 15 1 6 11 5 8 6 12 15 10 3 14 8 10
15 12 15 4 1 11 14 5 2 7 2 15 9 1 15
11 6 7 3 5 10 13 15 8 10 4 9 14 14 10
12 12 8 1 9 4 6 14 15 5 1 14 3 15 2
1 10 1 5 13 13 9 4 9 3 15 8 7 2 6
13 9 3 10 1 3 4 6 6 8 4 7 1 13 13