17 17
7 3 15 7 9 4 12 14 16 11 8 14 5 17 16 6 5
10 15 4 1 6 10 15 17 7 6 14 17 13 2 12 11 12
8 16 14 8 12 14 2 4 10 12 2 15 17 4 10 15 6
3 12 17 10 4 1 5 5 1 9 2 11 3 13 10 14 16
16 4 7 17 11 9 8 12 6 12 17 2 15 4 8 1 6
10 1 10 12 13 11 7 6 12 13 16 11 3 1 4 3 17
5 15 15 3 10 17 3 13 2 13 11 16 10 14 4 12 4
1 12 16 16 8 2 11 3 2 4 10 4 12 9 5 13 5
17 7 14 6 12 17 1 7 3 8 4 13 4 10 1 16 11
12 3 11 6 14 6 17 1 1 7 13 12 10 16 17 3 11
1 4 13 16 9 10 8 7 12 17 5 17 7 1 8 9 2
11 6 3 2 13 8 13 9 6 10 4 12 5 9 14 17 3
8 10 9 7 4 12 3 8 13 9 1 10 12 5 5 4 1
2 9 6 14 5 15 13 8 4 17 7 15 16 11 3 10 12
7 8 17 17 11 13 2 11 10 8 3 7 14 10 1 2 3
9 10 3 8 7 14 17 14 3 6 17 4 4 8 6 15 1
4 9 2 9 17 1 5 5 14 15 6 14 7 12 16 8 17