17 17
14 12 16 11 3 7 17 17 11 2 2 8 6 4 9 4 12
12 14 1 9 3 15 5 3 9 5 17 6 10 10 17 2 11
7 4 10 6 4 2 11 9 17 2 6 3 15 8 16 12 3
13 9 13 5 1 10 9 1 14 11 11 2 4 14 3 3 16
6 10 9 8 13 17 3 15 7 6 2 17 7 1 10 4 4
1 4 15 6 15 14 3 8 6 9 3 1 7 10 17 10 13
16 15 7 10 11 9 7 16 2 14 15 1 3 13 12 17 17
13 8 17 8 14 9 5 6 6 10 15 10 4 9 1 11 4
7 10 7 14 1 4 15 6 5 8 13 10 5 17 1 16 8
11 12 11 3 4 16 6 14 1 3 8 4 14 1 15 7 7
8 3 4 17 8 17 7 11 13 15 13 5 5 7 2 1 6
16 8 6 7 14 1 13 14 1 3 4 4 10 3 8 16 15
8 16 11 9 9 2 14 16 5 7 6 15 2 3 6 17 3
2 7 12 11 15 6 15 17 9 11 16 13 3 2 7 3 8
2 13 12 12 6 11 4 2 8 6 4 7 17 8 5 14 17
14 17 5 7 6 12 6 2 17 10 11 16 11 14 7 8 9
15 6 9 17 2 10 9 12 10 13 17 3 11 2 4 7 11