15 15
9 9 7 8 5 11 11 10 5 14 1 10 7 14 13
14 8 12 9 7 13 1 7 11 2 15 5 10 3 15
11 14 14 4 9 12 5 13 3 4 7 3 13 5 12
12 2 15 4 8 15 8 12 3 9 14 7 6 10 14
15 14 8 13 5 2 7 7 10 10 3 9 12 3 4
11 7 13 3 2 12 9 8 10 13 10 2 11 6 12
9 1 7 3 3 5 11 11 4 12 9 6 8 15 6
10 11 3 5 7 7 3 11 13 8 9 8 9 12 2
10 11 10 14 13 9 7 3 6 5 15 9 14 4 6
4 3 13 6 11 8 4 9 7 10 3 15 5 10 11
2 12 9 10 6 10 3 9 14 3 8 12 6 7 14
2 5 2 1 3 6 9 4 12 3 14 12 15 8 9
12 1 4 5 11 1 5 15 13 8 2 2 13 14 4
6 15 10 10 2 14 8 2 1 7 5 7 3 9 8
6 12 15 14 8 3 4 10 6 7 2 10 9 8 7