15 15
5 11 15 9 14 4 5 7 6 11 8 10 1 4 12
15 14 2 1 7 11 13 9 9 12 2 15 4 12 8
8 5 9 7 15 8 6 13 12 9 5 3 15 14 1
9 7 1 13 11 6 3 8 9 3 11 4 10 13 2
4 5 8 6 8 9 7 15 4 15 3 9 11 1 11
6 2 5 5 9 4 7 10 7 14 3 8 13 3 15
13 9 14 14 10 5 15 5 8 13 11 5 8 11 6
1 7 12 2 6 7 9 11 13 8 6 14 15 6 15
10 15 6 13 8 14 11 8 14 7 12 5 6 9 1
12 12 8 8 8 3 6 1 15 6 7 4 9 11 11
5 6 4 6 1 15 2 3 8 9 12 11 1 12 3
1 8 2 5 15 1 5 3 11 15 6 9 14 6 7
13 10 7 14 2 5 3 15 11 11 14 10 6 8 5
11 11 14 15 7 3 1 12 3 6 7 2 14 10 4
4 1 11 8 6 14 11 9 14 5 4 15 12 2 8