17 17
5 15 11 8 8 3 4 6 6 2 13 3 16 1 11 5 14
9 11 4 5 6 5 3 15 3 16 10 8 10 6 7 4 9
4 8 12 8 2 10 15 1 3 15 14 13 13 7 3 11 4
3 17 16 14 3 7 1 11 4 6 2 2 17 4 13 9 15
1 4 15 15 3 3 13 9 16 1 7 6 12 3 5 11 9
4 6 1 5 17 11 4 14 9 5 2 15 3 12 2 16 12
9 9 16 7 14 12 16 2 6 11 4 15 1 10 12 15 17
10 16 7 4 4 13 6 8 15 1 16 9 3 14 3 17 17
11 11 14 6 16 12 9 1 17 3 3 1 15 13 6 12 2
1 1 12 17 12 5 12 3 10 9 10 7 5 15 4 4 6
15 2 4 10 13 16 11 5 14 16 17 6 13 14 1 8 1
7 3 9 9 8 9 12 12 7 14 6 11 16 5 6 10 16
12 13 14 1 9 8 16 10 4 4 6 12 7 16 8 14 10
17 12 17 1 1 15 15 16 9 3 8 4 6 3 14 7 10
2 17 16 9 13 15 8 11 11 7 13 12 17 10 16 9 1
5 14 15 4 9 12 17 9 10 15 16 3 8 6 7 1 7
7 7 8 3 15 17 9 6 11 4 9 4 5 8 11 12 12