17 17
6 14 4 3 12 12 8 13 7 9 13 1 4 14 15 8 7
12 14 5 1 15 11 16 8 2 17 9 8 10 2 6 7 15
13 7 17 9 10 5 4 16 9 12 12 15 2 2 1 10 17
7 12 8 7 4 14 15 6 12 10 14 10 2 6 13 13 8
14 1 12 17 9 4 7 2 9 7 5 6 14 10 10 15 13
15 13 15 8 1 17 10 5 16 11 12 13 9 17 16 5 2
16 9 7 12 9 8 11 6 15 12 11 10 6 5 13 17 1
8 4 1 16 17 9 17 8 13 7 13 9 6 15 7 1 15
2 16 17 17 7 12 6 13 3 15 5 13 4 8 5 8 10
10 5 11 14 17 3 1 15 16 5 6 15 12 3 16 2 1
12 5 5 15 6 6 13 10 3 2 15 3 7 8 9 12 8
17 12 9 10 13 4 3 1 4 10 7 5 17 8 5 11 3
8 6 10 2 4 3 12 3 6 1 15 8 13 4 17 9 5
10 9 11 7 8 6 11 3 2 6 17 2 7 10 9 5 5
9 10 1 4 15 17 17 11 13 11 8 1 5 15 7 14 4
7 15 9 13 6 14 5 17 7 16 10 9 17 1 6 4 3
14 6 15 4 10 2 6 17 8 16 16 3 1 14 3 10 17