15 15
4 4 15 3 11 7 6 12 3 10 14 6 14 9 13
13 12 4 4 14 15 15 8 1 11 2 9 11 3 1
14 7 3 9 6 15 11 14 13 9 13 11 13 10 12
6 1 8 9 10 13 12 11 15 7 13 9 11 15 8
8 10 10 7 2 4 13 15 5 9 14 1 14 11 9
12 5 4 3 6 11 12 1 5 2 15 13 8 6 2
7 15 15 11 1 4 3 2 6 8 6 4 15 14 7
7 11 14 1 9 2 14 5 3 5 4 4 6 9 11
4 14 1 15 14 13 2 6 7 1 5 10 9 7 9
10 2 5 2 13 10 9 13 8 6 12 3 9 15 4
12 11 14 12 4 10 8 13 14 8 7 13 15 2 13
11 10 1 13 13 9 8 3 1 14 6 7 6 8 2
5 4 6 1 12 1 7 11 13 15 3 3 2 4 12
5 6 8 7 10 14 11 6 10 2 12 2 3 13 1
14 13 10 2 3 7 6 10 7 5 5 12 8 1 14