15 15
2 15 2 7 7 1 13 9 15 6 1 5 6 14 3
6 14 13 12 5 4 8 12 15 2 1 3 11 6 4
13 13 2 3 6 15 7 2 9 9 15 6 7 8 14
15 2 7 12 13 12 5 11 6 4 3 5 14 11 8
15 5 4 11 3 4 10 14 11 7 7 10 3 15 5
8 1 3 11 12 6 4 9 7 5 14 11 2 10 9
4 8 15 1 2 10 13 6 14 15 2 10 8 5 13
4 12 4 6 2 8 14 11 11 13 14 7 5 8 15
2 4 10 3 6 7 7 4 1 15 12 15 1 3 10
5 3 11 9 4 2 4 7 1 14 5 13 15 12 10
6 6 15 7 4 13 3 7 12 11 15 4 3 11 13
9 8 5 14 14 11 11 12 12 10 7 6 4 5 6
9 11 14 13 15 15 10 1 2 13 9 14 6 4 7
13 10 14 9 8 7 11 8 9 1 5 7 3 6 3
5 4 11 14 1 12 12 8 6 11 6 15 14 2 5