17 17
16 14 4 4 3 7 5 7 9 15 9 12 5 16 10 13 13
4 1 9 5 12 3 16 6 6 11 14 9 13 16 2 7 8
8 17 15 7 4 5 11 3 11 4 13 8 1 2 6 3 14
3 12 17 5 14 6 8 5 3 1 9 6 12 9 16 2 17
8 10 6 9 10 14 17 1 15 15 17 7 9 3 12 16 2
12 13 11 6 16 6 14 8 1 13 4 1 3 5 14 9 8
2 8 13 16 16 15 1 8 14 7 7 9 10 10 9 5 11
14 17 1 7 10 3 2 15 8 6 15 5 17 9 13 9 7
11 11 10 12 7 8 7 10 1 12 6 2 16 14 9 13 16
11 13 9 14 8 7 10 16 15 8 1 4 5 7 3 15 11
3 2 4 4 1 14 13 2 16 3 15 6 10 10 9 14 3
6 12 16 1 15 2 17 7 5 4 8 16 14 11 1 3 15
15 4 8 10 2 8 6 14 7 14 5 17 9 5 11 4 1
16 4 8 3 11 9 1 17 13 12 12 13 2 1 9 8 13
8 15 14 6 9 7 3 2 11 7 6 16 4 9 8 11 5
13 9 3 5 5 10 11 6 6 2 16 15 2 8 14 1 14
11 5 3 1 8 5 7 14 3 8 11 13 16 7 17 6 15