17 17
1 7 7 3 2 11 5 8 1 8 6 5 11 14 14 2 3
6 11 16 10 1 7 13 8 3 17 15 4 2 8 4 5 12
10 17 13 10 6 3 9 1 14 3 17 9 4 4 11 13 7
4 2 13 14 13 3 17 10 11 12 7 12 8 11 9 9 3
1 5 9 13 8 5 8 6 10 11 14 12 9 15 2 2 6
6 12 7 12 10 4 5 14 10 13 9 4 6 9 7 8 5
15 14 8 11 8 6 10 3 13 13 4 11 16 12 5 12 9
4 16 12 1 13 2 2 15 1 14 13 11 17 4 11 10 12
7 2 10 3 14 4 3 2 6 6 9 16 12 13 13 11 5
9 17 10 5 2 13 14 11 8 10 12 8 11 1 6 5 13
13 15 11 12 4 13 4 6 9 12 10 7 15 3 1 1 7
17 11 1 4 7 8 3 12 17 6 11 1 9 14 14 3 15
3 13 6 17 4 14 1 11 17 10 2 8 15 10 9 14 6
10 9 16 17 16 15 17 5 9 8 1 5 10 6 6 13 11
8 5 17 9 14 14 11 5 12 3 7 10 10 13 7 17 2
3 3 11 6 11 9 9 13 13 7 8 15 5 15 1 17 12
13 6 8 15 6 9 2 13 11 4 8 1 7 12 2 16 14