15 15
3 14 7 14 11 1 2 5 4 1 8 8 13 11 4
9 11 11 3 3 4 7 2 12 13 13 14 8 6 10
15 14 6 4 5 4 1 3 6 7 3 8 14 12 8
5 15 11 9 6 14 1 15 3 13 6 13 12 1 8
15 15 1 14 4 3 9 9 7 14 2 5 5 2 4
13 5 2 1 4 15 8 7 6 12 12 3 11 4 14
6 4 4 3 14 2 8 11 12 8 14 12 5 2 3
4 4 12 10 11 9 3 6 13 6 15 1 13 11 1
4 1 9 10 6 10 13 13 8 8 7 4 3 14 12
14 1 10 5 14 8 11 12 13 2 1 4 8 13 12
10 8 15 12 3 1 12 9 4 2 14 10 2 5 15
3 9 14 4 13 11 12 13 11 4 3 10 15 8 15
8 10 3 15 12 11 14 6 14 12 6 13 15 7 9
11 12 10 11 7 6 5 4 15 7 2 12 14 10 14
11 2 15 9 12 6 13 15 14 9 5 6 12 3 1