15 15
15 10 6 7 3 14 15 2 14 1 6 3 13 5 5
4 7 13 5 8 15 3 10 1 13 11 8 6 6 4
13 8 7 15 8 11 9 1 13 6 12 6 11 14 14
7 3 5 11 4 6 12 12 2 9 3 15 1 8 11
3 11 4 8 14 11 3 5 9 8 7 14 1 1 7
10 6 14 5 5 4 10 11 6 2 15 3 4 7 1
9 4 14 13 12 7 12 8 14 6 1 13 6 9 3
4 9 9 11 7 5 1 13 2 7 8 10 2 12 12
1 9 5 2 7 12 11 4 11 8 12 13 8 14 5
15 2 6 4 11 4 15 13 12 13 5 12 7 9 2
10 2 11 12 1 8 1 7 6 7 9 5 3 15 2
11 12 1 2 14 12 13 6 9 15 2 15 9 13 8
9 8 1 6 12 1 6 9 15 3 8 12 3 11 11
5 1 8 4 2 9 11 7 7 3 3 6 14 13 12
7 11 13 1 1 3 9 12 13 5 14 8 8 11 7