17 17
7 9 7 3 9 15 14 5 2 13 6 8 5 2 6 12 10
15 9 8 2 5 13 9 1 1 3 8 17 7 11 4 13 7
10 3 13 17 5 11 8 13 9 16 9 1 5 8 7 4 4
1 13 11 10 15 8 2 16 16 6 15 7 7 14 14 3 9
6 6 14 10 4 8 12 15 4 10 2 2 13 8 5 1 12
12 2 10 15 13 16 13 11 5 7 17 12 8 6 6 11 7
8 1 17 6 6 12 10 10 15 2 3 9 17 3 8 4 14
9 8 13 13 1 10 16 3 1 11 8 6 10 5 14 17 9
2 16 9 7 3 5 17 6 13 15 6 3 1 17 16 8 12
10 4 9 12 3 3 13 10 15 17 15 1 6 17 9 12 1
13 2 3 8 6 17 16 16 9 7 11 10 9 15 2 11 8
7 5 4 16 1 1 17 8 16 14 13 11 3 9 2 2 14
3 6 4 14 8 4 12 12 2 5 11 8 10 11 16 5 3
5 5 16 13 9 9 7 1 17 8 3 4 17 6 4 10 8
3 17 3 11 8 13 10 9 17 5 1 15 15 10 8 16 2
15 8 17 1 10 3 5 2 7 14 14 15 9 13 11 1 13
12 10 8 8 4 9 6 3 4 1 14 2 13 13 3 14 10