17 17
1 2 6 3 11 4 12 9 14 13 3 7 10 9 7 5 8
1 2 5 10 12 2 11 14 13 9 1 4 8 5 3 6 7
5 6 4 12 2 8 13 4 10 2 9 5 7 1 4 3 2
15 5 12 11 9 1 14 8 5 10 7 6 3 3 2 4 4
4 9 4 7 3 10 15 3 8 11 6 2 5 5 2 1 1
11 8 14 16 15 13 9 12 7 3 10 1 6 4 5 2 3
3 1 3 5 3 7 10 2 9 12 4 8 1 13 11 6 2
6 4 11 4 14 1 17 13 8 16 5 4 2 1 7 3 15
13 15 9 1 4 3 6 14 16 8 2 17 11 12 5 7 10
9 8 2 6 1 10 7 5 11 3 6 13 12 4 14 15 8
4 7 10 3 5 2 1 6 14 15 8 12 4 11 6 8 9
2 5 7 9 10 11 9 1 3 14 15 9 13 6 8 2 12
2 3 7 8 10 11 8 1 13 6 1 14 10 15 12 9 5
7 8 9 11 4 1 3 2 12 5 13 10 14 7 15 3 6
14 11 13 15 6 5 4 7 2 8 8 3 9 2 1 10 16
12 12 17 10 8 11 16 8 5 4 4 7 15 2 1 6 13
10 10 1 14 9 6 2 17 4 7 3 15 16 8 13 12 11