17 17
9 2 11 7 1 10 2 9 5 11 6 11 12 5 15 12 7
5 17 2 13 1 9 10 14 12 8 1 14 3 16 2 15 11
4 4 9 2 14 12 7 12 8 16 15 8 1 7 13 6 7
9 17 15 16 12 3 13 1 4 7 1 2 14 14 3 17 5
12 8 11 15 17 7 10 11 5 2 5 17 10 13 3 4 12
5 14 5 15 15 12 2 8 17 11 17 8 9 12 4 10 6
2 4 10 5 11 8 5 15 3 6 11 10 6 4 17 14 12
16 11 17 13 8 14 3 5 1 15 12 13 3 6 14 2 1
17 12 6 1 5 9 11 12 15 4 9 10 17 7 6 15 2
4 9 3 6 13 6 1 8 2 3 10 9 15 15 1 12 2
1 10 2 9 10 15 15 14 9 16 5 6 8 12 5 7 4
15 10 8 14 9 1 5 2 6 12 4 15 15 2 5 14 6
10 16 6 4 3 15 13 17 9 6 3 12 7 9 16 10 13
6 16 13 8 11 2 17 9 1 10 14 9 17 8 14 3 15
17 15 4 6 3 10 4 2 15 9 17 1 14 16 12 9 8
15 1 4 14 6 11 12 10 13 3 11 7 12 9 8 5 17
3 1 12 16 17 5 1 15 16 10 14 5 2 15 5 9 1