15 15
5 2 8 4 14 5 9 1 12 8 2 11 7 11 10
1 1 2 10 7 9 4 11 9 3 4 6 7 14 13
8 11 7 15 6 8 15 1 5 13 2 6 13 1 5
1 8 14 6 7 15 8 7 9 12 11 13 2 9 3
9 12 8 3 2 1 2 14 8 7 1 10 3 11 15
4 8 10 15 4 14 14 8 3 1 13 12 9 1 12
7 4 15 11 6 5 2 3 11 6 5 12 12 15 8
5 14 15 1 9 15 11 14 2 3 3 4 1 5 2
14 15 10 1 8 11 10 9 6 13 11 7 14 2 5
15 5 5 9 2 2 11 10 1 4 1 10 14 13 11
8 3 1 13 15 1 7 13 8 15 14 9 9 12 3
3 13 9 13 11 14 8 4 5 15 5 11 6 8 2
2 5 11 3 3 6 1 8 11 14 14 15 12 10 10
7 13 12 7 10 2 4 10 1 5 8 2 1 9 14
4 9 11 11 3 8 6 5 2 2 8 14 15 7 14