15 15
13 12 8 14 5 6 11 8 5 2 10 6 10 4 9
7 8 4 15 9 8 12 14 3 9 3 12 2 4 13
8 4 14 2 13 9 14 15 9 1 11 11 7 5 3
3 3 15 8 2 1 13 15 5 4 5 9 9 2 4
14 6 9 14 2 4 1 11 13 3 7 3 10 1 8
15 15 13 6 3 12 10 11 4 11 2 2 12 10 1
15 3 11 2 15 7 9 6 1 11 14 2 6 12 3
6 6 14 3 3 5 13 2 14 12 2 1 11 13 15
2 14 15 10 9 2 12 13 11 15 8 14 1 9 4
9 9 2 1 5 6 8 2 10 15 5 4 13 15 10
5 14 6 6 14 2 1 12 15 8 3 11 15 10 7
9 15 4 4 15 11 10 5 11 13 13 14 6 5 10
7 8 5 7 12 4 3 1 14 1 4 12 15 9 2
10 11 8 5 1 12 7 4 1 3 13 15 9 15 6
1 9 10 10 4 1 6 4 9 14 15 3 5 3 15