17 17
4 12 16 2 3 14 15 17 2 7 1 5 7 15 9 1 9
15 7 17 16 5 5 12 11 9 3 15 17 8 13 4 14 8
9 11 3 7 5 2 13 10 8 15 7 16 4 4 13 16 15
14 17 11 8 1 16 1 7 5 5 3 10 11 6 3 10 14
15 3 9 13 17 13 4 8 7 14 8 17 10 7 1 11 1
8 2 7 11 14 15 13 5 16 12 14 12 5 1 7 13 8
10 4 6 12 4 13 9 16 12 9 15 8 5 5 15 17 7
14 15 5 4 1 2 8 13 9 12 16 15 7 9 10 14 2
12 5 14 1 12 17 5 16 2 9 9 7 15 15 16 10 10
8 6 6 15 14 14 9 2 1 10 16 16 17 3 1 13 11
3 5 11 3 12 8 7 9 1 15 1 12 16 9 17 11 10
11 8 9 5 7 10 4 3 14 3 6 1 12 4 9 7 12
11 14 17 8 7 16 10 8 7 16 14 11 2 2 10 12 13
7 4 1 17 16 12 2 11 6 13 3 7 14 13 11 12 1
3 9 7 12 17 4 7 1 6 11 9 6 2 17 5 15 2
13 7 1 13 6 4 11 14 5 8 17 15 17 7 14 4 12
7 10 12 7 2 9 15 14 3 10 11 5 1 5 14 4 4