17 17
16 14 6 10 15 17 2 1 4 15 3 12 12 17 14 10 13
5 10 15 17 13 10 16 11 11 9 16 7 4 2 12 8 2
14 17 14 13 5 11 13 7 1 3 7 15 17 11 6 6 9
15 7 12 11 9 3 14 4 8 2 12 5 1 15 6 14 2
16 13 16 3 10 2 7 3 7 6 15 15 2 12 12 11 13
14 17 2 15 3 11 16 5 3 11 8 10 17 2 16 1 4
17 11 8 11 7 16 1 15 15 12 9 4 16 3 9 5 17
6 10 2 3 8 1 4 9 16 15 17 9 14 5 2 17 11
5 6 1 5 7 4 4 9 13 6 2 8 2 7 16 16 9
11 14 10 13 17 13 6 8 1 4 1 16 12 15 9 4 14
1 9 14 10 16 14 5 5 15 9 11 12 16 6 7 12 7
10 11 12 17 16 14 11 14 7 17 2 2 9 12 13 3 10
12 5 11 9 1 17 5 6 2 17 4 7 7 16 14 15 15
7 16 16 6 4 4 14 13 13 2 10 11 6 8 2 7 17
13 2 9 4 15 2 3 1 17 11 3 14 6 1 7 15 7
8 2 3 6 14 13 7 7 11 4 17 6 5 17 15 4 10
7 16 17 12 3 3 15 2 2 13 16 9 11 14 13 9 14