15 15
9 4 2 4 1 10 8 14 8 3 1 7 3 14 7
8 12 10 5 7 1 6 15 3 9 3 14 11 2 13
11 15 6 6 8 14 4 8 9 9 7 3 15 11 14
4 14 6 2 1 13 13 7 5 12 11 2 6 15 7
15 8 13 12 10 2 12 15 1 6 13 5 1 8 4
9 9 7 6 12 2 3 8 15 12 4 2 14 8 5
10 4 2 9 14 6 8 7 7 14 11 13 2 11 6
5 14 8 1 13 3 7 4 8 3 12 15 13 14 6
15 10 10 7 12 5 15 4 14 6 13 6 12 4 5
6 8 15 12 14 15 13 2 3 1 5 6 4 9 9
10 15 1 3 7 4 10 9 2 1 6 9 3 7 12
2 11 15 15 4 3 7 9 12 7 10 13 13 6 2
3 12 12 11 6 5 14 5 9 4 4 7 1 9 15
7 5 8 10 6 14 2 5 6 13 8 4 12 12 14
5 7 4 3 9 15 6 6 13 4 14 9 5 3 2