15 15
2 5 6 10 12 6 9 9 15 7 10 3 5 4 13
4 7 14 3 1 8 6 2 6 2 4 9 1 11 3
11 12 5 6 7 11 1 4 9 13 1 4 8 12 5
8 11 13 14 13 4 15 9 5 3 11 3 5 12 6
15 10 5 12 13 2 2 15 4 4 14 7 6 13 12
14 12 3 12 14 10 6 13 6 5 4 1 4 2 1
1 8 15 8 3 11 3 5 2 4 10 12 2 6 14
5 14 11 8 4 15 2 5 3 6 3 14 15 4 1
8 4 15 15 6 5 7 3 3 14 1 8 11 9 2
4 15 6 2 4 9 8 6 14 12 2 10 8 5 15
10 7 4 3 2 15 10 7 15 11 12 12 13 2 3
11 11 12 4 3 14 10 8 5 5 3 13 2 7 15
3 14 11 13 1 12 1 6 10 10 2 11 7 7 4
14 2 8 4 14 9 3 4 10 9 11 15 15 13 11
15 3 14 11 8 13 15 14 2 2 5 13 10 1 5