17 17
8 2 1 12 12 17 4 16 7 2 8 4 5 5 14 14 10
11 7 17 14 17 2 4 12 10 7 13 4 5 8 8 12 6
2 7 12 13 16 3 15 13 1 10 6 15 8 17 2 14 3
16 5 5 10 16 15 1 14 2 6 11 2 15 8 11 9 7
12 3 6 16 13 15 8 16 11 17 17 6 2 2 1 15 11
8 14 11 12 4 9 7 2 17 15 1 11 16 4 10 15 14
4 12 2 8 17 16 7 3 12 4 11 7 16 15 11 10 2
15 4 13 7 10 6 17 11 6 15 3 7 14 11 2 8 2
14 2 7 17 6 8 15 5 11 17 2 12 10 11 4 12 16
10 15 6 4 6 1 16 12 13 16 2 9 12 10 1 2 8
6 13 16 13 8 5 2 14 14 4 4 10 3 7 12 6 15
4 13 2 2 7 11 12 17 3 1 17 8 8 3 4 6 11
6 5 13 17 12 6 11 5 16 2 9 2 4 13 3 4 12
17 15 15 1 9 3 14 4 2 7 7 11 12 16 5 16 3
10 14 3 9 7 4 2 7 1 12 15 1 15 2 5 5 14
15 8 7 2 4 11 16 6 3 14 10 10 7 4 15 1 13
13 11 8 10 2 4 10 13 12 16 15 5 17 16 12 4 8