17 17
1 7 6 15 6 14 16 9 11 13 16 9 3 4 1 3 10
1 8 12 11 16 3 14 7 15 10 10 14 2 12 11 6 6
9 1 15 1 9 6 4 14 16 3 13 3 8 2 8 7 16
9 16 7 10 15 9 16 6 12 12 8 2 6 14 7 14 11
5 15 13 3 6 17 2 2 10 14 13 3 12 9 8 16 9
7 9 2 3 17 14 14 4 6 7 11 5 12 10 12 3 1
7 4 8 7 1 10 17 15 2 16 10 8 17 15 9 2 9
4 4 17 12 16 16 7 8 2 11 6 13 15 15 14 1 8
6 12 3 9 13 6 5 8 10 2 1 1 3 17 17 10 8
14 14 3 8 17 2 6 7 16 7 5 2 13 11 17 6 12
3 15 7 14 11 12 17 16 6 8 1 6 10 12 16 15 2
11 1 8 6 3 7 10 15 5 6 12 12 8 9 15 17 11
3 17 5 11 11 13 10 10 12 9 4 16 15 13 6 12 3
15 6 4 12 9 1 8 17 3 12 16 14 11 13 1 14 16
6 2 14 17 3 15 7 3 15 10 14 7 1 2 13 1 6
14 10 10 6 8 13 11 2 13 2 12 6 7 3 16 4 15
11 11 10 7 7 12 5 9 3 5 14 4 6 4 3 8 12