15 15
12 3 8 7 12 6 15 11 4 8 14 5 9 14 11
5 6 6 2 3 9 10 11 8 13 12 8 2 7 9
12 6 9 11 1 13 13 2 15 12 11 7 7 15 4
2 15 7 8 9 14 12 13 1 13 11 9 7 3 11
6 2 12 9 9 11 4 15 2 8 14 3 11 6 14
3 12 8 5 11 8 13 6 3 14 4 13 10 6 7
4 5 13 12 6 9 2 3 5 7 13 11 6 4 1
7 7 14 4 4 10 9 9 6 2 1 6 5 11 2
4 14 10 2 7 2 1 12 7 4 6 13 10 5 6
1 1 7 9 4 4 10 6 2 14 10 8 15 14 7
13 7 1 1 15 3 9 5 5 11 9 14 13 10 2
15 13 14 1 8 12 1 7 8 10 9 7 14 2 9
7 9 11 4 11 2 8 5 7 15 13 6 15 12 3
3 10 2 7 12 11 7 12 15 10 6 3 4 2 8
13 1 9 3 6 6 11 8 1 9 2 10 13 4 4