15 15
15 4 12 9 3 5 9 5 11 15 3 5 1 8 7
3 6 2 4 12 5 15 13 15 7 1 13 6 11 11
7 8 1 3 2 3 9 12 15 12 13 4 9 1 11
12 5 15 15 6 13 3 2 5 13 4 9 4 10 1
7 3 13 9 14 14 8 11 8 2 12 15 7 5 6
13 15 7 14 11 10 8 5 11 14 4 15 12 5 9
11 6 3 2 1 8 11 15 13 12 8 14 15 3 6
8 14 5 3 7 15 7 6 14 10 5 13 12 4 12
1 7 3 6 4 13 13 15 6 1 11 14 5 14 8
11 1 12 6 11 8 13 9 7 4 6 12 5 7 13
1 9 6 14 13 14 4 6 2 8 5 11 10 11 15
10 2 14 3 7 1 4 8 7 6 6 3 4 15 5
1 12 15 8 14 10 5 1 4 11 7 10 14 9 15
15 2 2 7 15 9 5 10 5 10 6 1 14 13 4
14 12 8 5 15 12 6 10 10 9 3 5 13 1 1