17 17
15 13 7 5 10 3 7 4 6 10 2 1 2 4 6 15 16
14 3 7 9 1 9 2 10 10 4 8 6 4 13 11 5 13
11 14 6 4 15 11 16 16 17 7 9 1 1 5 7 6 10
10 5 13 3 13 5 16 2 8 2 4 7 10 6 16 6 15
8 7 17 11 2 13 14 2 4 1 6 17 16 9 16 11 9
15 15 16 7 16 1 8 9 6 2 11 13 7 11 10 12 6
7 6 2 17 17 9 12 10 15 15 10 16 7 16 4 13 12
9 11 4 8 2 17 13 15 5 16 1 10 15 12 2 14 3
4 16 17 17 11 7 15 11 7 9 5 8 4 15 5 16 1
11 3 15 9 8 7 13 5 5 3 16 7 17 14 11 9 13
4 10 5 16 13 6 1 3 11 8 8 15 17 17 6 7 15
8 12 13 15 17 16 7 11 13 1 2 17 8 11 1 2 7
1 17 8 5 12 14 9 9 10 6 5 6 15 16 4 2 4
6 2 12 2 16 10 11 4 4 11 6 9 13 13 7 12 14
1 15 8 1 11 8 6 17 12 4 11 2 2 7 14 4 9
7 2 6 12 10 17 11 15 1 17 7 5 14 15 1 16 16
6 5 5 11 12 6 3 16 17 15 7 16 10 7 17 8 12