17 17
7 1 9 12 14 10 3 14 5 2 15 2 6 9 13 4 12
7 8 13 2 10 14 7 14 1 12 6 10 2 13 5 5 17
8 10 2 7 14 14 11 9 13 6 5 3 10 6 3 15 11
11 2 5 1 8 6 14 8 11 15 1 13 4 16 9 9 5
10 4 6 3 6 5 14 8 12 10 16 11 11 4 5 1 14
1 5 6 14 6 1 8 9 9 13 5 4 16 17 3 17 14
14 10 3 8 3 9 15 6 16 15 2 5 10 5 7 12 4
11 7 3 4 16 9 9 11 2 14 10 1 3 16 12 7 6
13 5 9 2 1 17 10 11 11 3 2 5 15 1 15 16 12
3 4 13 16 5 13 1 6 17 9 8 6 1 14 11 16 10
16 14 5 11 15 17 4 10 8 16 13 8 1 17 7 7 4
2 11 14 13 5 4 17 15 14 6 6 15 2 12 10 5 1
15 17 4 13 1 2 11 17 4 8 9 6 14 13 14 6 2
6 12 14 9 7 3 6 1 4 14 17 10 13 9 15 8 7
10 16 1 17 7 1 2 17 15 10 11 7 6 3 6 15 9
16 17 10 6 3 2 12 15 8 12 1 1 11 3 4 9 13
3 9 1 17 17 6 6 1 3 2 15 16 5 15 14 15 7