15 15
12 15 8 13 9 1 6 7 14 4 11 4 12 9 11
15 11 15 7 13 8 5 7 8 10 10 12 2 14 14
8 6 13 13 4 2 7 3 5 8 2 9 12 5 12
3 12 7 11 7 4 10 5 9 6 2 14 5 14 3
14 7 12 12 1 5 8 10 13 5 13 2 10 7 3
14 10 11 6 3 5 2 8 2 9 10 14 13 8 1
11 10 2 5 11 7 9 6 1 1 3 9 14 8 10
8 14 15 7 7 12 11 2 1 13 12 10 3 11 1
3 1 12 10 2 4 13 8 3 7 4 8 13 12 7
4 3 10 3 11 13 14 5 8 7 8 10 1 15 13
1 6 6 14 9 1 11 14 10 11 7 15 7 13 5
9 13 9 12 5 8 7 14 5 10 13 4 7 11 11
1 8 9 10 5 14 3 1 7 9 12 8 10 6 13
12 7 14 3 8 15 1 12 13 2 9 5 6 9 4
13 11 1 14 14 13 2 12 3 11 9 7 9 3 12