15 15
8 11 7 14 9 4 1 6 6 3 7 9 3 2 12
7 2 7 1 8 3 10 13 9 4 11 10 11 15 2
14 3 8 8 5 5 6 7 9 9 15 13 11 11 4
11 11 6 2 4 5 3 2 5 9 14 7 9 3 7
1 8 11 5 12 12 8 14 1 2 4 11 4 7 6
9 1 13 11 7 11 8 10 14 13 2 4 4 10 9
14 4 8 9 11 14 2 11 7 12 3 2 1 6 10
7 9 3 7 5 10 2 12 13 13 5 2 6 10 9
12 15 2 10 8 13 11 12 4 7 5 6 2 9 8
11 10 9 7 11 2 9 8 13 3 4 13 2 3 10
2 8 9 6 4 15 11 4 14 11 2 14 8 6 13
13 5 15 8 12 2 10 11 6 8 11 1 10 4 14
13 12 11 13 7 9 12 10 5 14 14 7 3 5 9
1 6 6 11 9 7 12 15 8 5 13 9 10 14 2
12 9 12 4 5 1 1 2 4 15 13 8 5 13 8