17 17
8 17 11 1 1 2 15 6 7 7 13 17 15 10 9 10 2
17 7 9 17 8 10 13 14 3 5 14 1 16 16 7 6 12
7 6 8 4 10 9 15 1 4 8 12 10 14 9 5 13 15
8 1 5 17 13 8 11 15 4 12 12 3 15 13 3 7 11
9 6 14 2 3 4 5 14 15 17 1 6 11 3 7 2 11
11 15 5 10 2 7 4 8 1 10 5 4 7 3 13 8 2
2 1 6 12 1 11 17 6 13 15 10 7 8 16 3 16 5
15 11 2 10 13 7 9 5 7 14 17 10 9 4 5 17 4
12 4 11 11 5 15 9 12 6 3 6 1 16 17 2 1 9
14 11 10 5 3 3 11 12 17 1 13 12 9 17 8 10 13
13 16 4 13 2 9 12 10 10 6 14 15 8 8 14 3 16
12 17 4 13 9 15 14 8 5 11 5 16 1 10 15 8 4
3 4 8 3 7 5 17 2 5 10 11 7 4 11 16 16 17
13 13 15 3 12 10 16 11 10 2 8 9 1 1 9 5 7
1 13 12 2 6 17 10 2 6 1 3 17 13 11 14 3 15
4 5 3 4 6 13 13 17 15 16 15 14 7 7 1 11 5
5 15 1 14 5 12 4 9 8 7 17 12 6 7 1 15 16