17 17
4 9 10 2 3 8 17 9 12 13 14 12 7 17 5 15 7
8 13 9 15 8 11 7 6 10 3 6 16 8 2 12 14 5
14 9 7 10 12 6 8 13 16 11 15 17 10 17 1 4 11
13 17 10 3 10 1 12 14 13 11 5 9 2 6 8 4 15
16 5 6 11 7 4 8 8 1 11 13 16 9 12 10 4 3
1 16 14 6 17 10 9 2 7 12 15 15 11 5 13 3 9
5 16 10 10 17 7 13 11 7 8 4 9 15 14 6 12 9
8 15 13 11 11 12 4 7 9 7 8 5 14 8 6 17 9
5 1 1 7 15 4 13 12 13 10 8 8 3 16 6 11 17
3 8 4 2 5 14 10 15 15 15 7 12 1 8 17 16 16
11 10 5 12 7 15 5 3 4 14 6 13 6 7 7 8 16
16 2 12 14 8 15 15 15 3 7 17 1 5 2 7 13 16
15 6 9 8 4 2 3 17 13 5 3 14 13 12 7 9 1
12 14 3 4 9 14 1 5 13 9 2 14 11 11 15 7 10
17 3 15 2 6 4 5 10 3 1 11 14 16 9 13 7 13
9 16 13 1 11 3 14 8 6 4 8 11 7 10 2 7 12
4 4 5 7 11 16 9 1 12 15 12 6 2 2 9 10 12