17 17
2 6 8 15 4 1 13 13 11 6 12 4 14 14 2 8 11
4 6 7 17 9 6 8 11 10 1 3 17 12 8 5 2 15
5 8 15 11 12 9 2 7 3 14 17 3 12 11 1 2 4
6 7 14 6 10 10 4 12 9 12 2 5 3 13 3 5 11
14 5 3 4 15 7 10 15 12 13 4 8 3 5 2 7 1
6 9 10 8 5 13 2 14 15 10 1 8 15 2 5 7 12
2 13 2 13 11 4 17 16 3 12 9 5 17 9 6 5 7
9 11 13 12 4 2 5 17 7 15 6 2 16 7 16 3 13
4 12 10 4 7 11 7 12 16 8 16 15 9 10 3 6 3
16 10 8 8 17 2 13 9 1 1 13 3 4 6 4 10 3
12 17 7 14 16 4 1 15 2 2 10 7 9 4 9 12 8
11 1 13 3 11 5 4 8 7 13 9 15 1 9 4 15 7
13 10 12 7 6 16 8 5 15 4 7 11 17 3 6 1 9
7 13 11 10 17 17 12 4 14 14 16 2 6 6 13 4 2
13 1 17 11 7 6 9 13 11 6 12 12 1 10 8 10 17
8 5 17 13 1 12 14 4 2 3 11 6 14 5 7 9 8
14 4 12 7 16 10 14 8 13 4 8 17 6 1 16 12 6