15 15
2 11 5 13 15 5 1 9 2 13 11 9 7 6 15
5 3 12 8 1 15 7 11 4 10 14 9 9 10 2
3 1 9 6 14 15 6 3 13 8 11 2 11 15 13
14 13 10 4 13 11 3 3 11 9 12 1 14 8 7
3 14 4 13 9 14 10 1 12 3 5 4 6 5 12
10 13 11 2 12 5 14 10 9 7 8 7 11 12 6
1 11 12 7 12 4 8 5 7 2 10 5 9 4 10
7 15 15 11 4 3 13 13 2 5 2 6 4 7 1
7 10 8 1 7 11 4 14 11 14 2 5 4 13 8
11 7 8 9 11 4 15 15 5 10 3 7 14 9 13
13 14 14 8 8 3 11 15 7 12 6 10 3 9 12
10 15 14 10 4 7 11 8 6 14 7 11 8 3 6
9 4 13 6 7 14 12 10 1 3 7 3 8 12 15
15 3 4 14 11 12 3 5 8 12 5 10 1 7 10
4 5 10 15 9 12 9 13 13 7 8 8 10 4 14