15 15
8 1 11 15 7 10 3 5 3 10 4 15 14 11 4
13 13 14 14 4 5 10 12 11 11 2 3 10 12 7
2 12 12 6 8 15 5 14 9 3 14 10 8 7 1
9 7 8 7 14 3 10 6 10 4 9 13 1 3 1
1 8 13 14 8 13 7 11 1 2 9 14 6 7 3
7 10 11 3 1 1 6 6 10 3 5 12 12 2 8
11 6 13 13 3 7 7 14 4 5 3 15 9 1 14
13 3 3 10 13 11 9 11 6 4 12 4 9 8 15
6 15 4 3 2 1 11 8 14 13 3 12 12 9 15
12 10 4 11 1 9 15 1 9 15 14 14 10 4 12
10 12 6 2 13 3 14 1 15 12 1 8 11 9 9
11 4 1 13 14 6 6 3 8 12 11 4 7 15 14
1 5 14 4 9 5 15 3 12 6 1 11 3 14 9
10 3 5 7 11 10 1 9 2 5 13 6 6 12 4
12 2 8 9 3 14 4 9 3 11 4 1 8 11 5