17 17
15 9 5 6 10 7 13 1 16 8 17 2 14 4 7 12 14
13 13 13 11 1 16 12 10 4 16 9 5 6 6 17 2 16
13 2 2 5 17 7 16 4 8 1 11 11 3 6 14 5 15
9 6 4 1 11 9 17 4 14 7 2 9 12 6 3 5 8
16 5 9 3 14 11 5 6 13 2 8 12 10 1 4 5 17
17 12 13 16 2 7 14 1 13 11 7 7 8 5 11 15 6
5 13 11 8 15 3 8 2 13 10 1 7 17 7 12 15 9
15 5 6 9 8 5 10 15 17 2 13 14 1 7 9 3 10
1 3 4 14 6 5 4 9 10 13 8 17 16 7 2 7 12
2 9 13 7 3 4 8 11 7 15 5 5 4 10 7 9 4
9 2 10 8 3 9 3 5 7 10 12 1 14 13 1 6 4
7 14 6 1 10 2 15 16 7 12 10 9 5 12 8 17 4
7 4 3 17 1 12 2 7 5 10 6 8 10 12 13 9 16
12 7 16 15 3 10 6 17 11 14 11 7 1 12 5 16 3
11 15 17 9 16 9 12 17 1 6 4 13 15 3 16 14 7
10 10 12 10 14 13 4 3 8 6 5 7 2 9 16 2 11
8 1 3 13 7 4 9 4 12 6 15 3 14 11 16 10 2