17 17
5 15 16 9 5 14 8 8 4 9 2 6 14 11 12 17 1
6 5 15 3 17 17 13 1 11 7 13 11 9 14 1 5 15
9 5 7 11 14 3 6 13 13 1 4 1 7 5 14 9 8
14 13 8 3 1 4 13 3 15 2 7 17 4 12 6 9 7
8 3 12 17 17 7 3 4 5 4 10 13 6 13 11 1 8
10 10 7 8 14 5 2 8 2 9 9 5 11 1 3 13 13
7 2 13 8 12 7 9 12 6 16 14 3 6 10 4 13 15
16 4 6 13 1 12 14 4 10 1 6 2 5 8 16 7 3
2 1 17 12 13 2 12 11 8 14 3 4 1 5 8 6 17
17 2 4 5 6 1 6 16 11 7 12 15 14 3 7 3 2
6 17 8 2 3 6 1 1 7 10 12 12 2 15 13 8 3
15 9 11 4 4 2 9 6 6 5 13 11 1 3 5 12 17
5 9 13 11 4 9 11 10 3 8 6 14 5 17 15 10 16
15 14 4 9 7 13 7 14 8 11 15 8 4 1 1 11 13
10 4 3 6 7 9 2 14 2 11 16 5 8 13 13 16 9
8 3 3 12 10 17 12 13 1 15 16 8 2 7 5 16 6
1 6 2 14 6 8 15 12 13 3 7 12 13 15 16 10 2