15 15
7 5 10 15 1 5 13 7 8 1 2 10 15 8 14
6 8 4 7 9 14 15 13 10 11 3 14 12 1 5
3 14 9 11 7 12 7 6 1 12 6 1 10 9 15
2 5 15 6 13 1 7 6 12 14 4 7 15 2 14
8 2 7 10 4 12 6 3 1 1 12 9 14 10 9
7 13 6 6 8 3 5 13 11 2 1 4 2 10 7
15 11 2 13 13 10 14 1 6 7 14 12 2 3 7
14 11 3 2 12 15 13 7 9 7 13 3 5 11 2
3 3 9 5 8 4 10 10 7 6 14 8 12 12 1
13 7 4 14 10 6 10 11 15 2 13 3 4 8 15
12 3 8 7 7 5 11 5 12 13 10 4 3 4 6
6 12 6 9 11 13 12 15 3 8 7 1 8 11 10
5 9 15 2 6 13 3 10 6 12 15 13 5 7 9
14 6 11 15 6 14 4 12 2 11 5 10 7 13 8
2 10 8 3 14 15 12 3 5 8 2 9 14 15 5