15 15
2 7 7 1 4 2 5 10 1 4 11 5 6 12 11
9 11 3 12 8 5 3 1 4 15 4 14 15 10 7
4 4 6 5 5 7 8 13 11 2 10 10 14 3 2
4 7 13 9 11 7 13 5 4 2 2 15 11 8 5
3 1 13 4 8 10 12 8 11 7 12 7 11 4 2
14 8 8 3 2 3 6 11 5 12 7 4 15 1 7
8 5 15 14 4 1 15 6 9 4 14 9 8 1 12
8 10 9 2 5 5 1 4 7 8 15 1 9 13 11
9 2 9 2 12 13 8 15 1 1 3 8 3 11 12
10 8 3 3 13 10 15 7 9 5 15 2 12 4 6
5 15 4 11 14 15 12 12 8 11 14 7 10 7 1
12 15 7 8 14 9 10 3 2 10 8 1 2 7 14
15 1 1 13 7 13 3 12 2 11 10 5 7 14 8
1 4 11 8 15 2 5 5 10 15 8 2 3 6 13
13 10 2 1 13 4 10 9 8 8 5 11 7 14 14