17 17
12 16 17 6 16 1 1 11 2 5 9 10 5 12 13 10 7
4 16 15 8 14 9 5 10 9 6 1 8 11 13 3 11 17
1 6 2 4 7 15 10 16 7 11 10 11 6 14 12 1 14
17 2 14 4 15 15 7 5 10 9 14 6 7 5 17 4 6
9 7 15 2 10 6 11 13 3 8 4 14 15 3 5 17 5
7 14 4 1 1 11 11 7 6 10 8 14 3 12 5 10 15
13 6 5 1 17 16 14 17 3 15 7 1 8 3 10 16 4
5 12 13 8 12 9 6 9 13 14 17 7 5 17 4 1 1
13 12 3 3 11 13 5 5 4 9 17 2 7 11 9 17 6
6 4 1 12 12 5 4 6 9 10 10 15 13 11 2 7 16
17 1 10 5 4 7 1 6 4 11 14 10 12 6 15 11 2
8 13 11 6 3 16 10 15 13 8 16 17 15 6 2 2 10
15 13 10 17 1 12 2 11 11 5 7 3 4 14 7 16 10
12 4 6 16 7 1 14 17 14 1 5 16 6 10 17 12 5
2 10 4 3 10 14 12 4 11 1 2 5 11 5 6 12 8
7 9 8 16 6 11 13 15 5 12 11 4 17 15 14 3 1
14 1 7 2 5 17 7 3 15 14 2 17 1 15 8 3 9