17 17
7 7 11 10 4 6 1 14 8 9 6 5 8 12 15 14 16
4 6 14 14 14 17 2 1 5 10 13 11 3 11 12 15 16
16 15 7 8 3 2 2 12 1 14 6 6 3 11 11 4 16
9 2 8 4 11 12 14 4 1 3 10 11 12 15 6 16 13
4 1 5 17 10 6 7 8 15 15 9 14 15 2 14 3 9
5 4 6 1 7 12 11 1 15 16 16 16 14 4 17 10 9
6 9 1 3 8 16 14 17 6 5 1 10 7 4 13 2 9
11 14 1 9 10 12 4 2 9 13 15 6 17 4 8 5 7
10 12 10 16 15 4 6 5 17 3 11 2 1 7 10 9 8
2 5 12 13 16 15 15 15 14 13 3 4 9 17 10 1 14
16 3 10 13 5 14 5 16 9 17 11 11 9 6 10 7 1
10 14 15 13 2 1 17 13 11 13 16 8 5 15 3 6 11
1 16 17 15 2 9 6 11 2 5 7 13 8 3 4 8 4
7 2 5 12 9 12 2 3 2 6 4 1 8 13 4 6 14
15 13 10 6 17 7 12 12 16 1 8 3 8 14 4 5 12
3 15 16 4 14 8 10 7 13 2 16 17 10 13 14 12 6
12 3 3 12 1 10 8 8 4 9 14 16 6 16 7 3 17