17 17
11 3 7 10 16 9 8 15 11 9 5 13 3 4 10 15 8
15 16 9 2 9 11 5 14 8 10 14 12 16 13 17 6 8
17 1 13 13 9 7 8 5 8 2 12 15 16 11 17 16 4
10 16 6 17 10 4 13 16 4 2 6 17 1 14 2 3 14
11 8 6 1 17 9 7 4 17 5 5 16 14 4 10 13 12
6 13 14 6 11 4 11 7 12 13 10 17 10 16 7 12 16
8 5 3 13 10 10 4 4 15 3 14 7 12 17 8 7 6
7 1 12 9 15 17 11 13 10 17 13 8 5 1 5 2 14
14 13 4 7 12 2 13 1 2 7 15 8 3 10 12 8 3
1 10 5 16 17 7 2 13 7 4 6 6 1 9 13 10 3
3 10 10 4 16 17 6 16 14 11 3 14 5 6 12 7 11
2 15 10 7 14 6 17 17 12 14 13 2 9 8 8 5 11
10 7 17 1 6 14 1 2 14 3 8 4 12 12 7 17 5
4 7 15 12 13 14 1 15 13 8 8 1 11 5 5 4 12
4 9 8 6 12 12 14 9 13 15 1 6 2 16 11 17 16
3 15 15 8 7 13 6 9 2 14 3 5 10 6 11 11 5
8 12 5 11 11 5 17 1 1 13 9 2 14 3 15 14 13