15 15
5 10 11 4 11 10 5 4 15 7 6 15 9 12 12
3 7 10 10 13 1 9 15 14 6 2 6 8 4 5
15 2 8 13 9 13 14 1 14 4 7 5 15 6 5
14 5 3 8 8 9 15 6 3 2 6 14 15 13 10
2 3 7 12 15 6 8 8 11 7 3 4 13 6 1
13 15 11 2 10 14 10 2 9 1 5 8 1 5 15
6 2 1 2 8 6 4 13 7 9 13 9 11 10 15
6 4 13 5 5 2 13 8 3 6 2 12 10 3 12
14 9 5 4 3 11 2 13 6 8 10 2 8 12 4
9 13 6 10 7 2 2 15 13 10 4 4 12 15 6
13 13 1 3 5 15 7 9 11 10 14 11 9 1 6
4 11 3 9 15 10 4 14 5 13 11 15 6 7 13
12 1 2 3 12 11 15 1 8 9 11 3 5 13 13
12 3 5 14 6 13 10 4 2 2 5 11 1 11 8
5 7 13 1 11 7 5 12 15 11 15 10 13 8 10