15 15
4 6 15 14 5 9 10 10 1 3 8 12 15 3 6
15 5 6 11 12 4 11 13 14 9 14 4 5 6 2
14 4 12 5 10 11 5 3 7 6 1 9 1 15 10
4 8 3 8 2 2 15 5 15 4 11 3 13 7 7
8 12 7 13 15 10 2 9 14 6 3 6 15 5 1
2 5 3 8 15 15 14 2 7 10 7 5 14 6 3
7 13 8 4 10 6 12 6 11 10 1 3 7 9 3
5 6 4 5 6 1 3 7 1 14 12 14 3 7 8
2 14 7 9 7 15 1 2 3 14 10 15 8 11 6
1 4 15 11 14 2 3 12 6 7 6 8 8 4 5
9 1 4 12 7 6 4 6 8 2 5 13 7 14 2
11 8 14 13 8 1 10 15 11 1 5 5 12 12 13
8 7 11 3 9 8 14 12 15 9 6 15 12 3 4
13 15 13 6 4 10 5 8 2 3 9 14 11 10 7
3 1 13 2 11 7 15 14 5 2 15 4 3 1 5