17 17
3 15 12 4 13 5 6 7 10 2 17 7 17 9 12 6 3
17 9 5 6 17 8 6 2 7 5 1 13 13 2 15 10 12
14 12 7 14 1 7 13 16 11 9 12 11 17 5 5 8 16
9 3 7 17 6 3 5 13 17 13 8 16 6 1 14 12 4
10 1 17 3 17 6 3 13 8 9 9 6 10 2 13 15 15
4 11 10 13 7 9 7 3 1 17 14 1 10 15 5 16 6
4 7 14 1 10 7 1 6 2 14 6 9 3 4 10 9 3
16 14 3 9 15 17 1 1 6 12 16 13 7 7 11 12 10
7 4 12 14 2 15 14 5 4 6 15 1 9 3 10 13 1
14 5 5 15 15 3 2 2 13 17 4 10 6 1 1 17 14
10 14 1 12 3 4 7 9 9 14 5 10 16 7 1 2 11
13 16 6 17 3 1 3 4 9 12 12 6 9 11 8 1 7
5 2 8 12 7 12 15 11 4 4 16 9 5 11 3 6 7
3 6 3 8 11 2 15 10 16 2 11 16 4 17 9 10 15
16 10 17 11 9 16 8 3 1 5 17 4 8 6 9 3 13
5 4 14 7 1 15 8 6 11 13 13 2 8 16 17 1 14
13 17 6 1 11 6 9 7 7 8 3 11 12 16 13 17 16