17 17
14 1 2 7 12 16 7 1 1 6 16 8 16 15 5 17 12
9 1 6 16 5 10 2 5 14 8 17 13 14 3 14 12 15
16 1 9 6 5 7 10 11 17 1 3 14 12 4 4 6 4
5 8 4 5 5 11 16 2 17 9 15 14 17 7 6 3 1
3 12 16 1 7 2 14 14 9 14 11 14 17 13 15 9 4
17 16 16 10 3 8 11 15 14 14 1 9 1 12 7 5 6
10 16 16 13 17 8 10 12 4 5 10 11 3 5 7 14 12
10 5 17 12 15 13 3 8 14 14 6 3 15 9 7 11 16
10 10 1 5 15 4 13 11 1 16 6 12 9 8 14 2 1
6 5 5 3 15 9 12 11 10 4 13 2 2 2 17 16 7
13 4 14 14 8 7 6 7 10 17 16 5 7 10 12 15 3
5 6 15 9 4 3 13 16 12 13 7 13 11 10 10 10 8
7 9 14 14 2 6 5 10 12 3 1 15 8 16 4 13 3
15 11 7 2 4 17 17 17 3 10 6 16 9 6 9 7 14
15 2 7 16 16 12 5 9 11 3 4 6 1 14 16 8 7
15 14 7 15 6 1 1 4 13 12 11 10 3 2 16 9 17
2 6 3 5 11 1 4 17 10 15 9 1 5 7 8 16 7