15 15
7 7 5 15 2 14 4 9 9 15 2 10 13 6 3
7 3 11 9 6 5 2 12 5 2 1 1 8 4 6
11 5 2 12 4 6 8 10 1 1 4 11 2 14 14
11 10 13 1 5 1 9 7 6 10 3 2 5 8 7
4 15 2 11 11 8 7 3 1 12 5 3 4 14 9
6 13 1 15 7 5 5 9 15 2 6 8 9 1 8
10 8 9 7 4 13 12 1 13 1 7 5 14 11 15
6 6 10 11 11 4 10 13 14 7 3 3 7 13 14
8 4 1 14 15 11 3 13 12 7 10 7 5 2 11
5 1 7 13 12 11 5 12 15 8 6 7 9 8 13
5 11 11 4 2 13 15 8 2 10 7 1 13 7 15
14 8 10 13 3 7 15 15 5 9 8 12 11 5 1
14 14 4 2 8 10 11 7 10 8 2 11 1 1 6
4 12 15 7 12 1 13 6 8 11 9 15 6 3 5
8 9 15 2 14 10 7 6 11 9 13 15 7 6 8