15 15
6 8 8 10 12 1 5 14 1 2 15 5 2 14 7
3 6 8 11 7 10 13 8 7 15 3 14 12 9 2
15 6 3 5 10 5 14 6 3 7 13 11 4 2 14
7 1 5 3 8 12 7 13 14 6 9 8 4 10 10
4 11 10 13 5 1 8 11 13 10 2 11 3 15 1
13 4 9 15 7 2 15 3 9 1 12 5 7 6 11
6 10 9 14 4 9 1 8 10 13 6 7 11 7 8
2 14 6 5 2 13 12 9 6 4 10 3 5 10 8
2 3 6 15 9 6 15 2 4 14 4 10 7 4 12
14 11 1 13 3 9 12 5 2 1 10 7 3 12 6
14 2 1 4 6 6 7 10 6 3 14 1 5 8 2
8 10 4 1 2 15 8 7 10 5 14 6 15 14 3
10 5 2 5 6 1 3 6 4 13 13 3 14 1 9
3 15 11 2 14 1 11 9 5 10 5 12 15 4 10
10 9 13 2 8 12 6 3 3 2 12 4 10 5 14