17 17
8 8 10 15 11 15 12 9 12 11 17 5 3 4 17 3 7
2 14 1 8 9 5 4 15 5 13 15 3 10 11 7 17 9
13 15 17 4 11 7 8 14 11 3 10 15 1 8 10 5 17
1 10 9 2 17 15 11 10 3 3 1 13 9 2 15 16 13
7 11 6 16 2 14 15 6 11 17 13 1 12 13 10 8 3
16 9 16 13 7 17 4 2 7 9 5 5 8 1 4 13 11
17 2 15 12 1 10 7 15 5 12 5 10 14 1 2 11 11
3 2 15 15 6 4 8 10 1 14 12 4 16 17 2 7 9
12 17 13 12 17 10 1 16 10 11 2 4 1 3 5 4 2
11 12 10 10 16 9 11 1 4 16 2 14 3 13 8 15 8
11 1 12 14 2 6 10 7 13 8 3 12 13 10 11 2 8
12 10 3 8 13 3 9 17 10 7 17 2 15 16 8 16 15
15 6 11 9 7 2 3 3 16 7 8 12 17 12 1 13 4
1 1 8 9 5 4 12 4 2 9 11 10 15 10 15 14 2
17 3 3 11 10 13 15 12 16 16 1 15 9 11 17 6 1
16 8 6 2 5 3 5 16 13 1 15 17 13 9 4 4 3
4 17 17 5 15 2 16 3 3 2 6 13 11 12 9 10 13