17 17
9 15 2 11 15 3 12 6 16 17 7 11 13 5 4 4 4
12 12 8 4 9 11 16 16 16 7 14 1 13 15 13 5 6
12 1 8 1 13 6 15 14 7 2 17 2 6 12 16 3 8
12 9 8 10 2 8 1 4 11 15 6 3 3 14 17 2 12
17 5 3 15 16 2 8 7 13 10 11 16 14 13 6 9 13
15 6 9 5 14 1 7 17 13 16 11 7 2 3 15 12 8
10 1 15 9 1 9 7 14 13 8 11 12 9 17 2 11 11
8 13 1 1 5 6 7 9 15 11 4 4 8 2 11 16 14
8 11 1 6 17 12 2 2 12 9 5 4 10 10 14 14 14
8 7 4 14 15 5 6 12 6 14 11 13 9 3 3 10 2
16 10 13 2 17 4 11 3 8 17 14 17 1 6 11 11 17
5 8 13 1 16 10 9 14 4 11 3 15 3 12 10 11 7
5 16 13 17 9 14 13 11 12 3 13 10 7 1 12 2 8
6 4 9 13 4 5 5 5 17 14 2 8 15 11 12 15 16
8 2 13 3 1 17 4 15 6 13 10 9 2 11 1 8 8
3 17 5 7 8 12 16 5 9 5 13 2 12 11 4 15 10
12 14 16 16 1 7 3 10 11 5 8 11 17 13 15 7 4