17 17
15 3 15 13 10 9 13 10 6 2 4 1 16 8 9 4 16
17 15 6 16 6 14 8 3 8 16 5 10 4 15 9 7 7
5 1 8 15 2 6 17 10 8 3 15 12 3 13 4 16 4
7 17 2 15 1 1 3 11 9 13 16 17 5 9 16 3 5
10 14 7 16 6 14 10 12 15 9 16 12 3 9 5 8 5
11 8 1 6 3 4 1 9 9 14 17 15 12 3 10 13 4
11 15 7 10 16 5 4 8 3 1 15 7 13 11 3 9 12
10 3 11 14 1 15 15 1 2 5 3 6 14 10 6 7 7
15 6 4 17 10 16 9 1 5 10 5 13 11 3 13 2 8
3 14 5 3 4 17 12 12 1 13 10 9 5 14 13 17 15
1 12 9 3 7 10 14 13 2 16 13 6 2 14 4 3 17
9 2 15 13 15 5 8 14 17 6 9 8 7 10 5 14 17
9 4 16 1 2 2 3 7 13 6 4 14 14 12 10 10 6
16 4 13 1 12 16 1 7 7 15 2 15 10 13 14 11 10
6 17 9 14 11 3 15 6 10 3 1 8 16 2 15 10 9
8 6 17 4 15 15 11 14 12 9 13 2 10 16 3 6 10
6 13 10 6 9 17 10 15 7 7 3 3 8 2 2 17 11