21 21
4 6 1 5 9 2 3 7 8 - - - 4 8 6 1 5 3 9 7 2
8 9 5 7 4 3 1 2 6 - - - 9 5 1 6 2 7 8 4 3
3 7 2 1 8 6 9 4 5 - - - 2 7 3 9 8 4 6 1 5
5 2 3 4 6 1 8 9 7 - - - 1 4 9 5 3 6 7 2 8
6 4 8 9 7 5 2 1 3 - - - 5 6 7 8 1 2 3 9 4
9 1 7 3 2 8 5 6 4 - - - 8 3 2 7 4 9 1 5 6
7 8 4 2 5 9 6 3 1 9 5 8 7 2 4 3 9 8 5 6 1
1 5 9 6 3 4 7 8 2 6 1 4 3 9 5 4 6 1 2 8 7
2 3 6 8 1 7 4 5 9 7 3 2 6 1 8 2 7 5 4 3 9
- - - - - - 2 6 5 8 7 1 9 4 3 - - - - - -
- - - - - - 3 9 7 4 2 5 1 8 6 - - - - - -
- - - - - - 8 1 4 3 9 6 5 7 2 - - - - - -
2 1 7 6 3 5 9 4 8 5 6 7 2 3 1 9 5 4 6 7 8
5 3 4 8 9 2 1 7 6 2 4 3 8 5 9 6 7 1 2 3 4
6 8 9 4 7 1 5 2 3 1 8 9 4 6 7 3 2 8 5 9 1
7 6 3 1 4 9 2 8 5 - - - 1 7 6 2 4 3 9 8 5
9 2 8 7 5 3 6 1 4 - - - 5 4 8 7 9 6 3 1 2
1 4 5 2 8 6 3 9 7 - - - 9 2 3 1 8 5 4 6 7
4 5 1 3 2 7 8 6 9 - - - 6 1 2 4 3 7 8 5 9
8 9 6 5 1 4 7 3 2 - - - 3 8 4 5 1 9 7 2 6
3 7 2 9 6 8 4 5 1 - - - 7 9 5 8 6 2 1 4 3