21 21
4 1 6 9 7 2 5 8 3 - - - 1 6 3 9 2 8 5 7 4
3 9 2 6 5 8 1 4 7 - - - 8 5 4 7 1 6 3 9 2
5 7 8 4 1 3 6 2 9 - - - 2 9 7 5 4 3 8 1 6
8 5 7 1 6 9 4 3 2 - - - 6 4 5 8 7 1 2 3 9
2 3 1 8 4 5 7 9 6 - - - 7 2 9 6 3 4 1 5 8
9 6 4 2 3 7 8 1 5 - - - 3 1 8 2 5 9 6 4 7
1 2 5 3 8 6 9 7 4 6 1 3 5 8 2 3 9 7 4 6 1
7 4 3 5 9 1 2 6 8 5 7 4 9 3 1 4 6 2 7 8 5
6 8 9 7 2 4 3 5 1 8 9 2 4 7 6 1 8 5 9 2 3
- - - - - - 1 8 5 2 6 9 3 4 7 - - - - - -
- - - - - - 4 9 7 1 3 5 2 6 8 - - - - - -
- - - - - - 6 3 2 4 8 7 1 9 5 - - - - - -
6 8 2 4 5 9 7 1 3 9 5 6 8 2 4 5 1 3 6 7 9
3 4 5 6 1 7 8 2 9 7 4 1 6 5 3 2 7 9 8 1 4
7 9 1 2 8 3 5 4 6 3 2 8 7 1 9 4 8 6 5 2 3
9 2 3 1 7 6 4 5 8 - - - 9 6 1 3 5 4 7 8 2
1 5 8 9 2 4 6 3 7 - - - 4 8 7 6 2 1 9 3 5
4 7 6 8 3 5 2 9 1 - - - 2 3 5 8 9 7 4 6 1
8 3 4 5 6 1 9 7 2 - - - 3 4 2 7 6 5 1 9 8
2 1 9 7 4 8 3 6 5 - - - 1 7 8 9 4 2 3 5 6
5 6 7 3 9 2 1 8 4 - - - 5 9 6 1 3 8 2 4 7