21 21
2 4 6 5 1 8 7 3 9 - - - 5 4 8 7 3 9 2 6 1
3 8 5 7 9 2 1 4 6 - - - 3 2 1 6 5 8 7 9 4
9 7 1 6 4 3 2 5 8 - - - 7 6 9 1 2 4 8 3 5
1 2 4 8 6 5 3 9 7 - - - 9 3 7 5 1 2 4 8 6
5 9 7 3 2 4 6 8 1 - - - 6 1 5 4 8 7 9 2 3
6 3 8 1 7 9 5 2 4 - - - 2 8 4 3 9 6 1 5 7
4 1 9 2 3 6 8 7 5 3 4 2 1 9 6 2 7 5 3 4 8
8 6 2 4 5 7 9 1 3 5 8 6 4 7 2 8 6 3 5 1 9
7 5 3 9 8 1 4 6 2 7 1 9 8 5 3 9 4 1 6 7 2
- - - - - - 7 5 4 6 9 3 2 1 8 - - - - - -
- - - - - - 3 2 9 8 5 1 6 4 7 - - - - - -
- - - - - - 1 8 6 4 2 7 9 3 5 - - - - - -
3 5 6 9 8 1 2 4 7 1 6 5 3 8 9 7 2 5 6 1 4
8 2 9 5 7 4 6 3 1 9 7 8 5 2 4 8 1 6 7 3 9
4 7 1 6 2 3 5 9 8 2 3 4 7 6 1 3 4 9 8 5 2
6 8 2 7 3 5 4 1 9 - - - 8 5 3 2 6 7 4 9 1
9 4 3 8 1 2 7 5 6 - - - 1 4 2 9 8 3 5 7 6
5 1 7 4 6 9 3 8 2 - - - 9 7 6 4 5 1 3 2 8
2 9 4 1 5 6 8 7 3 - - - 2 9 5 6 3 4 1 8 7
7 6 5 3 9 8 1 2 4 - - - 4 3 7 1 9 8 2 6 5
1 3 8 2 4 7 9 6 5 - - - 6 1 8 5 7 2 9 4 3