21 21
9 3 6 8 2 1 7 4 5 - - - 1 6 3 7 2 9 5 4 8
5 4 1 6 7 9 3 8 2 - - - 7 2 4 6 8 5 9 3 1
2 8 7 4 3 5 9 1 6 - - - 8 9 5 4 3 1 7 6 2
4 9 2 3 1 8 6 5 7 - - - 6 5 2 8 4 7 1 9 3
7 1 8 5 6 2 4 3 9 - - - 4 7 8 9 1 3 6 2 5
3 6 5 9 4 7 8 2 1 - - - 9 3 1 2 5 6 8 7 4
6 5 3 1 9 4 2 7 8 6 4 5 3 1 9 5 7 2 4 8 6
1 7 9 2 8 3 5 6 4 1 3 9 2 8 7 1 6 4 3 5 9
8 2 4 7 5 6 1 9 3 2 7 8 5 4 6 3 9 8 2 1 7
- - - - - - 3 1 5 9 8 2 6 7 4 - - - - - -
- - - - - - 4 2 9 7 6 3 8 5 1 - - - - - -
- - - - - - 6 8 7 4 5 1 9 3 2 - - - - - -
1 8 3 2 7 4 9 5 6 8 1 7 4 2 3 5 1 8 6 7 9
2 5 7 3 9 6 8 4 1 3 2 6 7 9 5 3 2 6 4 8 1
9 6 4 8 5 1 7 3 2 5 9 4 1 6 8 7 9 4 5 3 2
4 1 8 5 6 3 2 7 9 - - - 9 8 4 6 7 1 3 2 5
6 7 2 4 8 9 3 1 5 - - - 5 3 6 4 8 2 9 1 7
5 3 9 1 2 7 6 8 4 - - - 2 1 7 9 5 3 8 6 4
8 9 6 7 1 5 4 2 3 - - - 8 4 2 1 3 9 7 5 6
3 2 1 6 4 8 5 9 7 - - - 3 7 9 2 6 5 1 4 8
7 4 5 9 3 2 1 6 8 - - - 6 5 1 8 4 7 2 9 3