21 21
8 2 1 3 7 6 9 5 4 - - - 8 3 2 4 9 6 1 7 5
6 4 7 5 2 9 3 1 8 - - - 7 4 6 5 8 1 2 9 3
3 5 9 1 8 4 6 7 2 - - - 1 9 5 7 2 3 6 8 4
9 1 6 7 4 3 2 8 5 - - - 4 5 7 2 1 9 8 3 6
4 8 5 9 1 2 7 6 3 - - - 2 1 3 8 6 5 7 4 9
7 3 2 6 5 8 1 4 9 - - - 9 6 8 3 4 7 5 2 1
1 7 4 2 9 5 8 3 6 4 2 1 5 7 9 1 3 2 4 6 8
5 9 3 8 6 1 4 2 7 3 5 9 6 8 1 9 7 4 3 5 2
2 6 8 4 3 7 5 9 1 7 6 8 3 2 4 6 5 8 9 1 7
- - - - - - 2 7 5 8 4 6 1 9 3 - - - - - -
- - - - - - 9 1 8 5 3 7 4 6 2 - - - - - -
- - - - - - 6 4 3 9 1 2 7 5 8 - - - - - -
8 9 1 5 2 7 3 6 4 2 9 5 8 1 7 2 6 3 4 9 5
5 7 2 3 4 6 1 8 9 6 7 4 2 3 5 4 8 9 7 1 6
3 4 6 1 8 9 7 5 2 1 8 3 9 4 6 1 7 5 8 3 2
2 8 7 4 6 3 9 1 5 - - - 1 7 8 6 3 4 2 5 9
6 1 5 9 7 8 2 4 3 - - - 6 5 3 9 2 8 1 7 4
9 3 4 2 1 5 6 7 8 - - - 4 2 9 5 1 7 6 8 3
7 5 8 6 9 2 4 3 1 - - - 7 8 2 3 5 6 9 4 1
1 2 3 7 5 4 8 9 6 - - - 3 9 1 8 4 2 5 6 7
4 6 9 8 3 1 5 2 7 - - - 5 6 4 7 9 1 3 2 8