21 21
6 1 2 5 7 9 3 8 4 - - - 4 7 8 9 6 1 5 2 3
7 4 5 8 3 2 1 9 6 - - - 3 6 9 2 8 5 4 1 7
3 8 9 4 1 6 2 5 7 - - - 5 1 2 4 3 7 9 6 8
5 9 8 2 6 4 7 1 3 - - - 8 3 7 6 1 4 2 9 5
4 7 1 3 9 8 5 6 2 - - - 2 5 4 3 7 9 1 8 6
2 3 6 7 5 1 8 4 9 - - - 1 9 6 5 2 8 3 7 4
8 5 7 6 4 3 9 2 1 4 5 7 6 8 3 1 5 2 7 4 9
1 2 4 9 8 7 6 3 5 8 2 9 7 4 1 8 9 3 6 5 2
9 6 3 1 2 5 4 7 8 3 6 1 9 2 5 7 4 6 8 3 1
- - - - - - 5 4 3 6 8 2 1 7 9 - - - - - -
- - - - - - 2 9 7 5 1 3 8 6 4 - - - - - -
- - - - - - 8 1 6 7 9 4 5 3 2 - - - - - -
2 8 5 4 3 1 7 6 9 2 3 5 4 1 8 2 7 9 5 6 3
4 6 3 5 7 9 1 8 2 9 4 6 3 5 7 4 6 8 2 1 9
1 9 7 2 6 8 3 5 4 1 7 8 2 9 6 5 3 1 8 7 4
7 4 9 1 5 3 6 2 8 - - - 8 7 9 1 2 6 3 4 5
5 2 6 7 8 4 9 3 1 - - - 5 4 2 3 8 7 6 9 1
3 1 8 9 2 6 4 7 5 - - - 6 3 1 9 5 4 7 8 2
8 7 4 6 1 5 2 9 3 - - - 9 8 3 7 4 2 1 5 6
9 3 2 8 4 7 5 1 6 - - - 1 6 5 8 9 3 4 2 7
6 5 1 3 9 2 8 4 7 - - - 7 2 4 6 1 5 9 3 8