21 21
4 7 6 8 1 3 5 2 9 - - - 9 2 1 7 8 4 3 5 6
1 5 2 9 6 4 8 3 7 - - - 8 6 5 1 9 3 4 7 2
8 3 9 2 7 5 4 1 6 - - - 7 3 4 2 5 6 8 9 1
2 6 7 4 3 1 9 5 8 - - - 4 5 3 9 2 8 1 6 7
3 1 5 6 8 9 7 4 2 - - - 1 9 2 3 6 7 5 8 4
9 4 8 5 2 7 3 6 1 - - - 6 7 8 5 4 1 2 3 9
6 2 4 3 9 8 1 7 5 3 6 8 2 4 9 6 3 5 7 1 8
7 8 3 1 5 2 6 9 4 2 5 1 3 8 7 4 1 9 6 2 5
5 9 1 7 4 6 2 8 3 4 9 7 5 1 6 8 7 2 9 4 3
- - - - - - 7 2 8 5 4 6 9 3 1 - - - - - -
- - - - - - 4 5 1 7 3 9 8 6 2 - - - - - -
- - - - - - 3 6 9 1 8 2 4 7 5 - - - - - -
9 8 2 3 4 7 5 1 6 8 2 4 7 9 3 5 6 2 8 4 1
3 6 7 5 1 8 9 4 2 6 7 3 1 5 8 9 7 4 6 3 2
5 1 4 9 2 6 8 3 7 9 1 5 6 2 4 8 1 3 9 5 7
4 2 8 1 3 9 6 7 5 - - - 2 7 1 3 9 8 5 6 4
1 3 6 7 8 5 2 9 4 - - - 4 3 5 6 2 7 1 9 8
7 5 9 2 6 4 3 8 1 - - - 9 8 6 4 5 1 7 2 3
2 9 5 4 7 3 1 6 8 - - - 3 1 9 2 8 6 4 7 5
8 4 3 6 5 1 7 2 9 - - - 5 4 7 1 3 9 2 8 6
6 7 1 8 9 2 4 5 3 - - - 8 6 2 7 4 5 3 1 9