21 21
1 9 6 2 4 3 8 5 7 - - - 4 2 9 8 3 5 6 7 1
8 3 2 7 5 1 6 9 4 - - - 8 3 5 7 1 6 9 2 4
4 5 7 9 6 8 3 2 1 - - - 1 7 6 9 4 2 5 3 8
6 8 1 5 2 7 4 3 9 - - - 5 4 2 3 7 8 1 6 9
5 4 9 3 1 6 2 7 8 - - - 6 1 8 2 9 4 7 5 3
7 2 3 4 8 9 1 6 5 - - - 3 9 7 6 5 1 8 4 2
9 1 5 8 3 2 7 4 6 2 1 5 9 8 3 5 2 7 4 1 6
2 6 4 1 7 5 9 8 3 4 7 6 2 5 1 4 6 9 3 8 7
3 7 8 6 9 4 5 1 2 8 9 3 7 6 4 1 8 3 2 9 5
- - - - - - 4 3 5 1 6 9 8 2 7 - - - - - -
- - - - - - 8 9 7 3 4 2 5 1 6 - - - - - -
- - - - - - 2 6 1 7 5 8 4 3 9 - - - - - -
6 7 1 9 2 8 3 5 4 9 2 1 6 7 8 2 1 4 5 3 9
9 4 2 1 3 5 6 7 8 5 3 4 1 9 2 7 5 3 4 8 6
8 5 3 6 4 7 1 2 9 6 8 7 3 4 5 8 9 6 1 2 7
5 8 7 4 9 6 2 1 3 - - - 5 1 4 9 7 8 3 6 2
1 6 4 3 8 2 5 9 7 - - - 9 3 6 1 4 2 7 5 8
3 2 9 7 5 1 8 4 6 - - - 2 8 7 6 3 5 9 1 4
2 1 6 8 7 9 4 3 5 - - - 7 6 9 3 2 1 8 4 5
7 3 5 2 6 4 9 8 1 - - - 8 5 3 4 6 9 2 7 1
4 9 8 5 1 3 7 6 2 - - - 4 2 1 5 8 7 6 9 3