21 21
1 4 3 9 2 5 6 7 8 - - - 6 7 9 8 5 1 3 2 4
6 2 8 1 4 7 5 3 9 - - - 5 8 1 2 3 4 9 6 7
9 5 7 3 6 8 4 1 2 - - - 4 3 2 6 9 7 1 5 8
7 1 9 2 5 6 8 4 3 - - - 3 5 8 9 6 2 4 7 1
2 6 4 8 3 1 7 9 5 - - - 1 2 4 5 7 3 8 9 6
8 3 5 4 7 9 1 2 6 - - - 9 6 7 1 4 8 5 3 2
3 8 1 5 9 4 2 6 7 4 5 1 8 9 3 4 2 6 7 1 5
4 7 2 6 8 3 9 5 1 2 8 3 7 4 6 3 1 5 2 8 9
5 9 6 7 1 2 3 8 4 7 6 9 2 1 5 7 8 9 6 4 3
- - - - - - 5 2 3 9 4 7 6 8 1 - - - - - -
- - - - - - 1 9 6 8 3 2 4 5 7 - - - - - -
- - - - - - 4 7 8 5 1 6 9 3 2 - - - - - -
4 2 9 7 3 6 8 1 5 6 7 4 3 2 9 6 5 1 8 7 4
8 3 7 5 2 1 6 4 9 3 2 5 1 7 8 4 9 3 6 5 2
6 5 1 4 8 9 7 3 2 1 9 8 5 6 4 8 7 2 9 1 3
5 4 6 8 7 2 1 9 3 - - - 7 1 3 5 6 8 4 2 9
2 9 3 6 1 5 4 7 8 - - - 2 9 5 7 3 4 1 8 6
7 1 8 9 4 3 5 2 6 - - - 8 4 6 1 2 9 5 3 7
1 6 4 2 9 8 3 5 7 - - - 9 5 1 3 4 7 2 6 8
3 8 2 1 5 7 9 6 4 - - - 4 8 7 2 1 6 3 9 5
9 7 5 3 6 4 2 8 1 - - - 6 3 2 9 8 5 7 4 1