21 21
3 1 6 2 9 4 5 8 7 - - - 8 4 9 2 7 3 5 1 6
2 5 7 3 6 8 9 4 1 - - - 2 3 6 4 1 5 9 7 8
9 4 8 1 5 7 6 3 2 - - - 1 5 7 9 6 8 4 2 3
6 3 1 5 4 2 8 7 9 - - - 7 9 3 5 2 4 6 8 1
5 2 9 7 8 1 4 6 3 - - - 6 2 1 8 9 7 3 5 4
7 8 4 9 3 6 1 2 5 - - - 5 8 4 6 3 1 7 9 2
1 6 2 4 7 9 3 5 8 6 9 1 4 7 2 1 5 6 8 3 9
8 9 5 6 2 3 7 1 4 2 8 3 9 6 5 3 8 2 1 4 7
4 7 3 8 1 5 2 9 6 5 7 4 3 1 8 7 4 9 2 6 5
- - - - - - 6 2 5 7 3 9 8 4 1 - - - - - -
- - - - - - 1 4 3 8 2 6 7 5 9 - - - - - -
- - - - - - 8 7 9 4 1 5 2 3 6 - - - - - -
4 3 9 1 8 2 5 6 7 9 4 8 1 2 3 4 5 6 8 7 9
1 8 7 4 5 6 9 3 2 1 5 7 6 8 4 7 3 9 1 5 2
2 5 6 3 7 9 4 8 1 3 6 2 5 9 7 2 8 1 6 3 4
6 1 3 2 4 8 7 9 5 - - - 4 1 5 3 2 8 7 9 6
7 2 4 6 9 5 3 1 8 - - - 9 6 2 5 1 7 3 4 8
5 9 8 7 1 3 2 4 6 - - - 7 3 8 9 6 4 2 1 5
3 6 5 9 2 1 8 7 4 - - - 2 7 9 6 4 3 5 8 1
8 7 1 5 3 4 6 2 9 - - - 3 5 1 8 9 2 4 6 7
9 4 2 8 6 7 1 5 3 - - - 8 4 6 1 7 5 9 2 3