21 21
5 1 8 3 7 9 2 4 6 - - - 7 3 4 5 6 9 2 8 1
2 7 9 4 8 6 3 1 5 - - - 1 2 9 8 3 7 6 4 5
4 6 3 2 1 5 7 8 9 - - - 8 6 5 1 2 4 9 7 3
8 5 4 9 6 3 1 7 2 - - - 9 7 1 3 8 2 5 6 4
6 3 1 7 2 4 9 5 8 - - - 5 4 2 7 1 6 3 9 8
9 2 7 8 5 1 6 3 4 - - - 3 8 6 4 9 5 1 2 7
7 8 5 6 3 2 4 9 1 3 6 7 2 5 8 6 4 3 7 1 9
1 4 2 5 9 7 8 6 3 5 2 1 4 9 7 2 5 1 8 3 6
3 9 6 1 4 8 5 2 7 8 4 9 6 1 3 9 7 8 4 5 2
- - - - - - 6 3 5 2 9 8 7 4 1 - - - - - -
- - - - - - 2 7 8 1 3 4 9 6 5 - - - - - -
- - - - - - 1 4 9 6 7 5 3 8 2 - - - - - -
2 7 6 3 1 8 9 5 4 7 8 3 1 2 6 8 5 7 4 3 9
9 5 1 6 7 4 3 8 2 9 1 6 5 7 4 3 9 2 8 1 6
4 3 8 5 2 9 7 1 6 4 5 2 8 3 9 6 1 4 2 7 5
5 4 7 8 6 1 2 3 9 - - - 6 4 3 5 2 1 7 9 8
1 6 3 2 9 5 8 4 7 - - - 9 1 5 4 7 8 3 6 2
8 2 9 4 3 7 5 6 1 - - - 2 8 7 9 6 3 1 5 4
7 8 5 9 4 6 1 2 3 - - - 4 6 1 2 3 5 9 8 7
3 9 4 1 5 2 6 7 8 - - - 3 9 2 7 8 6 5 4 1
6 1 2 7 8 3 4 9 5 - - - 7 5 8 1 4 9 6 2 3