21 21
3 6 2 5 9 1 4 7 8 - - - 3 4 5 9 6 2 1 7 8
7 4 9 3 2 8 5 6 1 - - - 2 1 6 3 7 8 5 9 4
1 5 8 7 6 4 9 3 2 - - - 7 9 8 1 4 5 6 2 3
5 3 1 8 4 6 7 2 9 - - - 8 5 4 7 3 1 2 6 9
9 8 6 2 7 5 1 4 3 - - - 1 7 9 4 2 6 8 3 5
2 7 4 1 3 9 8 5 6 - - - 6 2 3 8 5 9 4 1 7
4 2 5 9 1 3 6 8 7 4 1 9 5 3 2 6 8 7 9 4 1
8 9 7 6 5 2 3 1 4 2 8 5 9 6 7 5 1 4 3 8 2
6 1 3 4 8 7 2 9 5 6 3 7 4 8 1 2 9 3 7 5 6
- - - - - - 8 4 9 1 2 3 7 5 6 - - - - - -
- - - - - - 1 7 6 8 5 4 2 9 3 - - - - - -
- - - - - - 5 2 3 9 7 6 8 1 4 - - - - - -
9 3 1 7 2 6 4 5 8 7 6 1 3 2 9 6 5 7 8 1 4
7 8 5 3 1 4 9 6 2 3 4 8 1 7 5 9 4 8 6 2 3
2 4 6 8 5 9 7 3 1 5 9 2 6 4 8 3 2 1 5 9 7
8 6 4 1 3 2 5 9 7 - - - 5 9 7 4 3 6 1 8 2
1 5 9 6 4 7 8 2 3 - - - 8 6 4 5 1 2 3 7 9
3 7 2 5 9 8 6 1 4 - - - 2 1 3 8 7 9 4 6 5
6 1 3 4 7 5 2 8 9 - - - 9 5 6 2 8 3 7 4 1
5 2 7 9 8 1 3 4 6 - - - 7 3 2 1 6 4 9 5 8
4 9 8 2 6 3 1 7 5 - - - 4 8 1 7 9 5 2 3 6