21 21
1 6 8 4 3 5 9 7 2 - - - 8 9 7 5 3 2 4 6 1
2 9 7 1 8 6 4 3 5 - - - 5 3 1 7 6 4 8 9 2
4 5 3 9 2 7 6 1 8 - - - 2 6 4 8 9 1 7 3 5
9 1 6 8 5 2 7 4 3 - - - 4 1 6 3 7 8 5 2 9
5 7 4 3 9 1 8 2 6 - - - 9 5 3 4 2 6 1 7 8
8 3 2 7 6 4 1 5 9 - - - 7 8 2 1 5 9 6 4 3
7 8 5 6 4 3 2 9 1 8 4 3 6 7 5 2 8 3 9 1 4
3 4 9 2 1 8 5 6 7 1 9 2 3 4 8 9 1 7 2 5 6
6 2 1 5 7 9 3 8 4 6 7 5 1 2 9 6 4 5 3 8 7
- - - - - - 6 2 5 4 1 8 9 3 7 - - - - - -
- - - - - - 9 7 3 2 5 6 4 8 1 - - - - - -
- - - - - - 1 4 8 9 3 7 2 5 6 - - - - - -
6 1 3 4 9 8 7 5 2 3 6 1 8 9 4 1 7 6 2 3 5
9 2 8 1 7 5 4 3 6 5 8 9 7 1 2 3 4 5 6 8 9
5 4 7 6 2 3 8 1 9 7 2 4 5 6 3 2 9 8 7 1 4
1 8 2 7 6 4 3 9 5 - - - 1 4 5 8 3 2 9 6 7
3 9 6 5 8 1 2 7 4 - - - 9 3 8 7 6 4 1 5 2
4 7 5 9 3 2 6 8 1 - - - 2 7 6 9 5 1 3 4 8
7 5 1 8 4 6 9 2 3 - - - 6 8 7 5 2 3 4 9 1
8 3 4 2 5 9 1 6 7 - - - 4 5 9 6 1 7 8 2 3
2 6 9 3 1 7 5 4 8 - - - 3 2 1 4 8 9 5 7 6