21 21
1 3 7 2 5 8 9 6 4 - - - 3 8 9 4 6 7 1 2 5
9 8 5 6 4 1 2 3 7 - - - 1 5 6 8 2 3 7 4 9
6 2 4 9 3 7 1 5 8 - - - 4 2 7 1 5 9 3 6 8
2 7 9 3 1 6 8 4 5 - - - 8 3 5 7 1 4 2 9 6
8 6 3 4 9 5 7 1 2 - - - 7 6 2 9 8 5 4 1 3
4 5 1 7 8 2 3 9 6 - - - 9 1 4 2 3 6 8 5 7
3 9 6 8 2 4 5 7 1 6 4 8 2 9 3 6 7 1 5 8 4
5 4 8 1 7 3 6 2 9 1 7 3 5 4 8 3 9 2 6 7 1
7 1 2 5 6 9 4 8 3 5 2 9 6 7 1 5 4 8 9 3 2
- - - - - - 1 3 2 9 5 6 7 8 4 - - - - - -
- - - - - - 7 6 4 8 3 2 9 1 5 - - - - - -
- - - - - - 8 9 5 4 1 7 3 6 2 - - - - - -
1 8 2 3 7 4 9 5 6 3 8 1 4 2 7 3 5 6 9 1 8
5 4 6 2 9 8 3 1 7 2 6 4 8 5 9 7 2 1 6 4 3
7 9 3 5 1 6 2 4 8 7 9 5 1 3 6 4 9 8 5 2 7
6 1 8 7 5 3 4 9 2 - - - 7 6 8 5 1 3 2 9 4
4 3 7 6 2 9 5 8 1 - - - 5 9 3 6 4 2 7 8 1
2 5 9 4 8 1 6 7 3 - - - 2 4 1 8 7 9 3 5 6
3 2 5 1 4 7 8 6 9 - - - 9 1 4 2 3 7 8 6 5
9 6 1 8 3 5 7 2 4 - - - 6 7 2 1 8 5 4 3 9
8 7 4 9 6 2 1 3 5 - - - 3 8 5 9 6 4 1 7 2