21 21
8 7 4 6 9 5 2 3 1 - - - 7 8 1 6 4 5 9 3 2
1 6 9 2 4 3 8 5 7 - - - 3 2 9 1 8 7 5 6 4
2 3 5 8 7 1 4 6 9 - - - 5 4 6 2 9 3 1 7 8
3 9 6 5 2 4 7 1 8 - - - 8 7 4 3 2 1 6 5 9
4 8 7 9 1 6 3 2 5 - - - 6 9 3 8 5 4 7 2 1
5 2 1 3 8 7 9 4 6 - - - 1 5 2 7 6 9 4 8 3
6 4 2 7 5 9 1 8 3 2 9 5 4 6 7 9 3 8 2 1 5
7 5 8 1 3 2 6 9 4 8 1 7 2 3 5 4 1 6 8 9 7
9 1 3 4 6 8 5 7 2 6 3 4 9 1 8 5 7 2 3 4 6
- - - - - - 2 4 1 7 6 8 5 9 3 - - - - - -
- - - - - - 8 6 5 9 4 3 7 2 1 - - - - - -
- - - - - - 9 3 7 1 5 2 8 4 6 - - - - - -
3 1 8 4 6 2 7 5 9 3 2 6 1 8 4 3 2 5 6 9 7
7 5 2 3 8 9 4 1 6 5 8 9 3 7 2 9 4 6 5 8 1
6 4 9 7 1 5 3 2 8 4 7 1 6 5 9 8 7 1 3 4 2
2 7 6 1 4 3 8 9 5 - - - 4 2 6 7 3 9 1 5 8
5 3 4 9 2 8 6 7 1 - - - 5 1 3 4 6 8 7 2 9
9 8 1 6 5 7 2 4 3 - - - 8 9 7 1 5 2 4 3 6
8 2 3 5 7 1 9 6 4 - - - 7 3 1 2 8 4 9 6 5
1 6 7 8 9 4 5 3 2 - - - 2 4 5 6 9 7 8 1 3
4 9 5 2 3 6 1 8 7 - - - 9 6 8 5 1 3 2 7 4