21 21
8 1 5 7 6 4 3 2 9 - - - 5 3 9 1 7 6 8 2 4
9 4 3 5 2 8 6 1 7 - - - 6 7 2 4 9 8 3 1 5
7 6 2 3 1 9 5 4 8 - - - 4 1 8 2 5 3 7 9 6
6 9 1 8 5 2 4 7 3 - - - 9 8 4 5 6 2 1 3 7
2 5 7 4 3 6 8 9 1 - - - 3 2 1 9 4 7 6 5 8
4 3 8 9 7 1 2 5 6 - - - 7 6 5 3 8 1 2 4 9
3 2 9 6 4 7 1 8 5 6 9 3 2 4 7 6 3 9 5 8 1
1 7 6 2 8 5 9 3 4 8 7 2 1 5 6 8 2 4 9 7 3
5 8 4 1 9 3 7 6 2 4 1 5 8 9 3 7 1 5 4 6 2
- - - - - - 3 9 7 1 2 8 4 6 5 - - - - - -
- - - - - - 4 1 6 5 3 7 9 2 8 - - - - - -
- - - - - - 2 5 8 9 4 6 3 7 1 - - - - - -
4 5 3 9 7 8 6 2 1 7 8 9 5 3 4 9 8 6 1 7 2
7 8 9 6 1 2 5 4 3 2 6 1 7 8 9 1 2 3 4 6 5
1 6 2 3 5 4 8 7 9 3 5 4 6 1 2 7 5 4 9 8 3
3 4 8 7 6 5 9 1 2 - - - 1 6 5 8 7 9 3 2 4
9 7 5 1 2 3 4 8 6 - - - 9 2 7 3 4 1 6 5 8
2 1 6 8 4 9 7 3 5 - - - 8 4 3 2 6 5 7 9 1
8 3 1 4 9 6 2 5 7 - - - 4 7 1 5 9 2 8 3 6
5 9 4 2 3 7 1 6 8 - - - 3 5 8 6 1 7 2 4 9
6 2 7 5 8 1 3 9 4 - - - 2 9 6 4 3 8 5 1 7