21 21
5 7 2 8 4 9 1 6 3 - - - 8 7 5 1 2 3 6 4 9
9 6 8 5 1 3 7 4 2 - - - 3 1 9 4 7 6 5 2 8
1 3 4 7 6 2 9 8 5 - - - 2 4 6 8 5 9 3 1 7
7 8 6 4 9 5 2 3 1 - - - 7 8 4 2 6 5 1 9 3
2 9 3 6 8 1 5 7 4 - - - 6 2 3 9 8 1 4 7 5
4 5 1 3 2 7 6 9 8 - - - 5 9 1 7 3 4 2 8 6
6 2 9 1 3 4 8 5 7 3 1 4 9 6 2 3 1 8 7 5 4
3 1 5 9 7 8 4 2 6 5 7 9 1 3 8 5 4 7 9 6 2
8 4 7 2 5 6 3 1 9 6 2 8 4 5 7 6 9 2 8 3 1
- - - - - - 2 8 4 7 3 1 5 9 6 - - - - - -
- - - - - - 6 9 3 4 5 2 7 8 1 - - - - - -
- - - - - - 1 7 5 8 9 6 2 4 3 - - - - - -
8 2 4 3 7 5 9 6 1 2 4 3 8 7 5 2 1 4 6 9 3
9 6 5 4 1 8 7 3 2 9 8 5 6 1 4 3 9 5 7 8 2
1 7 3 9 6 2 5 4 8 1 6 7 3 2 9 6 8 7 1 5 4
7 4 9 2 8 6 1 5 3 - - - 1 6 7 8 5 2 3 4 9
5 1 2 7 3 4 8 9 6 - - - 4 8 2 9 3 1 5 7 6
3 8 6 1 5 9 2 7 4 - - - 5 9 3 7 4 6 2 1 8
6 3 8 5 9 1 4 2 7 - - - 7 3 1 4 2 9 8 6 5
2 9 1 6 4 7 3 8 5 - - - 9 5 8 1 6 3 4 2 7
4 5 7 8 2 3 6 1 9 - - - 2 4 6 5 7 8 9 3 1