21 21
8 2 5 3 4 7 6 1 9 - - - 5 6 4 1 9 7 8 2 3
6 7 4 9 1 8 3 2 5 - - - 8 9 2 6 5 3 7 1 4
9 3 1 5 2 6 8 7 4 - - - 3 1 7 4 2 8 9 5 6
2 1 9 8 5 4 7 3 6 - - - 4 3 5 8 1 9 6 7 2
3 8 6 7 9 2 4 5 1 - - - 1 7 9 3 6 2 5 4 8
5 4 7 1 6 3 2 9 8 - - - 2 8 6 7 4 5 1 3 9
7 9 2 4 8 1 5 6 3 1 2 9 7 4 8 9 3 1 2 6 5
1 6 8 2 3 5 9 4 7 3 8 5 6 2 1 5 8 4 3 9 7
4 5 3 6 7 9 1 8 2 6 7 4 9 5 3 2 7 6 4 8 1
- - - - - - 3 7 4 8 9 2 5 1 6 - - - - - -
- - - - - - 8 9 5 4 1 6 2 3 7 - - - - - -
- - - - - - 6 2 1 7 5 3 4 8 9 - - - - - -
7 5 9 6 2 3 4 1 8 5 6 7 3 9 2 1 7 5 4 6 8
1 3 8 7 4 9 2 5 6 9 3 8 1 7 4 6 8 3 2 5 9
6 4 2 5 1 8 7 3 9 2 4 1 8 6 5 4 9 2 1 7 3
4 2 3 9 8 6 5 7 1 - - - 4 8 3 2 5 1 6 9 7
9 1 6 4 7 5 8 2 3 - - - 9 1 7 8 4 6 3 2 5
5 8 7 2 3 1 6 9 4 - - - 2 5 6 9 3 7 8 4 1
3 7 1 8 5 4 9 6 2 - - - 7 2 8 3 6 9 5 1 4
8 9 5 1 6 2 3 4 7 - - - 6 3 9 5 1 4 7 8 2
2 6 4 3 9 7 1 8 5 - - - 5 4 1 7 2 8 9 3 6