21 21
4 1 3 5 6 2 7 9 8 - - - 9 5 8 6 3 4 1 7 2
5 9 2 4 7 8 6 3 1 - - - 1 7 2 8 5 9 6 3 4
6 7 8 9 3 1 2 4 5 - - - 3 4 6 1 2 7 8 5 9
1 2 4 8 9 5 3 7 6 - - - 6 8 5 9 4 3 7 2 1
7 8 6 1 4 3 9 5 2 - - - 4 2 3 7 8 1 9 6 5
3 5 9 7 2 6 8 1 4 - - - 7 1 9 5 6 2 4 8 3
2 6 1 3 5 9 4 8 7 3 2 6 5 9 1 3 7 8 2 4 6
9 4 5 6 8 7 1 2 3 7 9 5 8 6 4 2 9 5 3 1 7
8 3 7 2 1 4 5 6 9 8 4 1 2 3 7 4 1 6 5 9 8
- - - - - - 8 7 4 1 5 9 6 2 3 - - - - - -
- - - - - - 3 1 6 4 8 2 9 7 5 - - - - - -
- - - - - - 2 9 5 6 3 7 1 4 8 - - - - - -
2 7 8 9 3 4 6 5 1 9 7 4 3 8 2 6 7 4 9 1 5
6 4 9 8 1 5 7 3 2 5 6 8 4 1 9 5 8 3 2 6 7
5 1 3 6 7 2 9 4 8 2 1 3 7 5 6 1 9 2 3 4 8
7 9 2 1 6 3 4 8 5 - - - 2 7 5 8 6 1 4 9 3
1 6 5 4 8 9 3 2 7 - - - 9 3 8 4 2 5 1 7 6
3 8 4 2 5 7 1 6 9 - - - 6 4 1 7 3 9 8 5 2
4 5 1 7 2 6 8 9 3 - - - 5 6 4 3 1 8 7 2 9
8 3 6 5 9 1 2 7 4 - - - 8 2 7 9 4 6 5 3 1
9 2 7 3 4 8 5 1 6 - - - 1 9 3 2 5 7 6 8 4