21 21
3 6 8 7 9 2 5 4 1 - - - 3 6 9 5 7 4 8 2 1
7 9 1 6 4 5 8 2 3 - - - 1 8 5 3 2 9 4 6 7
4 5 2 3 8 1 7 9 6 - - - 2 4 7 8 1 6 3 5 9
8 4 6 1 2 9 3 7 5 - - - 6 7 4 2 9 8 5 1 3
9 2 7 5 3 6 1 8 4 - - - 5 1 2 6 4 3 7 9 8
5 1 3 4 7 8 9 6 2 - - - 9 3 8 1 5 7 6 4 2
2 3 4 9 5 7 6 1 8 5 7 2 4 9 3 7 6 1 2 8 5
6 7 5 8 1 4 2 3 9 4 1 8 7 5 6 9 8 2 1 3 4
1 8 9 2 6 3 4 5 7 6 9 3 8 2 1 4 3 5 9 7 6
- - - - - - 3 2 5 9 4 7 6 1 8 - - - - - -
- - - - - - 9 7 6 8 2 1 5 3 4 - - - - - -
- - - - - - 1 8 4 3 5 6 9 7 2 - - - - - -
9 4 1 5 7 3 8 6 2 7 3 9 1 4 5 9 3 8 7 6 2
6 7 3 8 2 4 5 9 1 2 6 4 3 8 7 2 1 6 5 9 4
8 5 2 1 6 9 7 4 3 1 8 5 2 6 9 7 5 4 8 3 1
1 8 4 7 9 5 2 3 6 - - - 9 2 4 6 7 5 3 1 8
5 6 7 2 3 1 4 8 9 - - - 5 1 3 8 9 2 4 7 6
3 2 9 6 4 8 1 7 5 - - - 8 7 6 3 4 1 9 2 5
4 1 8 3 5 6 9 2 7 - - - 4 3 2 5 6 9 1 8 7
2 3 5 9 8 7 6 1 4 - - - 6 9 1 4 8 7 2 5 3
7 9 6 4 1 2 3 5 8 - - - 7 5 8 1 2 3 6 4 9