21 21
2 8 6 5 3 1 9 4 7 - - - 9 4 2 1 8 6 3 7 5
5 7 4 9 2 6 1 8 3 - - - 7 5 1 2 3 9 4 6 8
3 9 1 7 8 4 5 2 6 - - - 3 8 6 4 5 7 1 9 2
6 2 9 8 7 3 4 5 1 - - - 6 1 8 7 4 3 2 5 9
4 5 8 1 6 2 3 7 9 - - - 5 9 4 6 1 2 7 8 3
7 1 3 4 9 5 8 6 2 - - - 2 7 3 5 9 8 6 1 4
8 3 2 6 5 9 7 1 4 2 3 9 8 6 5 3 2 1 9 4 7
9 4 5 2 1 7 6 3 8 7 4 5 1 2 9 8 7 4 5 3 6
1 6 7 3 4 8 2 9 5 1 6 8 4 3 7 9 6 5 8 2 1
- - - - - - 3 6 2 9 5 4 7 1 8 - - - - - -
- - - - - - 9 4 7 3 8 1 2 5 6 - - - - - -
- - - - - - 5 8 1 6 7 2 9 4 3 - - - - - -
3 5 7 4 8 9 1 2 6 8 9 3 5 7 4 9 8 1 6 2 3
8 2 6 5 1 3 4 7 9 5 2 6 3 8 1 2 6 5 7 4 9
1 9 4 2 6 7 8 5 3 4 1 7 6 9 2 3 7 4 1 8 5
5 3 1 8 4 2 6 9 7 - - - 4 3 8 5 9 7 2 6 1
7 4 2 9 3 6 5 8 1 - - - 1 5 7 6 2 8 9 3 4
6 8 9 7 5 1 2 3 4 - - - 9 2 6 4 1 3 5 7 8
4 7 3 1 2 8 9 6 5 - - - 2 1 9 8 4 6 3 5 7
9 1 8 6 7 5 3 4 2 - - - 8 6 3 7 5 9 4 1 2
2 6 5 3 9 4 7 1 8 - - - 7 4 5 1 3 2 8 9 6