21 21
8 4 1 2 7 6 3 5 9 - - - 2 9 4 6 3 8 1 7 5
2 6 5 4 9 3 8 7 1 - - - 8 7 3 2 1 5 9 4 6
7 9 3 5 1 8 2 4 6 - - - 1 6 5 7 4 9 3 8 2
3 8 6 1 2 4 7 9 5 - - - 3 8 6 5 7 4 2 1 9
1 5 4 7 8 9 6 3 2 - - - 4 5 7 1 9 2 8 6 3
9 7 2 3 6 5 4 1 8 - - - 9 2 1 3 8 6 4 5 7
6 1 9 8 3 7 5 2 4 8 7 3 6 1 9 4 2 7 5 3 8
5 3 8 9 4 2 1 6 7 9 4 2 5 3 8 9 6 1 7 2 4
4 2 7 6 5 1 9 8 3 6 1 5 7 4 2 8 5 3 6 9 1
- - - - - - 3 1 8 2 5 9 4 6 7 - - - - - -
- - - - - - 6 7 2 3 8 4 9 5 1 - - - - - -
- - - - - - 4 5 9 1 6 7 8 2 3 - - - - - -
4 2 7 3 6 5 8 9 1 4 2 6 3 7 5 2 9 8 1 6 4
8 1 5 9 2 4 7 3 6 5 9 1 2 8 4 3 6 1 7 5 9
6 9 3 8 7 1 2 4 5 7 3 8 1 9 6 7 4 5 2 8 3
7 3 8 5 9 6 4 1 2 - - - 6 4 7 1 8 3 9 2 5
1 6 9 2 4 7 3 5 8 - - - 9 1 2 4 5 6 3 7 8
2 5 4 1 8 3 9 6 7 - - - 5 3 8 9 7 2 4 1 6
3 8 2 6 1 9 5 7 4 - - - 7 5 1 6 3 9 8 4 2
9 4 6 7 5 2 1 8 3 - - - 8 2 3 5 1 4 6 9 7
5 7 1 4 3 8 6 2 9 - - - 4 6 9 8 2 7 5 3 1