21 21
2 3 6 1 9 4 8 5 7 - - - 9 7 2 1 8 6 5 3 4
1 9 5 7 8 3 6 4 2 - - - 8 5 1 4 3 9 2 7 6
4 7 8 6 2 5 9 3 1 - - - 3 6 4 5 7 2 8 9 1
9 5 1 8 6 7 3 2 4 - - - 5 1 8 9 4 7 3 6 2
6 4 3 5 1 2 7 8 9 - - - 6 9 7 3 2 1 4 5 8
8 2 7 4 3 9 5 1 6 - - - 4 2 3 8 6 5 7 1 9
3 1 9 2 5 6 4 7 8 6 9 2 1 3 5 2 9 8 6 4 7
7 6 2 3 4 8 1 9 5 7 3 8 2 4 6 7 1 3 9 8 5
5 8 4 9 7 1 2 6 3 1 4 5 7 8 9 6 5 4 1 2 3
- - - - - - 8 3 7 4 6 1 5 9 2 - - - - - -
- - - - - - 5 2 4 9 8 7 6 1 3 - - - - - -
- - - - - - 6 1 9 5 2 3 4 7 8 - - - - - -
2 8 1 3 9 5 7 4 6 3 5 9 8 2 1 5 3 4 9 6 7
9 7 5 6 2 4 3 8 1 2 7 6 9 5 4 1 6 7 3 2 8
4 3 6 7 8 1 9 5 2 8 1 4 3 6 7 8 2 9 4 1 5
5 1 8 9 3 2 6 7 4 - - - 6 8 3 4 7 5 1 9 2
3 6 2 5 4 7 1 9 8 - - - 1 4 2 9 8 6 7 5 3
7 4 9 8 1 6 2 3 5 - - - 5 7 9 3 1 2 8 4 6
8 2 4 1 7 3 5 6 9 - - - 7 9 5 6 4 3 2 8 1
6 9 7 2 5 8 4 1 3 - - - 4 3 8 2 5 1 6 7 9
1 5 3 4 6 9 8 2 7 - - - 2 1 6 7 9 8 5 3 4