21 21
5 8 1 9 3 2 6 7 4 - - - 1 9 4 6 3 5 2 7 8
7 3 9 4 6 1 8 2 5 - - - 8 7 6 2 9 4 1 5 3
6 2 4 7 8 5 9 1 3 - - - 5 2 3 1 8 7 9 6 4
2 7 8 6 9 3 5 4 1 - - - 9 3 8 5 7 2 6 4 1
4 1 5 8 2 7 3 9 6 - - - 2 4 5 9 6 1 8 3 7
3 9 6 1 5 4 2 8 7 - - - 7 6 1 8 4 3 5 2 9
9 5 7 3 4 8 1 6 2 7 4 5 3 8 9 7 2 6 4 1 5
8 4 3 2 1 6 7 5 9 3 6 8 4 1 2 3 5 9 7 8 6
1 6 2 5 7 9 4 3 8 2 1 9 6 5 7 4 1 8 3 9 2
- - - - - - 2 1 5 6 8 4 7 9 3 - - - - - -
- - - - - - 3 4 6 9 7 1 5 2 8 - - - - - -
- - - - - - 9 8 7 5 2 3 1 6 4 - - - - - -
4 6 2 5 9 1 8 7 3 1 5 2 9 4 6 1 3 7 8 2 5
8 3 1 7 6 2 5 9 4 8 3 6 2 7 1 5 6 8 3 9 4
7 5 9 4 3 8 6 2 1 4 9 7 8 3 5 9 4 2 1 7 6
6 2 8 3 4 5 7 1 9 - - - 3 5 2 6 7 9 4 1 8
5 9 3 1 2 7 4 6 8 - - - 4 8 9 3 2 1 6 5 7
1 4 7 9 8 6 2 3 5 - - - 6 1 7 4 8 5 9 3 2
9 7 4 2 5 3 1 8 6 - - - 7 2 3 8 9 4 5 6 1
3 1 6 8 7 4 9 5 2 - - - 1 6 4 2 5 3 7 8 9
2 8 5 6 1 9 3 4 7 - - - 5 9 8 7 1 6 2 4 3