21 21
8 9 7 1 3 5 4 2 6 - - - 9 2 8 5 4 6 1 3 7
5 1 6 4 2 7 8 3 9 - - - 1 5 4 3 9 7 8 6 2
3 4 2 9 6 8 7 1 5 - - - 6 3 7 8 1 2 4 5 9
7 5 1 2 8 9 3 6 4 - - - 5 9 1 7 6 8 2 4 3
9 2 4 3 5 6 1 7 8 - - - 3 8 6 2 5 4 9 7 1
6 3 8 7 4 1 5 9 2 - - - 7 4 2 9 3 1 5 8 6
1 6 9 5 7 4 2 8 3 9 7 1 4 6 5 1 2 3 7 9 8
2 7 5 8 9 3 6 4 1 5 8 3 2 7 9 6 8 5 3 1 4
4 8 3 6 1 2 9 5 7 4 2 6 8 1 3 4 7 9 6 2 5
- - - - - - 1 2 8 3 4 7 9 5 6 - - - - - -
- - - - - - 3 7 5 6 9 8 1 4 2 - - - - - -
- - - - - - 4 9 6 2 1 5 7 3 8 - - - - - -
6 8 2 4 3 7 5 1 9 8 6 4 3 2 7 1 9 8 5 6 4
1 4 3 5 9 8 7 6 2 1 3 9 5 8 4 7 2 6 3 1 9
7 5 9 6 1 2 8 3 4 7 5 2 6 9 1 4 5 3 8 7 2
2 9 1 7 5 3 4 8 6 - - - 1 7 8 6 4 5 9 2 3
5 7 4 9 8 6 1 2 3 - - - 2 4 3 8 7 9 1 5 6
8 3 6 2 4 1 9 7 5 - - - 9 6 5 3 1 2 7 4 8
4 6 8 1 2 9 3 5 7 - - - 8 5 9 2 6 1 4 3 7
9 1 7 3 6 5 2 4 8 - - - 7 1 6 9 3 4 2 8 5
3 2 5 8 7 4 6 9 1 - - - 4 3 2 5 8 7 6 9 1