21 21
8 6 4 5 2 7 1 3 9 - - - 7 8 5 1 9 4 3 6 2
1 5 3 6 9 8 4 7 2 - - - 4 3 6 7 2 8 5 1 9
2 9 7 1 4 3 8 5 6 - - - 1 9 2 3 6 5 8 7 4
3 4 8 9 7 6 2 1 5 - - - 5 7 3 2 1 6 9 4 8
9 1 2 3 8 5 7 6 4 - - - 2 1 8 4 5 9 7 3 6
5 7 6 2 1 4 3 9 8 - - - 9 6 4 8 7 3 2 5 1
7 8 1 4 5 9 6 2 3 5 1 7 8 4 9 5 3 1 6 2 7
4 3 5 7 6 2 9 8 1 3 2 4 6 5 7 9 4 2 1 8 3
6 2 9 8 3 1 5 4 7 9 6 8 3 2 1 6 8 7 4 9 5
- - - - - - 7 1 9 6 4 2 5 3 8 - - - - - -
- - - - - - 2 5 4 8 3 9 1 7 6 - - - - - -
- - - - - - 3 6 8 7 5 1 4 9 2 - - - - - -
5 1 8 3 9 6 4 7 2 1 8 3 9 6 5 1 8 7 4 3 2
3 7 6 4 2 1 8 9 5 4 7 6 2 1 3 6 4 5 7 9 8
2 4 9 5 8 7 1 3 6 2 9 5 7 8 4 2 9 3 5 6 1
4 2 3 1 5 9 7 6 8 - - - 1 9 7 4 3 2 8 5 6
8 5 7 6 3 4 9 2 1 - - - 8 4 2 5 1 6 9 7 3
6 9 1 2 7 8 3 5 4 - - - 3 5 6 8 7 9 1 2 4
9 8 4 7 6 2 5 1 3 - - - 4 7 9 3 2 1 6 8 5
7 3 2 8 1 5 6 4 9 - - - 5 2 1 7 6 8 3 4 9
1 6 5 9 4 3 2 8 7 - - - 6 3 8 9 5 4 2 1 7