21 21
3 8 2 4 6 1 7 5 9 - - - 7 4 5 1 8 2 6 3 9
9 5 7 8 3 2 6 1 4 - - - 8 1 3 6 5 9 4 7 2
1 6 4 7 5 9 8 3 2 - - - 9 6 2 4 3 7 1 8 5
8 7 3 5 2 4 9 6 1 - - - 5 2 1 7 9 3 8 6 4
4 2 6 1 9 7 5 8 3 - - - 6 9 4 2 1 8 7 5 3
5 9 1 6 8 3 4 2 7 - - - 3 8 7 5 4 6 9 2 1
2 4 5 9 1 8 3 7 6 8 1 4 2 5 9 8 6 4 3 1 7
6 1 9 3 7 5 2 4 8 5 9 7 1 3 6 9 7 5 2 4 8
7 3 8 2 4 6 1 9 5 6 3 2 4 7 8 3 2 1 5 9 6
- - - - - - 7 5 1 2 8 3 9 6 4 - - - - - -
- - - - - - 4 6 3 9 7 1 8 2 5 - - - - - -
- - - - - - 8 2 9 4 6 5 3 1 7 - - - - - -
9 4 8 6 3 2 5 1 7 3 4 9 6 8 2 7 4 5 3 1 9
1 2 7 8 9 5 6 3 4 7 2 8 5 9 1 3 2 6 4 8 7
3 6 5 4 1 7 9 8 2 1 5 6 7 4 3 9 1 8 6 5 2
8 5 3 9 7 4 1 2 6 - - - 3 5 6 2 8 7 1 9 4
2 9 1 3 5 6 4 7 8 - - - 4 7 9 1 5 3 2 6 8
6 7 4 1 2 8 3 9 5 - - - 2 1 8 4 6 9 7 3 5
5 8 9 2 6 1 7 4 3 - - - 9 6 4 5 3 2 8 7 1
7 1 2 5 4 3 8 6 9 - - - 1 3 5 8 7 4 9 2 6
4 3 6 7 8 9 2 5 1 - - - 8 2 7 6 9 1 5 4 3