21 21
4 7 8 2 9 1 5 6 3 - - - 4 1 8 2 7 5 3 6 9
5 3 1 7 8 6 9 2 4 - - - 2 7 3 6 8 9 4 5 1
2 9 6 4 3 5 1 7 8 - - - 6 9 5 4 1 3 2 8 7
6 8 4 9 5 7 2 3 1 - - - 7 8 2 1 3 6 5 9 4
9 1 7 3 4 2 6 8 5 - - - 1 5 6 8 9 4 7 2 3
3 2 5 6 1 8 4 9 7 - - - 9 3 4 7 5 2 8 1 6
1 6 3 5 7 9 8 4 2 3 1 9 5 6 7 3 2 1 9 4 8
8 4 2 1 6 3 7 5 9 8 4 6 3 2 1 9 4 8 6 7 5
7 5 9 8 2 4 3 1 6 5 7 2 8 4 9 5 6 7 1 3 2
- - - - - - 4 3 1 6 2 8 7 9 5 - - - - - -
- - - - - - 9 2 5 7 3 4 6 1 8 - - - - - -
- - - - - - 6 8 7 9 5 1 2 3 4 - - - - - -
4 7 6 1 3 2 5 9 8 4 6 3 1 7 2 3 4 6 9 8 5
1 3 8 9 7 5 2 6 4 1 8 7 9 5 3 2 7 8 4 6 1
5 9 2 4 6 8 1 7 3 2 9 5 4 8 6 1 9 5 2 3 7
9 2 4 6 1 7 3 8 5 - - - 3 9 4 5 2 1 8 7 6
3 6 1 5 8 4 9 2 7 - - - 8 2 5 4 6 7 1 9 3
7 8 5 3 2 9 6 4 1 - - - 6 1 7 8 3 9 5 4 2
2 1 9 8 4 3 7 5 6 - - - 2 3 9 6 1 4 7 5 8
6 4 7 2 5 1 8 3 9 - - - 5 4 1 7 8 3 6 2 9
8 5 3 7 9 6 4 1 2 - - - 7 6 8 9 5 2 3 1 4