21 21
3 2 9 1 7 6 5 4 8 - - - 6 5 2 4 7 8 3 9 1
6 1 4 8 5 3 9 7 2 - - - 9 7 4 2 3 1 6 5 8
5 8 7 9 2 4 6 3 1 - - - 3 1 8 5 6 9 7 2 4
4 6 3 7 1 9 2 8 5 - - - 4 3 6 8 1 5 2 7 9
2 9 5 3 6 8 4 1 7 - - - 1 2 5 7 9 3 4 8 6
8 7 1 5 4 2 3 9 6 - - - 8 9 7 6 2 4 5 1 3
9 5 2 4 8 7 1 6 3 8 7 5 2 4 9 1 5 6 8 3 7
1 4 8 6 3 5 7 2 9 4 1 6 5 8 3 9 4 7 1 6 2
7 3 6 2 9 1 8 5 4 9 2 3 7 6 1 3 8 2 9 4 5
- - - - - - 2 3 5 6 8 1 4 9 7 - - - - - -
- - - - - - 4 9 1 7 5 2 8 3 6 - - - - - -
- - - - - - 6 7 8 3 9 4 1 2 5 - - - - - -
4 2 8 9 7 5 3 1 6 5 4 8 9 7 2 1 5 4 8 3 6
7 6 5 3 1 8 9 4 2 1 3 7 6 5 8 7 3 2 1 9 4
9 3 1 4 2 6 5 8 7 2 6 9 3 1 4 8 9 6 2 5 7
2 9 4 6 5 3 1 7 8 - - - 5 8 9 3 6 7 4 2 1
3 8 7 1 9 4 6 2 5 - - - 7 4 6 5 2 1 9 8 3
1 5 6 2 8 7 4 9 3 - - - 1 2 3 4 8 9 6 7 5
8 1 9 5 3 2 7 6 4 - - - 8 6 5 9 1 3 7 4 2
5 4 2 7 6 1 8 3 9 - - - 4 9 1 2 7 5 3 6 8
6 7 3 8 4 9 2 5 1 - - - 2 3 7 6 4 8 5 1 9