21 21
6 5 1 9 3 7 4 8 2 - - - 9 5 1 2 4 8 6 3 7
8 2 9 4 1 6 5 3 7 - - - 6 7 8 5 1 3 2 9 4
3 7 4 5 2 8 6 1 9 - - - 4 2 3 6 7 9 8 5 1
7 6 3 1 9 5 2 4 8 - - - 8 3 4 9 6 5 7 1 2
4 8 5 6 7 2 1 9 3 - - - 1 9 2 7 8 4 3 6 5
9 1 2 3 8 4 7 6 5 - - - 7 6 5 3 2 1 4 8 9
1 9 6 2 5 3 8 7 4 6 5 3 2 1 9 8 3 7 5 4 6
2 3 8 7 4 1 9 5 6 8 1 2 3 4 7 1 5 6 9 2 8
5 4 7 8 6 9 3 2 1 4 7 9 5 8 6 4 9 2 1 7 3
- - - - - - 6 3 2 7 9 4 1 5 8 - - - - - -
- - - - - - 1 4 5 2 6 8 7 9 3 - - - - - -
- - - - - - 7 8 9 5 3 1 6 2 4 - - - - - -
4 8 6 7 5 1 2 9 3 1 4 6 8 7 5 3 1 6 2 4 9
5 3 9 8 2 6 4 1 7 3 8 5 9 6 2 4 5 7 3 8 1
7 1 2 9 4 3 5 6 8 9 2 7 4 3 1 8 2 9 6 5 7
8 4 1 5 3 7 6 2 9 - - - 1 4 7 2 9 3 8 6 5
9 2 3 4 6 8 1 7 5 - - - 3 2 9 5 6 8 7 1 4
6 7 5 1 9 2 3 8 4 - - - 6 5 8 1 7 4 9 2 3
1 9 4 2 8 5 7 3 6 - - - 2 9 3 6 4 5 1 7 8
3 5 7 6 1 9 8 4 2 - - - 5 8 6 7 3 1 4 9 2
2 6 8 3 7 4 9 5 1 - - - 7 1 4 9 8 2 5 3 6