21 21
8 5 3 4 2 9 7 1 6 - - - 9 2 6 7 1 5 4 3 8
9 4 2 1 6 7 8 5 3 - - - 4 1 7 9 3 8 6 5 2
1 6 7 3 8 5 2 4 9 - - - 5 8 3 4 6 2 7 9 1
7 3 8 9 4 2 1 6 5 - - - 1 7 4 8 5 9 3 2 6
4 2 5 6 1 8 9 3 7 - - - 8 3 9 6 2 1 5 4 7
6 9 1 7 5 3 4 2 8 - - - 2 6 5 3 4 7 1 8 9
2 8 6 5 9 4 3 7 1 5 2 4 6 9 8 5 7 3 2 1 4
3 1 4 8 7 6 5 9 2 8 7 6 3 4 1 2 9 6 8 7 5
5 7 9 2 3 1 6 8 4 1 9 3 7 5 2 1 8 4 9 6 3
- - - - - - 2 6 7 3 4 1 9 8 5 - - - - - -
- - - - - - 4 5 3 2 8 9 1 6 7 - - - - - -
- - - - - - 9 1 8 7 6 5 4 2 3 - - - - - -
3 2 9 6 1 8 7 4 5 9 3 8 2 1 6 3 4 9 8 7 5
4 8 7 5 3 9 1 2 6 4 5 7 8 3 9 2 5 7 4 6 1
6 1 5 4 2 7 8 3 9 6 1 2 5 7 4 6 1 8 2 3 9
2 5 4 9 7 6 3 1 8 - - - 1 2 5 8 7 3 9 4 6
7 3 6 1 8 4 9 5 2 - - - 6 4 7 1 9 5 3 8 2
8 9 1 3 5 2 6 7 4 - - - 3 9 8 4 2 6 5 1 7
1 4 3 8 6 5 2 9 7 - - - 7 6 3 9 8 2 1 5 4
5 6 2 7 9 3 4 8 1 - - - 4 8 2 5 6 1 7 9 3
9 7 8 2 4 1 5 6 3 - - - 9 5 1 7 3 4 6 2 8