21 21
7 5 4 6 3 8 9 1 2 - - - 7 1 2 9 4 6 8 5 3
8 6 2 5 1 9 4 7 3 - - - 9 5 4 7 8 3 1 2 6
1 9 3 2 7 4 6 8 5 - - - 8 3 6 2 5 1 7 9 4
9 4 5 7 2 6 8 3 1 - - - 5 4 9 3 1 7 2 6 8
2 7 6 3 8 1 5 4 9 - - - 3 2 7 5 6 8 9 4 1
3 1 8 4 9 5 2 6 7 - - - 1 6 8 4 2 9 5 3 7
4 8 9 1 5 7 3 2 6 5 9 7 4 8 1 6 9 2 3 7 5
5 3 7 8 6 2 1 9 4 3 8 6 2 7 5 8 3 4 6 1 9
6 2 1 9 4 3 7 5 8 4 2 1 6 9 3 1 7 5 4 8 2
- - - - - - 6 1 2 9 3 4 7 5 8 - - - - - -
- - - - - - 9 4 7 8 6 5 1 3 2 - - - - - -
- - - - - - 8 3 5 7 1 2 9 4 6 - - - - - -
2 9 3 8 5 6 4 7 1 6 5 8 3 2 9 5 7 6 8 4 1
7 5 6 4 1 9 2 8 3 1 4 9 5 6 7 4 8 1 3 2 9
8 1 4 2 7 3 5 6 9 2 7 3 8 1 4 2 3 9 6 7 5
9 4 2 3 6 8 7 1 5 - - - 7 8 2 9 1 4 5 6 3
5 3 8 1 9 7 6 4 2 - - - 4 5 3 6 2 8 1 9 7
1 6 7 5 4 2 9 3 8 - - - 6 9 1 7 5 3 4 8 2
4 8 9 7 2 1 3 5 6 - - - 2 7 8 1 4 5 9 3 6
3 2 5 6 8 4 1 9 7 - - - 9 4 5 3 6 2 7 1 8
6 7 1 9 3 5 8 2 4 - - - 1 3 6 8 9 7 2 5 4