21 21
2 8 7 5 4 1 9 3 6 - - - 6 9 7 8 2 1 4 5 3
1 6 3 9 7 2 8 4 5 - - - 5 2 4 6 9 3 7 1 8
9 5 4 3 8 6 1 7 2 - - - 3 8 1 7 5 4 6 2 9
7 1 8 6 2 3 4 5 9 - - - 8 7 5 1 6 9 2 3 4
5 3 2 4 9 8 6 1 7 - - - 9 4 3 5 7 2 8 6 1
4 9 6 1 5 7 3 2 8 - - - 1 6 2 4 3 8 9 7 5
8 7 9 2 1 4 5 6 3 4 2 8 7 1 9 2 8 5 3 4 6
6 4 5 7 3 9 2 8 1 7 9 5 4 3 6 9 1 7 5 8 2
3 2 1 8 6 5 7 9 4 3 1 6 2 5 8 3 4 6 1 9 7
- - - - - - 4 5 9 6 8 3 1 2 7 - - - - - -
- - - - - - 1 3 2 5 7 9 6 8 4 - - - - - -
- - - - - - 8 7 6 2 4 1 5 9 3 - - - - - -
5 7 3 9 2 1 6 4 8 1 3 2 9 7 5 6 2 8 1 4 3
6 9 2 5 4 8 3 1 7 9 5 4 8 6 2 1 3 4 9 7 5
4 1 8 6 7 3 9 2 5 8 6 7 3 4 1 9 5 7 2 6 8
9 5 4 8 6 7 2 3 1 - - - 1 2 8 4 9 3 7 5 6
3 6 1 2 9 5 7 8 4 - - - 6 5 9 7 8 1 3 2 4
2 8 7 3 1 4 5 6 9 - - - 4 3 7 2 6 5 8 9 1
1 2 9 4 5 6 8 7 3 - - - 2 8 6 5 1 9 4 3 7
7 3 5 1 8 2 4 9 6 - - - 5 1 4 3 7 2 6 8 9
8 4 6 7 3 9 1 5 2 - - - 7 9 3 8 4 6 5 1 2