21 21
7 2 1 8 5 4 3 9 6 - - - 5 4 2 7 1 3 8 6 9
3 4 8 6 9 2 1 5 7 - - - 8 1 9 6 4 5 3 2 7
6 9 5 1 7 3 4 2 8 - - - 7 3 6 2 8 9 4 5 1
1 3 6 5 2 7 9 8 4 - - - 4 5 1 3 9 2 7 8 6
2 8 4 9 3 1 6 7 5 - - - 9 6 7 8 5 4 1 3 2
5 7 9 4 8 6 2 1 3 - - - 2 8 3 1 6 7 5 9 4
4 6 7 2 1 8 5 3 9 1 2 8 6 7 4 5 2 8 9 1 3
9 1 3 7 4 5 8 6 2 3 4 7 1 9 5 4 3 6 2 7 8
8 5 2 3 6 9 7 4 1 5 6 9 3 2 8 9 7 1 6 4 5
- - - - - - 1 5 8 6 7 4 9 3 2 - - - - - -
- - - - - - 3 2 7 9 5 1 4 8 6 - - - - - -
- - - - - - 6 9 4 2 8 3 5 1 7 - - - - - -
8 2 4 3 5 1 9 7 6 8 3 5 2 4 1 5 9 3 6 8 7
1 5 6 9 4 7 2 8 3 4 1 6 7 5 9 6 8 1 2 3 4
7 9 3 2 8 6 4 1 5 7 9 2 8 6 3 2 7 4 5 1 9
5 1 8 4 3 2 7 6 9 - - - 4 2 7 9 5 8 1 6 3
4 3 7 6 9 5 8 2 1 - - - 1 3 6 4 2 7 9 5 8
2 6 9 1 7 8 5 3 4 - - - 9 8 5 3 1 6 4 7 2
6 4 1 7 2 9 3 5 8 - - - 5 7 2 1 3 9 8 4 6
3 8 2 5 6 4 1 9 7 - - - 3 1 4 8 6 2 7 9 5
9 7 5 8 1 3 6 4 2 - - - 6 9 8 7 4 5 3 2 1