21 21
3 9 6 7 8 1 2 4 5 - - - 1 5 3 6 9 2 7 8 4
5 7 2 9 6 4 1 8 3 - - - 2 8 6 7 5 4 9 3 1
4 8 1 3 5 2 6 7 9 - - - 9 7 4 8 1 3 2 5 6
2 3 8 6 7 9 4 5 1 - - - 5 3 8 9 4 1 6 2 7
6 1 5 4 2 8 9 3 7 - - - 7 2 9 3 6 5 1 4 8
9 4 7 5 1 3 8 6 2 - - - 6 4 1 2 8 7 3 9 5
7 5 9 1 4 6 3 2 8 5 1 6 4 9 7 5 3 6 8 1 2
8 6 3 2 9 5 7 1 4 3 2 9 8 6 5 1 2 9 4 7 3
1 2 4 8 3 7 5 9 6 4 8 7 3 1 2 4 7 8 5 6 9
- - - - - - 2 6 9 1 5 3 7 8 4 - - - - - -
- - - - - - 4 7 5 9 6 8 2 3 1 - - - - - -
- - - - - - 8 3 1 7 4 2 6 5 9 - - - - - -
5 2 9 7 8 1 6 4 3 2 9 5 1 7 8 4 3 6 9 5 2
4 3 8 9 6 2 1 5 7 8 3 4 9 2 6 1 5 7 4 8 3
7 1 6 3 5 4 9 8 2 6 7 1 5 4 3 9 2 8 7 1 6
1 5 4 6 2 9 3 7 8 - - - 6 5 1 8 7 2 3 4 9
2 9 3 8 7 5 4 1 6 - - - 4 9 7 3 1 5 2 6 8
6 8 7 1 4 3 2 9 5 - - - 8 3 2 6 4 9 1 7 5
9 6 1 5 3 8 7 2 4 - - - 2 6 4 7 8 3 5 9 1
8 7 2 4 9 6 5 3 1 - - - 3 1 9 5 6 4 8 2 7
3 4 5 2 1 7 8 6 9 - - - 7 8 5 2 9 1 6 3 4