21 21
7 9 2 5 4 6 3 8 1 - - - 2 6 7 5 3 8 9 1 4
1 8 4 3 7 9 6 5 2 - - - 3 1 9 2 4 6 8 5 7
5 3 6 1 8 2 9 4 7 - - - 8 5 4 9 1 7 2 6 3
2 1 5 6 9 4 8 7 3 - - - 7 2 6 3 8 5 4 9 1
3 7 8 2 1 5 4 6 9 - - - 5 8 1 4 6 9 3 7 2
6 4 9 8 3 7 2 1 5 - - - 4 9 3 7 2 1 6 8 5
4 2 7 9 5 8 1 3 6 5 8 4 9 7 2 8 5 4 1 3 6
9 5 1 4 6 3 7 2 8 1 9 3 6 4 5 1 9 3 7 2 8
8 6 3 7 2 1 5 9 4 6 2 7 1 3 8 6 7 2 5 4 9
- - - - - - 6 4 5 7 3 1 2 8 9 - - - - - -
- - - - - - 9 8 7 4 5 2 3 6 1 - - - - - -
- - - - - - 2 1 3 9 6 8 4 5 7 - - - - - -
6 3 1 2 4 5 8 7 9 3 1 6 5 2 4 3 6 7 1 8 9
5 2 7 9 8 3 4 6 1 2 7 5 8 9 3 2 1 5 4 6 7
8 4 9 7 1 6 3 5 2 8 4 9 7 1 6 9 4 8 3 5 2
2 7 8 3 9 1 5 4 6 - - - 2 7 9 6 3 4 8 1 5
4 1 6 5 7 8 2 9 3 - - - 6 4 1 5 8 9 7 2 3
9 5 3 6 2 4 1 8 7 - - - 3 8 5 7 2 1 6 9 4
3 9 2 4 5 7 6 1 8 - - - 9 5 8 1 7 3 2 4 6
7 8 5 1 6 2 9 3 4 - - - 4 6 7 8 9 2 5 3 1
1 6 4 8 3 9 7 2 5 - - - 1 3 2 4 5 6 9 7 8