21 21
3 6 4 8 7 5 2 9 1 - - - 8 3 2 4 1 7 5 9 6
7 2 9 1 3 4 5 6 8 - - - 4 6 5 3 8 9 1 2 7
1 5 8 6 9 2 3 4 7 - - - 7 1 9 5 2 6 3 4 8
4 9 6 7 1 3 8 5 2 - - - 5 8 3 7 6 2 9 1 4
5 3 7 2 4 8 6 1 9 - - - 6 7 1 9 3 4 2 8 5
8 1 2 9 5 6 4 7 3 - - - 9 2 4 1 5 8 7 6 3
2 8 1 4 6 7 9 3 5 2 8 7 1 4 6 2 7 5 8 3 9
9 4 5 3 8 1 7 2 6 9 1 4 3 5 8 6 9 1 4 7 2
6 7 3 5 2 9 1 8 4 5 6 3 2 9 7 8 4 3 6 5 1
- - - - - - 2 4 7 3 5 1 8 6 9 - - - - - -
- - - - - - 5 9 1 6 4 8 7 2 3 - - - - - -
- - - - - - 3 6 8 7 9 2 5 1 4 - - - - - -
2 5 9 6 8 1 4 7 3 1 2 9 6 8 5 9 4 2 7 1 3
3 7 8 4 5 2 6 1 9 8 3 5 4 7 2 8 3 1 5 9 6
4 1 6 9 7 3 8 5 2 4 7 6 9 3 1 7 5 6 4 2 8
8 3 5 2 1 4 7 9 6 - - - 5 2 9 6 8 4 3 7 1
9 2 1 8 6 7 5 3 4 - - - 3 4 7 1 2 5 6 8 9
6 4 7 3 9 5 1 2 8 - - - 8 1 6 3 9 7 2 4 5
5 6 2 7 4 9 3 8 1 - - - 1 6 3 2 7 8 9 5 4
1 8 3 5 2 6 9 4 7 - - - 7 5 8 4 6 9 1 3 2
7 9 4 1 3 8 2 6 5 - - - 2 9 4 5 1 3 8 6 7