30 40
0
4
5
6
2 4
8
10
11
8 5 7
7 3 11
5 1 2 1 7
3 1 2 1 2 5 1
2 12 5
1 8 9
7 12
1 3 12 2
1 9 3
1 8 1 1 4
1 4 2 3 4
1 2 2 2 3 2
1 12 1
1 3 11 1
1 1 2 10 3
1 6 13
1 7 11 2
7 4 1 4 1
2 6 6 4
2 2 5 3 1 2
4 6 3 2
5 6 5 1
3 3 2 1 6 2 1
8 1 2 1
6 4
5 4
5 1
2 4
2 1
5
0
0
4
4 1 8
10 2 2 2 1 11
10 1 1 1 3 4 2
2 7 1 8 1
9 1 4 4 2 1
10 2 1 1 3 2 1 3
9 1 2 4 5 1
8 1 5 7 2
1 3 1 8 8 2
2 11 4 3 1
8 3 6 1
1 6 6
1 7 3 4
1 5 5 1 1
2 2 1 6 2 1
1 4 9 1 1
2 1 2 9 3
8 7 2
2 5 2 5 2 2
3 4 10 3
4 3 8 2 1 1
4 3 7 1
8 1 2 3 1 1
6 4 5 1
6 5 2 2 1
1 7 2 1 4
2 4 1 5
0
0
