30 30
1 1
1 4 3 4
2 1 1 9 1 1 1 1
1 4 6 1
1 3 5 2
8 9
1 10 8
13 7
15 6
2 6 7 5
13 5 2
5 4 5 1
5 2 5
4 1 3 2 4
5 1 3 2 3
4 2 1 1 6
3 1 1 2 6
3 1 3 2 2
2 1 1 1 1 2
2 1 1 1 1 2
2 2 1 1 1 5
2 1 1 3 5 1 1
3 2 2 2 4 1 2
4 1 1 1 6 1 1
4 1 2 2 5 1 1
4 2 5 1
6 5 7
3 11 4
13 3
11 8
1 2 1 1
1 1 2 10 1
1 1 13 2
9 5
1 10 6
10 6
1 8 5
8 3 3 4
7 3 3 3
1 5 1 2 1 2 3
1 4 1 3 1 1 3
1 6 2 1 2 3
1 7 4
1 6 2 4
1 3 1 4
1 3 2 9 1 2
1 3 2 2 2 2 1
3 2 2 5 2
1 1 1 2 2
1 1 2 2
18 9
26
16 9
1 11 2 1 5 1
13 2 2 3 1
1 4 2 1 1 1
1 1 3 9 1
3 2 2 1
1 2 1 5
1 2 2 1
