30 35
30
1 1
1 2 1
1 2 1
1 3 1
1 1 3 3 1
1 2 3 4 1
1 2 3 4 1
1 2 2 3 1
1 2 2 2 1
1 2 2 2 1
1 2 4 1
1 4 6 1
1 9 1
1 3 2 1
1 6 1
1 9 3 1
1 18 3 1
1 4 20 1
1 3 11 5 1
1 2 9 1
1 2 10 1
1 2 12 1
1 1 7 6 1
1 7 6 1
1 4 2 3 1
1 2 3 1
1 3 2 1
1 3 3 1
1 2 3 1
1 2 3 1
1 2 2 1
1 2 2 1
1 2 1 1
30
35
1 1
1 5 1
1 5 1
1 3 3 1
1 2 8
1 3 4 4
1 2 4 4 1
1 3 10 1
1 6 10 1
1 4 2 9 1
1 3 2 9 1
1 3 14 1
1 22 1
1 2 13 4 1
1 3 5 1 6 3 1
1 3 12 3 2 1
1 3 2 8 2 2 1
1 3 2 1 3 3 2 1
1 1 2 2 2 3
1 2 2 2 1
1 2 3 3 1
1 2 2 2 1
1 1 2 2 1
1 2 1
1 3 1
1 2 1
1 2 1
1 1
35
