30 30
5 2
5 2
6 1 5 2
5 9 3
5 6 2 3
11 2 3 1
10 9 8
12 12
9 8
8 2 3 6
12 3 2 4 1
9 4 2 4
6 5 2 3
5 1 2 2
5 2 2
1 5 3 2
1 5 2
4 2 5 3
6 4 2 3 1
6 1 2 3 2 1
5 1 2 3 2 1
5 2 1 2 1 1 2 1
5 2 2 2 2 2 5
6 3 3 12
4 2 3 3 8
4 2 4 4 10
5 6 15 1
27 2
23 1 3
21 7
15 10
14 12
30
30
24 4
3 8 5 2 3
1 8 3 4 6
11 2 5
6 3 2 2 4
6 2 1 2 1 1 5
3 1 4 4 2 5
3 2 3 2 2 6
2 1 1 3 3
2 1 2 3 4
2 1 1 3 4
3 1 2 1 5
4 1 1 5
2 2 1 6
2 3 1 9
2 3 1 3 4
1 1 3 1 5
2 4 1 4
3 1 2 7
4 1 8 1
6 7
7 1 6 1
9 10 1
3 7 10 2
4 4 7 4 3
2 3 20
