30 30
19 2
10 2
5 11 1 1
2 19 2
1 25
11 12
12 1 7
14 5 3 1
7 3 7
4 2 5
2 2 2 5
2 2 7
2 2 1 2 4
2 1 1 8
1 3 8
1 3 2 4 1
1 1 1 1 1 3 2
1 2 1 1 3 2
1 2 2 1 1 6
1 2 2 1 3 2
1 3 2 4 4
2 2 1 7 3
3 1 1 3 1 4
5 5 3 2
10 3 5 1
6 6 8 2
1 2 10 1
25 1
25 2
25 2
5 19 4
4 9 5 3
3 6 4 3
3 6 3 3
3 5 3 3
2 6 2 3
2 6 1 2 2 3
2 5 5 3 1 4
2 5 2 3 3 1 4
2 5 1 4 1 3 2 3
1 6 1 3
1 6 1 3
1 3 2 1 3
1 3 2 3 1 3
1 4 1 4 2 3
1 6 1 4
1 4 1 6 2 4
1 4 2 2 2 1 5
1 4 2 1 3 1 1 5
5 3 2 1 1 5
6 3 3 4 5
1 3 1 13 6
4 2 12 6
5 4 9 7
4 6 1 8
5 5 3 2
3 2 5 6 5
1 3 2 6 2
2 2 4
1
