30 30
1 1 13 1 5
1 1 9 4 2
1 1 7 2 2 4
2 1 7 1 2 1 1
1 1 5 2 2 1 7
1 1 6 2 1 3 1
1 1 7 2 3 1 1
2 1 5 1 1 3 1
1 1 7 1 2 3 1 1
1 1 7 2 1 3 1
1 1 6 2 2 1 7
2 1 7 2 2 1
1 1 6 2 1 2 4
1 1 4 7 2
1 2 12 2 5
2 1 1 14
1 2 6 1 3 1 5
1 1 6 1 2 2
1 1 7 1 1 1 3
2 1 5 1 3 2 1
1 1 5 1 1 1 1 3
1 1 7 3 3 1 1 1
1 1 4 1 1 1 1 3 1
2 1 5 1 1 1 1 3 1
1 1 6 1 3 3 3 1
1 1 6 1 1 1 2 1
1 1 7 3 1 3
2 2 6 1 4 3
1 1 1 6 1 2 2
5 7 5 5
1 1 1 1 1 1 1
30
1
30
1 1 1 1
10 1 6 2
12 9
14 11
15 13
22 7
4 2 12 2 6
4 1 2 2 5 1 1 4
2 8 6
2 3 3 4 2
2 2 2 3 3 3 1
1 7 4 4
1 2 2 3 3 3
2 2 1 1 2 3
2 3 5 4 1
3 2 3 1 1 2
11 3 4 2
1 1 1 1 3 1 1
1 5 2 4 4 1
4 1 4 1 1 1 2 1
2 7 2 8 3
2 1 1 2 2 1 1 1 2
1 1 1 1 1 1 1 7 1
1 1 1 1 1 1 1 1 1 1
1 1 1 1 1 1 1 1 1 1 1
1 1 7 1 1 1 1 1 1
