30 30
2 13
1 4 8
14 3
24 1
9 18
10 3 15
5 3 3 16
5 3 2 3 6 2
5 3 2 1 2 5 6
6 1 2 1 9 2
3 1 1 2 3 10 2
3 1 2 2 7 3 3
2 13 1 2 1 1
1 3 12 4 1
1 17 4 1
2 8 1 4 4 1
17 2 2 1 1
3 1 2 10 3 1 1
4 1 2 2 11 3
5 1 1 1 2 10 2
5 1 1 2 2 12
5 3 2 1 2 5 4 1
9 2 9 2
9 3 16
9 3 13
9 16 1
22 2
16 5
4 2 8
13
2 4 7
1 6 8
9 11
10 12
24
3 1 1 5
25
7 5 7
27
4 2 5 3
2 5 1 3 4 3
27
6 8 5
5 1 1 6 1 5
4 2 5 2 1 1 4
27
7 4 3 8
1 5 5 4 6 1
1 13 12 1
1 10 3 11 1
1 10 3 11 1
1 8 4 10 1
2 8 5 9 2
2 5 3 4 5 2
2 4 14 3 2
2 4 14 3 3
2 3 3 3 3 3 3
3 3 1 8 2 2 3
3 8 3 2 4
4 19 5
