30 40
1 1 1 3 1
1 1 1 2 1
2 2 2 2
2 2 2 2
5 2 2
5 2 2
6 2 2
6 3 2 2
10 4 2
12 2 2 2
3 1 5 2 2 2
4 5 3 3 2
5 4 1 2 2
2 3 2 2 2 2
3 3 2 2 3
1 1 2 2 2 2
2 4 2 2
1 2 2
2 2
1 3 2
2 4 2 2
1 1 2 2 2 2
3 3 2 2 2
2 3 2 2 2 3
5 4 1 2 2
4 5 3 3 2
3 1 5 1 2 2
12 2 3 2
10 2 2 2
1 6 3 3 3
1 6 6
2 5 5
2 5 4
3 2 2 3
3 2 2 3
3 1 1 1 4
3 1 1 1 6
5 1 10
30
30
6 2
5 5 2
7 5 4 2
4 1 1 7 2 2
2 3 2 1 1 4 4
2 4 2 3 2 3
3 2 4 2 3
2 2 2 3 3
6 2 2 2 3
8 1 2 6 2
9 1 1 8 2
9 2 1 9 2
12 2 2 9 2
8 2 2 12 2
2 3 3 2 8 2
2 1 1 1 3 3 2 2
1 2 1 3 1 1 1 2 3
2 2 1 3 1 2 1 2
1 1 1 2 2 2
20 1 1 3
28 3
11 3
5 4
4 4
10
11
17
17 5
22 3
15 2
