30 30
1 7 12 1
1 6 2 4 2
3 4 5 3 3 1
4 2 6 2 3
5 2 7 2 1
5 2 7 3
6 2 7 3
5 2 6 2
5 2 5 2
5 2 2 2
5 2 2 2
5 1 2 1
4 2 3 2 1
4 1 3 2 1
3 3 3 2 1
3 3 2 1 1
2 4 1 1
2 1 1 1 1
1 1 2 1 1
3 4 3 2
6 1 3 2
6 1 2
7 4 3
11 2 3
7 2 1 1 1 1 3
7 1 2 1 1 1 2 1
6 3 1 1 1 2
5 6 1 1 3 1
5 2 12 1
7 13 2
13 1
14 5
13 7
12 12
10 1 10
7 2 10
2 10
3 4 2 1 7
13 1 2 1 2
11 2 1 1 1
3 5 3 1
2 1 7 1
2 3 1 2
1 3 3 3 2 2
9 3 5 1
12 2 5
1 7 1 2 4
1 7 2 3
1 5 3
1 3 2
1 2 1 3 6
1 2 3 2
3 6
2 2
3 6
4 3
1 3 5
1 4 5
2 20 3
2 7 7 1
