30 30
1 4 7 4 1
9 8 5
10 8 3 5
9 6 1 1 1 4
3 4 5 2 1 1 3
2 8 3 6 2
1 6 4 1 1 1 2
1 2 12 1 1 2 1
1 4 11 1 1 1 1
1 4 5 3 8
1 4 4 1 2 2 1 1
1 2 2 4 2 2 2 1 1
1 2 3 3 2 10
8 4 1 1 1 1
17 2 1 1 1
17 2 9
8 4 1 1 1 1
1 2 3 3 2 2 1 1
1 2 2 4 2 2 10
1 4 4 1 2 2 1 1
1 4 4 3 1 1 1
1 4 11 8
1 2 12 1 1 1
1 6 4 1 1 1 1
2 8 3 7 1
3 4 5 2 1 1 1 2
9 6 2 1 1 1 2
10 6 1 3 3
9 7 1 5
1 4 7 4 1
1 1 8 1 1
2 4 2
11 4 11
5 8 5
4 3 6 3 4
3 5 4 5 3
4 5 4 5 4
6 3 4 3 6
8 2 2 2 8
13 2 13
2 8 2 8 2
10 2 9
10 4 10
10 6 9
6 2 10 2 6
5 2 8 2 5
4 4 2 4 4
3 8 8 3
3 23 2
2 6 2 7 1
3 3
27
1 1 1 1 1 1 1 1 1 1 1
1 1 1 1 1 1 1 1 1 1 1
2 10 1 9 2
3 1 1 7 1 1 2
3 3 1 1 1 1 1 3 1
4 3 1 1 1 1 2 2
6 4 1 5 4
1 7 7 5 1
