30 30
7 2 5
6 3 7
5 3 4 2
7 5 2
4 2 3 2 2 1
3 1 8 5
1 21
1 2 8 3
6 4 6
9 3 2 2
16 2 2 1
8 9 2
1 7 1 10
1 5 1 1 5 1
5 1 3 3 2
1 7 1 1 1 3 3
2 8 1 1 1 3
10 2 2 3
10 3 1 2 1
8 2 3 4
1 7 1 1 3 1
1 7 1 3 2 2
7 1 1 1 1
1 8 1 6
1 8 4 2 1
1 7 4 3
3 10 7 3
7 3 5 3
1 11 7 2
18 1
6 2 2 2
6 3 2 1 2
6 2 4 5
5 11 3
4 14 2
2 1 16 3
1 2 5 11 3
10 12 2
5 12 2
1 5 3 6 2
6 4 4 2
10 9 2
1 1 3 4
2 1 3 3 3 4
1 1 3 1 1 1 1 2 1
2 2 3 2 2 1 1
1 2 3 1 1
2 2 3 1
1 9 1 2
12 6 4
13 5 5
9 4 3 6
3 3 1 4 7
2 1 2 1 1 4 8
2 1 3 2 1 5 2 1 1
3 7 1 1
6 3 2 2
6 5 5
5 4 4
7 6 6
