30 30
1 14 5
3 2 4 3 1
6 3 6
5 6 12
4 3 3 1 9
4 2 2 1 1 3
2 1 1 4 3 1 2
1 1 2 1 3 1 3 3 1
3 1 1 1 3 2 8
1 1 1 2 1 6 1
2 1 3 1 2 1
3 1 2 1 1
3 1 1 2 1 1
3 1 2 2 1 2 1
2 1 1 5 2 3 7
1 1 1 1 3 1 1 1 1 1 1 1
4 1 1 1 3 3 1 2 1
5 1 2 2 3 2
8 2 1 1 2
1 8 3 9
18 2 3
17 2 2
3 4 3 2 3 2
2 6 5 2
2 5 6 2
3 5 13
2 22
2 10 10 1
3 4 4 1 7 2
16 4 4
1 4 2 3 14
6 1 5 3 10
14 7 1 2
5 7 1
2 5 1
1 1 10 4 1
2 3 6 2
2 2 3 6 3
1 1 3 6 4
1 2 1 3 11
1 1 3 2 1 2 5 1
1 1 2 2 3 10
1 1 3 1 1 1 10
1 1 1 1 1 5 3 5
1 2 3 2 2 4
2 1 3 2 1
2 2 3 2 4 3 1
3 2 4 3 5 1
4 2 2 2 5 1
8 4 6 1
1 8 1 9
2 2 3 12
2 2 2 5
2 10 1 4
5 2 2 3 4
5 2 1 2 1 4
5 2 3 1 5
6 2 1 2 4 1
1 5 1 1 10 2
10 11 4
