30 30
14 1
3 14 2
1 18 2
26 2
9 16
8 10
4 1 1 10
2 3 1 8
1 2 1 1 3
3 2 1 1 1
4 2 2 1 1
4 2 2 1 1 3
10 1 3 4
6 2 2 2 3
6 1 1 2
3 3 2 2 2
3 2 6 3 2 1 2
4 10 2 5 2
9 7 5 2
10 4 2 3 3
7 1 1 8
4 2 2 1 1 2 7
7 2 1 3 8
7 2 1 14
7 1 13
7 1 10 2
8 10 2 3
9 10 7
16 10
26
3 25
2 5 21
2 4 21
1 5 5 13
1 4 4 3 8
6 23
13 15
6 1 2 3 4
5 1 5 8 3
5 2 3 2 1 5 2
4 2 2
4 3 3 3 3
5 3 3
5 4 4
5 3 5
4 2 9
5 2 4 6 1
5 1 6 6 1
5 2 5 1
5 3 1 5 1
5 2 7 7
4 7 5 2
5 1 10 2
6 10 3
5 6 4
5 2 10
1 2 2 6 2
2 3 3 6 3
3 3 12 3
3 3 9 3
