30 30
5 1 3
5 2 6
6 1 2
1 5 3 3
1 3 2 3
2 2 7 4 1
6 3 1 2 1 2 2
2 4 5 4 1
3 2 8 1 1 1 1
2 7 3 2 4 3
2 3 2 1 1 1 2
2 3 4 4 2 1 1
1 6 1 1 2 1 1
1 9 2 5
1 4 5 2 4
7 4 2 1 7
13 1 1 2
6 1 3 1 1 1
12 1 6
7 1 1 1 1 4
2 6 2 3 4
3 4 7 1 2 3
4 6 1 2 1 3 3
4 3 1 3 1 5 2
5 6 1 1 8
6 6 1 8 1
1 5 6 10 1
5 2 2 11 1
3 1 7 12
2 1 20
1 4 1 4 1 1
12 1 6 1
5 12 2
1 1 11 6 1
17 5
22 3 1
5 1 1 17
5 1 1 3 9 2
4 1 9 3 1 1 1 1
4 2 4 6 3 1 1 2
3 5 6 1 4 1 2
3 4 4 4 6
1 1 3 2 1 3 4 5
1 5 1 1 2 1 1 4 1
1 2 3 1 3 1 1 1
1 2 2 2 1 1 1
1 1 2
3 1 3
3 1 1 5
2 6 1 4
5 1 1 5 1 5
5 2 2 1 6
2 1 2 2 2 7
1 3 3 3 8
2 1 2 1 4 10
2 2 1 1 1 9
2 1 2 3 7
2 3 5 6
1 2 3 7 1
1 1 1 2 1 5 3
