30 30
12 10
10 5 2
11 4 2 1
1 1 4 2 6 2
1 1 3 1 4 2
1 1 4 1 1 3 1
1 1 4 2 2 1 2
1 1 2 2 3 2 1
2 2 3 9 1 1
2 1 1 1 7 3
1 1 2 3 3
1 2 2 2 2 2
1 3 3 2 1 6
1 3 4 1 11
1 3 21
1 3 7 10
1 3 8 9
1 1 4 1 6
2 2 2 2 3
2 1 2 2 1 2
1 1 2 2 1 2
1 1 3 5 1 1
1 1 3 9 3
1 1 2 2 3 3
4 3 1 3
6 1 1 3
7 1 1 2
22 1
26 2
17 9
1
21 2
2 2 2
5 3
1 1 6 1 3
1 21 5
3 6
6 2 6
7 3 11
7 7 13
4 4 7 5
3 4 5 4
4 5 3
4 3 3
3 3 6
3 5 9 3 3
1 3 2 3 2 4 3
2 1 1 2 3
1 2 1 2 2
2 2 2 2 2
1 2 2 3 3 2
4 6 4 4 3
2 14 2 3
2 2 4 4 6 3
2 3 6 4
3 2 8 2 2
1 2 3 9 2 2
1 2 4 9 4 1
2 3 2 6 2 3 2
3 4 6 3 3
