30 30
9 4 1 3
8 2 2 1 3
7 1 4 1 4
6 3 1 1 5
5 2 1 1 5
4 1 3 1 3 1
3 1 6 2 1
2 2 3 1 2 1
1 7 4 2 1
8 6 3 1
2 3 2 3 2 5 2
5 1 2 3 3 1
4 5 3 9 1 1
3 1 3 3 2 9
3 1 1 3 1 6 2 1
4 5 3 1 5 2 1
5 1 4 4 3
4 4 2 4 3
5 3 1 4 3
5 1 1 4 4
1 2 1 1 2 2 1 2
2 3 2 1 2 2
3 3 1 4
4 2 7 2 2
5 1 2 2 4
6 2 4 3
7 3 2 3 1
8 4 3 1
9 1 4
10 1 4
9 8 10
8 9 9
7 8 8
6 2 5 7
5 2 2 1 4 6
4 1 1 1 4 5
3 2 1 1 1 1 4 4
2 1 2 1 1 1 2 3
1 5 4 1 2
2 4 2 1
4 1 1 4
4 3 7 1
2 1 3 9
1 2 3 5 2
1 1 1 2 2 1 3
3 4 5 1 2
8 4 4 1 1
1 3 1 7 1 2
1 1 12 1
1 2 8 2 1
5 4 2 1
6 8 2 2
7 3 2
4 4 1
2 1 3
7 3 2 4
11 3 3 7
6 3 5 7
5 5 2
8 7 4
