30 30
11 12 1
2 2 1 3 9 1
1 1 4 5 7 3
7 2 12 3
2 2 12 2
1 3 1 15 1
2 1 21 1
29
10 9 1 1 3
9 10 5
9 1 1 5 1 1 3
8 2 2 2 2 4
2 2 1 1 3 1 1 3 2
2 1 1 2 1 1 1 1 2 3
2 1 1 1 1 8 1 2
1 1 2 3 5 3
1 2 4 7 3 1
1 15 2 1
1 2 1 8 2 2
1 1 1 4 4
1 2 3 1 2
1 4 1 1 1
4 2 3 1 1 1
1 1 1 1 3 4 2
2 1 1 1 2 1 1 3
2 1 1 1 6
1 8 3 12 1
2 2 2 12 2
1 3 4 15
3 7 16
4 3 10 2 1 2
2 1 9 2 1 1
1 2 5 3 1
1 1 6 1 1
1 1 1 6 1 1
2 1 7 4
2 3 7 2 1
1 1 1 6 1 2
1 1 12 4
3 6 3 8
1 2 3 4 2 2 2
2 2 4 3 4 1 1
2 5 2 7 1 1
2 5 5 1 1 1
3 6 3 2
8 5 2 8
1 10 3 1 4
1 8 6 2 4
2 8 7 7
11 6 2 4
12 10 1 4
8 1 1 7 2 5
10 3 6 1 5
8 6 7
9 2 7 2 5
8 2 5 5
2 6 1 1 1 1 1 6
1 2 6 1 5 1 2
3 8 1 1 2 3
7 6 1 2 2
