30 30
27 2
2 18 3
6 9 4
16 8 4
13 2 7 4
10 3 1 6 5
9 1 4 3 5
8 3 6 1 5
8 1 2 1 5 1 1
3 2 2 1 6 1
1 2 2 1 1 4 3
2 1 1 6
1 3 4 2 5
2 3 2 2 1 5
4 2 1 1 5
6 6 1 1 1 5
2 2 3 1 1 2 5
4 2 1 2 3 5
5 2 1 3 5
3 2 2 1 2 7
4 2 2 1 1 7 1
6 4 1 1 1 4 1
8 3 6 3 1
1 8 3 3 2
1 6 3 4 1
4 5 7
1 4 16 1
13 5 2 3
8 2 1 9
2 7 1 2 9
2 8 9 2 2 1
2 7 10 2 1 1
1 8 2 7 4
1 7 2 2 9
1 7 1 1 8
1 7 1 6 3
1 9 9 2
1 11 3 4 2
2 4 3 2 7
2 3 4 2 1 6 5
2 2 2 3 1 1 1 4 3 1
2 2 2 1 2 2 1
2 3 3 1 2 3 3 1
2 1 1 2 2 2 1
2 1 2 1 2 3 2
2 2 2 1 1 8
3 5 5 6 1
4 2 2 1 3 4
6 2 5 1 4 1
6 2 1 4 2 1 1 2 1
6 3 2 3 2 1 1
7 3 3 1 2 4
7 3 1 1 4
8 2 2 2 1 2
5 3 5 2
2 5 12 2
1 6 12 2
7 13 3
8 10 2 3
9 7 5 4
