30 30
4 1 1 2 1 2
3 1 2 1 2 1 1
2 2 1 2 9
1 8 2 2 2
1 2 8 2 1 2
1 3 1 9 1 3
1 1 1 1 3 5 3
3 1 3 4 8
5 4 2 1 5 2
6 1 1 13
7 1 1 9 2
6 3 1 3 6
19 5 2
3 1 1 5 8
2 3 3 2 2 2
4 1 1 2 2 4
7 1 2 3 3
5 3 1 1 1 1 1
6 1 1 3 3 1
4 3 1 2 1 2 3
6 1 2 1 1 1 4
6 1 3 1 2 1
4 3 3 1 1 1
4 1 1 2 3 4
1 2 2 5 4 2
1 2 13 3 2
1 9 4 1 2 1
2 1 2 3 2 1
3 1 2 2 4 2 1
5 1 1 2 6 2
5 5
3 5 2 3 3
2 10 3 4 2
1 2 17 1
1 20 1
1 5 6 2
4 2 4 7 2 1
4 1 1 2 1 1 1 1 1 2
2 3 2 2 1 3
5 2 2 2 2 2 2
1 2 2 2 1 1 1 2 4
3 3 1 1 2 2 1 4 1
3 2 1 1 2 2 1 3 2
2 2 1 4
1 3 1 1 1 1 1
2 9 1 4
1 4 4 5 1
1 1 1 1 16 1
3 1 1 6 1 2 2 3 1
1 2 5 3 2 2 2
1 2 3 1 1 1 2 1
1 2 3 2 1 1 1
1 10 1 2 2 1
2 8 1 1 3 1
11 1 1 3 2
23
10 1 1 1
3 1 1 10
1 8 4 2 2 1
2 8 3 2 1 2
