30 30
1 1 2
7 5 2
6 2 2
4 1 3 4 2
16 7
1 4 1 2 1 2
5 2 4 3 2
3 2 1 1 1 3 3
1 4 1 1 1 2 2
3 2 1 1 1 2 1 2
1 1 3 1 1 1 1 1 2 1
1 1 1 2 4 1 1 2 1
2 3 1 1 1 1 1 1
1 1 5 1 1 1 1 1
1 3 4 1 1 1 1
2 3 1 1 1 1 1 1 1
1 1 3 1 1 1 1 1 1 2
1 2 2 1 1 1 1 1 2 4
1 1 1 1 1 1 2 3 1
1 1 4 4 2 1
1 1 1 3 1 4 3
2 8 3 2
2 7 3 5
1 3 2 4 9 1 3
4 2 6 2 1
2 3 3 1 2 1
1 5 4 2 2
9 3 2
5 2
0
3 8
3 1 1 2 2
1 4 1 1 6 1
2 2 2 1 3
4 2 3 2 3 4
5 1 1 6 1 2 1 1
5 21
2 8 2 5 3
2 1 1 2 3 4
4 4 4 4 2
2 1 1 1 1 1 3 3
1 4 2 4 2 5 1 1
1 2 2 2 2 2 5
1 2 1 1 1 1 1 3
1 1 4 4 3 1
2 2 2 3
1 3 1 1 4 2
6 1 6 1 8
3 1 1 1 4 2
4 1 1 2 1
1 2 6 3 1
1 4 1 1 1
1 2 2 1
1 7 2
4 3
7 5
2 14 1 3
2 2 2 2
2 1 1 2
1 1 2 1
