30 30
1 3 4 12
1 4 13 2
1 7 5 3
1 6 6 7 1
5 5 4 1
6 4 3 3 2
4 5 4 5
3 6 1 5 1 4
2 1 2 2 1 2 3 1 3
1 1 3 3 1 4 1 2
1 2 1 3 2 3 3 3
6 3 2 1 1 4 3
7 3 2 2 3 1
12 1 2 6
2 9 1 3 6
1 6 2 2 7
5 3 2 1 7
8 3 2 8
9 2 3 7
7 1 2 2 4
11 2 3 3
13 7
4 14 1
4 12 2 1
4 13 2 1
4 1 11 3 3
6 9 2 9
4 1 10 1 8
4 1 10 6
4 1 11
9 20
5 4 14
8 4 14
7 6 14
6 4 6 1
3 1 8 13
2 2 13
1 2 3 3 6 10
1 1 4 3 4 1 10
1 4 3 3 10
1 6 4 12
2 9 2 9
1 2 4 1 1 11
2 1 3 1 2 8
2 1 1 9
2 1 2 12
2 3 12 3
2 3 3 3 3 3 1
2 3 3 2 2
3 5 3 2
3 7 3 6
4 7 3 4
4 4 3 3
5 2 1 5 4
2 3 1 6 3
5 7 3
6 9 3
3 13 4
1 7 5 4
6 6 5
