30 40
13 8 6
1 10 3 5 3 1
1 10 1 4 7 2
2 8 1 12 2
3 7 2 3 4 2 3
2 7 2 5 2 3 2
1 7 3 5 9
1 6 4 10 4
7 5 2 6 1
3 2 7
4 2 3 2 9 1
2 1 1 1 6 4
4 2 3 2 5 3
3 4 1 1 1
6 7 3 2 1 1
6 7 3 1 1 1 2
5 7 3 2 1 1 2
5 7 3 2 2 1 2
1 4 7 7 1 1 2
2 3 7 7 1 1 2
1 3 7 7 2 1 2
4 7 3 3 1 1 2
5 7 7 1 1 2
6 7 4 2 2 1 2
6 7 7 1 2
6 7 7 3
6 7 11
3 11
4 2 3 2 8 2
2 1 1 1 8 2
4 2 3 2 7 3
3 9 1
7 5 6 2 1
3 4 4 7 1 4
3 5 3 6 1 3
4 5 2 5 1 1 3
5 5 2 4 2 1 3
4 6 1 3 3
3 8 1 4 2 1 3
3 8 5 1 3
16 3 17
1 3 10 1 19
3 1 5 7 9 10
4 4 1 1 13 1 1 1 3
9 13 3 1 2
9 3 6 5 3 4 3
9 1 1 1 1 8
8 13 7
7 1 1 13 1 1 6
6 1 3 13 3 1 5
5 2 1 1 13 1 1 2 4
3 3 13 3 2
1 5 1 1 13 1 1 5
7 3 13 3 7
0
8 6 7
8 9 7
8 11 7
1 2 3 6 4 4 2
2 13 5 12 1
5 8 19
8 24 1 1
14 9 2 1
3 7 2 2 2 1 8
1 10 2 2 2 2 11 2
7 3 6
4 7 12 4 3
2 1 7 3 10
1 6 1 20 7
9 3 25
