30 30
4 2 2 14
3 2 1 5 2
2 1 6 6 1
2 1 2 2 9 1
4 2 1 1 9
1 2 1 3 8
1 2 2 2 2 8
1 1 2 12
1 1 3 1 9
2 4 1 5 4 2
1 2 14 1
1 1 2 16
3 1 17 1
9 17
11 7
3 5 10 5 2
8 2 4 1
9 2
6 10 1 3
1 4 9 2 1 5
1 4 10 2 2 1
5 11 1 1
6 9 2 2 2
6 10 1 4
15
9 2
6 7 5 1 2
6 7 1 1 2 1
6 7 1 1 1
6 7 1 1 1
3 3 3 1 3 2 4
3 1 2 1 1 3 4
2 4 4 1 6 4
1 3 1 6 4
3 3 1 1 6 4
4 5 1 6 4
1 1 1 1
1 1 1 1
2 1 6 4
1 1 1 6 4
2 4 1 10 4
2 13 4
2 13 4
3 15 4
1 21 4
2 20
1 2 18
1 2 10 2 7
1 1 9 1 1 2 3
1 5 6 2 1 6
1 1 3 5 3
5 2 4 1 4
9 7 1 2
16 2 1 2
17 1 1
12 9 4
1 19 3 3
1 6 2 1 2 3
2 6 2 1 3 2
11 2 2 1 1
