30 30
12 6
11 5 5
10 9 4
10 11 2 1
9 5 3 4
7 5 2 5
6 4 5 4
4 4 7 2
3 3 1 5 2
2 3 1 1 4 2
5 1 1 2 2 2
4 2 2 1 1 1
2 1 1 2 1 1 2 1
1 1 5 2 2 1 2
1 2 1 1 2 4 2 1 2
1 1 6 2 4 4
2 1 5 2 2 5
2 5 2 2 1 6
2 8 4 5
1 1 8 1 2 3
2 2 1 3 1
4 1 3 2 5
6 1 5 7
6 3 1 9
2 6 1 12
5 2 16
2 5 1 17
28
1 6 20
3 3 19
15 3 1 2
13 3 1 2 1
9 2 2 2 1 1
8 3 3 4
7 2 3 2 4
7 1 4 8
6 4 8
5 1 1 1 1 2 4
5 3 2 2 1 4 2
4 4 3 2 3 4
2 6 4 4 3 2
1 4 2 1 5 3 4
4 9 9
4 4 2 2 5
4 2 2 2 5
3 6 6
3 2 3 6
3 3 1 6
3 3 1 7
2 2 4 2 7
1 3 2 3 3 8
1 2 3 1 4 1 9
1 5 6 10
2 1 5 2 11
2 2 6 3 13
2 2 4 3 9
2 3 1 5 8
2 5 6 5
1 6 7 3
2 2 9 2
