30 30
4 5 4 10
2 5 7 2 4
1 12 2 2
1 10 1
6 2
6 1 1 2
5 1 2 2
2 2 1 1 1 2 2
2 1 1 1 1 2 1
2 6 2 1 1 1
1 3 2 1 2 2 2
1 4 3 2 1 1 1
1 6 3 4
7 1 3 2 1
2 2 1 2 5 2 1
1 1 5 4
4 3 3 2 6
5 1 6 1 7
5 2 7 2 2 2 1
1 4 14 1 1
2 4 3 3 4 3
4 2 5 2 3
4 3 3 2 1 4
4 5 1 1 1 5 2
5 5 1 6
5 4 6 4
1 19 5
2 17 3
4 13 2
18 1
13 16
2 6 1 3 6 3
1 5 4 6 2
7 14
6 4 4 1
6 4 2 1
4 5 4
4 8
1 2 3 1 1 1 7
1 2 5 2 1 2 8
3 5 1 11
4 9 6 4
3 2 1 3 4 1 4
3 1 2 3 3 2 1 4
2 7 7 4
1 3 4 4
1 3 6 4
3 1 5 3 5
1 1 2 1 4
1 3 1 3
1 6 3 3
1 3 8 2
2 2 3 2 3
3 1 2 3 2 1 2
1 1 2 8 4
1 2 2 5
2 1 7 3 2
2 2 3 5 3 3
2 3 2 3 2 1 3
3 3 7 1 4
