30 30
5 2 2 2 3
2 1 1 2 1 2 1 3
2 3 2 7 3 1 1
3 2 6 3 1
1 7 7 5
1 3 4 4 3
2 4 4 1
2 1 1 1 4 1 2
3 1 1 1 3 2 2
1 1 2 2 2
2 2 2 2 2 1
1 4 2 4
1 4 2 1 1 1 1
3 3 2 2 4
1 3 1 1 2 1 4
1 2 3 4
1 1 4 1 3 2 4
1 1 1 3 3 5 3
2 2 1 2 2 7 3
5 3 1 6 7
5 4 1 9
1 5 3 17
1 2 25
1 2 23
2 1 3 3 2 12
4 2 3 2 11
5 3 3 1 2 5 1
5 2 1 2 2 3 2
5 3 2 2 4 3
6 1 4 1 13
1 4 2 4 9
2 3 1 1 6
2 1 3 4 1 5
1 2 2 5 5
1 2 4 2 4
1 1 1 6 1
2 1 4 1
2 2 1 2 5 3
4 7 4 7
3 1 4 2 8 1
1 5 1 6 4
1 1 4 1 2 5 2
2 2 2 2 4 1
3 3 2 6
1 1 4 2 2 3 5
2 3 2 6 3
2 2 6 2 5
4 2 2 5 3 2 1
1 2 1 1 4 4 2
6 1 2 3 9
6 7 10
1 5 11 2
3 2 3 9 1
2 2 2 2 9 1
2 1 2 2 10 1
1 2 2 17 1
1 1 3 14 1
3 2 7 7 2
2 2 4 6 3
1 5 9
