15 20
2 2 2 2 2 2 27 27 27 10 10 10 0 0 0 65 6 6 6 4
18 32 32 32 32 32 32 31 16 11 5 5 0 0 0 65 6 6 6 4
18 22 22 22 21 20 20 31 16 11 5 5 0 0 0 65 9 9 9 4
18 1 1 1 21 20 20 31 16 11 7 7 7 12 12 12 3 3 3 4
18 1 1 1 21 20 20 31 16 8 8 8 8 12 12 12 3 3 3 4
18 1 1 1 21 30 30 17 17 29 14 14 14 14 14 14 3 3 3 4
23 23 19 19 21 30 30 17 17 29 45 45 55 55 60 62 34 58 51 51
23 23 19 19 13 13 13 17 17 29 45 45 55 55 60 62 34 58 51 51
23 23 28 28 28 28 28 15 15 44 46 46 57 57 60 62 34 52 52 52
24 26 26 36 36 36 36 15 15 44 46 46 57 57 60 67 34 66 66 53
24 26 26 37 37 37 37 37 43 43 43 56 56 56 56 67 34 66 66 53
24 26 26 38 38 38 42 42 42 42 42 42 63 63 63 67 34 66 66 53
24 26 26 38 38 38 41 41 41 41 48 49 49 64 64 67 34 66 66 53
24 25 25 39 39 39 39 40 40 47 48 49 49 64 64 67 34 54 54 53
24 25 25 39 39 39 39 40 40 47 48 49 49 50 50 50 34 54 54 53