12 18
1 1 1 1 11 11 11 11 11 11 11 11 25 25 25 25 25 25
2 7 7 7 12 12 12 12 12 12 12 12 12 12 12 12 34 34
2 8 8 8 8 8 8 8 8 8 8 21 21 21 21 21 21 35
3 3 3 3 3 3 3 3 3 3 3 3 26 26 26 32 32 35
4 9 9 9 13 13 13 13 17 17 17 17 17 17 17 17 17 35
4 9 9 9 13 13 13 13 18 18 19 22 22 27 27 27 27 35
4 9 9 9 13 13 13 13 18 18 19 22 22 28 28 33 33 33
5 5 5 10 10 10 16 16 16 16 19 23 23 23 30 30 30 30
5 5 5 10 10 10 16 16 16 16 19 23 23 23 30 30 30 30
5 5 5 10 10 10 16 16 16 16 20 20 20 29 29 29 29 29
6 6 6 6 6 14 14 14 14 14 14 24 24 29 29 29 29 29
6 6 6 6 6 15 15 15 15 15 15 15 15 15 31 31 31 31