12 18
1 1 8 8 8 8 8 8 8 8 8 8 8 8 26 28 28 28
2 2 2 2 2 2 2 2 2 2 2 2 21 21 26 28 28 28
3 3 3 3 3 14 14 14 14 18 18 18 18 25 25 25 25 30
3 3 3 3 3 14 14 14 14 18 18 18 18 25 25 25 25 30
4 5 5 5 5 5 5 5 5 5 19 19 19 25 25 25 25 30
4 6 6 6 6 6 6 6 6 6 20 20 20 20 27 27 27 27
4 7 9 9 9 9 9 15 15 15 15 15 22 22 27 27 27 27
4 7 9 9 9 9 9 15 15 15 15 15 22 22 27 27 27 27
4 7 10 10 13 13 13 13 13 13 13 13 23 23 23 29 29 29
4 7 11 12 12 12 12 16 17 17 17 17 23 23 23 29 29 29
4 7 11 12 12 12 12 16 17 17 17 17 23 23 23 29 29 29
4 7 11 12 12 12 12 16 17 17 17 17 24 24 24 24 24 24