16 22
1 1 13 13 13 27 27 27 33 33 33 39 39 39 39 50 50 50 55 55 55 55
1 1 13 13 13 27 27 27 34 34 37 37 37 37 37 37 37 37 55 55 55 55
1 1 14 14 14 14 14 14 14 14 14 40 40 40 47 47 47 47 47 47 47 47
2 2 2 2 2 2 2 2 35 35 35 35 43 43 43 43 54 54 54 58 58 58
3 3 15 15 22 22 28 28 28 28 28 28 28 28 48 48 48 48 48 58 58 58
4 4 4 4 23 23 23 23 23 23 23 23 23 23 48 48 48 48 48 59 59 59
5 5 5 5 5 5 29 31 31 31 31 31 31 44 44 44 44 44 44 59 59 59
6 6 6 6 6 6 29 31 31 31 31 31 31 44 44 44 44 44 44 59 59 59
7 11 11 11 11 11 11 11 11 11 11 11 11 45 45 45 45 45 45 45 45 45
7 12 12 12 12 12 12 12 12 12 12 41 41 41 49 49 49 49 56 56 56 62
8 8 16 16 16 16 16 16 16 16 16 16 16 16 49 49 49 49 56 56 56 62
8 8 17 20 20 20 20 20 20 36 36 36 36 36 36 51 51 51 51 60 60 62
8 8 17 21 24 24 24 24 24 24 24 24 24 46 46 52 52 52 52 61 61 63
9 9 9 21 25 25 25 32 32 32 32 42 42 46 46 52 52 52 52 61 61 63
10 10 18 18 18 18 30 30 30 30 30 30 30 30 30 53 53 53 57 57 57 57
10 10 19 19 26 26 26 26 26 26 38 38 38 38 38 38 38 38 57 57 57 57