16 22
1 11 11 17 17 17 17 17 17 17 17 17 42 42 42 42 50 50 54 54 59 59
1 12 12 12 12 12 12 12 12 12 37 37 37 37 37 37 50 50 54 54 59 59
2 2 2 2 2 27 27 27 27 27 27 27 27 27 47 47 47 47 54 54 59 59
3 3 14 14 23 23 23 23 31 31 31 31 31 31 31 31 31 31 54 54 59 59
4 4 4 4 24 24 28 28 32 32 32 32 32 32 32 32 32 52 52 52 52 52
4 4 4 4 25 25 25 25 25 25 25 25 25 25 48 48 48 52 52 52 52 52
5 5 5 18 18 18 18 18 33 33 33 33 43 45 45 45 45 45 55 55 55 55
5 5 5 19 19 19 19 19 19 19 19 19 43 45 45 45 45 45 56 56 56 56
6 6 15 15 15 15 15 15 15 15 38 38 38 38 38 38 38 38 56 56 56 56
7 7 7 20 20 20 20 20 34 34 34 34 34 34 34 34 34 34 34 34 60 60
7 7 7 21 21 21 21 21 21 21 21 39 39 39 39 39 39 39 39 58 60 60
8 8 16 16 16 16 16 29 29 29 29 29 44 44 44 44 44 53 53 58 61 61
9 13 13 13 13 13 13 30 30 30 30 40 40 40 40 40 40 40 40 58 61 61
9 13 13 13 13 13 13 30 30 30 30 41 41 41 49 49 49 49 49 49 61 61
10 10 10 22 26 26 26 26 26 35 35 41 41 41 49 49 49 49 49 49 61 61
10 10 10 22 26 26 26 26 26 36 36 36 36 46 46 46 51 51 57 57 62 62