16 22
1 4 10 10 10 10 10 23 23 23 31 31 31 37 37 37 37 37 37 47 51 51
1 4 10 10 10 10 10 24 24 27 27 27 35 35 35 35 39 39 39 47 51 51
1 4 11 11 15 15 15 15 15 15 15 15 35 35 35 35 39 39 39 47 51 51
1 4 12 12 12 17 17 17 17 17 17 17 17 17 17 38 38 38 38 48 48 53
1 5 5 5 16 16 16 16 25 25 25 25 25 25 25 25 25 44 44 44 44 53
1 5 5 5 16 16 16 16 26 26 26 26 26 26 26 26 40 40 46 46 46 53
1 6 6 6 6 18 18 18 18 18 32 32 32 32 32 32 40 40 46 46 46 54
1 6 6 6 6 18 18 18 18 18 32 32 32 32 32 32 41 41 41 49 49 54
1 6 6 6 6 19 19 19 19 19 33 33 33 33 33 33 42 42 42 42 42 54
1 7 7 7 7 7 7 7 7 7 33 33 33 33 33 33 42 42 42 42 42 54
2 2 13 13 13 13 20 20 20 28 28 28 28 28 28 28 28 28 28 28 28 55
2 2 13 13 13 13 20 20 20 29 29 29 29 29 29 29 29 29 29 50 50 55
2 2 13 13 13 13 20 20 20 30 30 30 30 30 30 30 30 45 45 45 45 45
2 2 14 14 14 14 21 21 21 21 21 21 21 21 21 21 43 43 43 43 52 52
3 8 8 8 8 8 8 8 8 8 34 34 34 34 34 34 34 34 34 34 52 52
3 9 9 9 9 9 22 22 22 22 22 22 36 36 36 36 36 36 36 36 52 52