16 16
1 9 9 9 9 9 9 9 28 28 28 28 28 28 28 28
1 9 9 9 9 9 9 9 28 28 28 28 28 28 28 28
2 2 2 2 2 2 24 24 24 24 24 24 24 24 24 24
3 3 3 3 3 3 3 3 3 3 3 3 3 3 36 36
4 10 10 14 14 14 14 27 27 27 27 27 27 27 36 36
4 10 10 15 15 15 15 27 27 27 27 27 27 27 36 36
4 10 10 16 19 19 19 19 19 19 19 19 19 19 36 36
4 10 10 16 20 20 25 25 29 29 29 29 29 29 29 29
4 10 10 17 17 22 25 25 29 29 29 29 29 29 29 29
4 10 10 17 17 22 26 26 26 32 32 35 35 35 35 38
5 10 10 17 17 22 26 26 26 33 33 33 33 33 33 38
5 10 10 18 18 18 26 26 26 34 34 34 34 34 34 38
6 6 11 11 11 23 23 23 23 34 34 34 34 34 34 38
6 6 12 12 12 12 12 12 12 12 12 12 12 12 37 37
7 7 7 7 21 21 21 21 30 30 30 30 30 30 30 30
8 8 13 13 21 21 21 21 31 31 31 31 31 31 31 31