16 16
1 1 1 1 1 19 19 19 19 19 19 19 19 19 19 35
2 10 10 10 10 10 10 10 10 10 10 10 10 10 10 35
2 11 11 16 16 16 16 22 22 22 22 22 30 32 32 35
3 3 3 3 3 20 20 22 22 22 22 22 30 32 32 35
4 4 4 4 4 4 4 4 4 4 4 4 30 32 32 35
5 5 5 5 5 21 21 23 25 25 25 25 30 32 32 35
6 12 15 15 15 15 15 23 25 25 25 25 30 32 32 35
6 12 15 15 15 15 15 23 25 25 25 25 30 32 32 35
7 7 7 7 18 18 18 23 26 26 26 26 30 32 32 35
7 7 7 7 18 18 18 23 26 26 26 26 30 32 32 35
7 7 7 7 18 18 18 23 26 26 26 26 31 31 34 34
7 7 7 7 18 18 18 24 24 24 28 28 28 33 34 34
8 13 13 13 13 13 13 24 24 24 28 28 28 33 34 34
8 13 13 13 13 13 13 24 24 24 28 28 28 33 34 34
8 14 14 17 17 17 17 17 27 27 27 29 29 29 29 29
9 9 9 17 17 17 17 17 27 27 27 29 29 29 29 29