12 18
1 1 1 1 1 1 13 13 13 13 21 21 21 27 27 30 30 30
1 1 1 1 1 1 14 14 14 14 14 14 26 26 26 31 34 34
2 2 5 5 5 5 5 5 5 5 5 5 26 26 26 31 35 35
2 2 6 6 9 9 15 15 18 18 18 23 23 23 23 32 35 35
2 2 6 6 10 10 16 16 16 16 16 16 16 16 16 32 35 35
2 2 6 6 11 11 11 11 11 20 20 20 20 20 28 28 28 28
2 2 6 6 11 11 11 11 11 20 20 20 20 20 29 29 29 29
3 3 7 7 7 7 7 7 19 19 22 24 24 24 24 24 24 36
3 3 7 7 7 7 7 7 19 19 22 24 24 24 24 24 24 36
3 3 8 8 12 12 12 12 19 19 22 25 25 25 25 33 33 33
3 3 8 8 12 12 12 12 19 19 22 25 25 25 25 33 33 33
4 4 4 4 4 4 17 17 17 17 17 17 17 17 17 17 17 17