16 22
1 1 1 12 12 12 12 12 12 23 23 30 30 34 34 34 34 34 34 34 34 51
1 1 1 12 12 12 12 12 12 24 24 24 24 24 24 24 24 24 24 24 24 51
2 2 2 2 2 2 2 2 2 2 28 28 28 28 28 28 28 28 44 44 44 51
3 3 3 3 13 13 13 13 20 25 25 25 25 25 36 36 36 36 36 36 48 48
3 3 3 3 13 13 13 13 20 25 25 25 25 25 36 36 36 36 36 36 48 48
3 3 3 3 13 13 13 13 20 26 26 26 26 26 37 37 37 37 45 45 48 48
4 7 7 7 7 14 14 18 18 26 26 26 26 26 37 37 37 37 45 45 49 49
4 7 7 7 7 14 14 18 18 27 27 31 31 31 31 31 31 41 41 47 47 47
4 8 10 10 10 14 14 18 18 27 27 31 31 31 31 31 31 41 41 47 47 47
4 8 10 10 10 14 14 19 21 21 21 21 32 32 32 32 32 32 32 32 32 32
4 8 10 10 10 14 14 19 21 21 21 21 33 33 33 40 40 42 42 42 50 50
4 8 10 10 10 15 15 19 22 22 22 22 22 22 22 22 22 22 46 46 50 50
4 8 11 11 11 11 11 11 11 11 11 11 11 11 38 38 38 38 38 38 50 50
4 9 9 9 9 16 16 16 16 16 29 29 29 35 35 35 35 43 43 43 43 43
5 5 5 5 5 16 16 16 16 16 29 29 29 35 35 35 35 43 43 43 43 43
6 6 6 6 6 17 17 17 17 17 17 17 17 17 39 39 39 39 39 39 39 39