20 20
1 1 1 1 1 1 1 1 34 34 34 34 43 43 43 43 60 60 65 65
2 2 2 2 17 17 28 28 28 28 28 28 28 28 51 57 57 64 64 70
2 2 2 2 18 27 27 33 33 33 33 42 42 50 51 57 57 64 64 70
2 2 2 2 18 27 27 33 33 33 33 42 42 50 52 52 52 52 66 66
2 2 2 2 19 19 19 19 19 19 19 19 44 44 52 52 52 52 67 67
3 3 3 3 19 19 19 19 19 19 19 19 44 44 53 53 61 61 61 61
3 3 3 3 20 20 20 20 20 20 20 20 20 20 20 20 20 20 20 20
4 4 4 4 4 4 4 4 35 35 40 40 45 45 54 58 58 58 58 71
5 5 12 12 21 21 21 21 21 21 21 21 46 46 54 58 58 58 58 71
6 6 12 12 22 22 29 29 29 29 29 29 29 29 54 59 59 59 59 71
6 6 13 13 23 23 30 30 36 36 36 36 47 47 54 59 59 59 59 71
7 7 7 7 23 23 30 30 36 36 36 36 47 47 55 59 59 59 59 72
7 7 7 7 23 23 30 30 37 37 37 37 47 47 55 59 59 59 59 72
8 8 8 8 23 23 30 30 37 37 37 37 47 47 56 56 56 56 68 68
8 8 8 8 24 24 24 24 38 38 38 38 38 38 38 38 62 62 62 62
9 9 14 14 25 25 25 25 25 25 25 25 48 48 48 48 48 48 48 48
9 9 15 15 15 15 15 15 15 15 15 15 15 15 15 15 15 15 69 69
10 10 16 16 16 16 31 31 31 31 41 41 49 49 49 49 49 49 49 49
10 10 16 16 16 16 32 32 32 32 41 41 49 49 49 49 49 49 49 49
11 11 11 11 26 26 26 26 39 39 39 39 39 39 39 39 63 63 63 63