20 20
1 5 5 5 5 5 33 33 42 42 42 42 42 42 42 42 42 42 92 97
1 6 13 19 21 27 33 33 43 46 46 46 46 46 46 76 76 86 92 97
1 6 13 19 21 27 33 33 43 47 53 53 53 69 69 76 76 86 92 97
1 7 13 19 22 27 33 33 44 47 54 60 60 60 60 77 83 86 92 97
1 7 14 19 22 28 28 37 44 48 54 61 61 61 72 77 83 87 93 97
2 8 14 19 22 28 28 37 44 48 54 61 61 61 72 77 83 87 93 97
2 8 14 19 22 29 34 37 45 48 54 62 62 70 72 78 83 87 93 98
3 8 15 20 23 29 34 37 45 49 54 62 62 70 73 78 83 88 94 98
3 9 15 20 23 29 34 37 45 49 55 55 55 70 73 78 84 88 94 99
3 9 15 20 23 29 34 38 38 49 56 56 66 70 73 78 84 88 95 99
3 9 16 20 24 29 34 38 38 50 57 63 66 70 73 79 84 89 95 99
3 9 16 20 24 30 34 38 38 50 57 63 66 70 73 79 84 89 95 99
3 9 16 20 24 30 35 39 39 51 57 63 66 71 71 79 84 90 95 99
3 9 16 20 24 30 35 39 39 51 58 63 67 67 74 79 84 90 96 99
3 10 10 20 25 25 35 40 40 51 58 64 67 67 74 80 84 90 96 100
4 11 11 11 11 31 35 40 40 51 58 64 67 67 74 80 84 90 96 100
4 12 17 17 26 31 36 40 40 52 58 64 68 68 74 81 84 91 91 100
4 12 17 17 26 32 36 40 40 52 59 64 68 68 75 81 84 91 91 100
4 12 17 17 26 32 36 41 41 52 59 65 68 68 75 81 85 85 85 85
4 12 18 18 26 32 36 41 41 52 59 65 68 68 75 82 82 82 82 82