20 20
1 1 12 18 18 23 23 23 42 44 50 58 61 61 75 78 78 78 78 98
1 1 12 18 18 23 23 23 42 44 50 58 61 61 75 78 78 78 78 98
1 1 12 18 18 24 31 38 42 44 50 58 61 61 75 79 82 84 84 98
2 2 2 2 21 24 31 38 42 44 51 59 62 62 62 79 82 85 85 85
2 2 2 2 21 24 32 38 42 45 51 59 63 69 69 80 82 86 92 99
3 3 3 3 21 25 32 38 42 45 52 59 63 69 69 80 82 86 92 99
4 8 8 19 21 25 32 39 42 45 52 59 63 70 70 80 82 87 92 99
4 9 13 19 21 26 32 39 42 46 53 59 64 64 64 80 82 87 92 99
4 9 13 19 21 26 33 39 42 46 53 59 65 65 65 80 82 87 93 99
4 9 13 19 21 26 33 39 42 46 53 59 65 65 65 80 82 88 93 99
4 10 14 19 21 27 33 39 43 43 54 59 66 66 76 80 83 88 93 99
4 10 14 19 22 27 34 39 43 43 54 59 66 66 76 80 83 88 94 99
5 11 14 19 22 28 34 40 40 47 47 47 67 67 67 67 83 89 94 100
5 11 14 19 22 28 35 40 40 47 47 47 67 67 67 67 83 89 94 100
5 11 15 19 22 29 35 40 40 48 55 55 68 71 77 77 83 89 95 100
6 6 15 20 22 29 35 41 41 48 55 55 68 71 77 77 83 90 95 100
6 6 15 20 22 29 36 41 41 48 55 55 68 72 72 72 83 90 96 100
7 7 16 20 22 30 36 41 41 49 56 56 68 72 72 72 83 91 96 100
7 7 16 20 22 30 37 41 41 49 57 60 60 73 73 81 81 91 97 100
7 7 17 17 22 30 37 41 41 49 57 60 60 74 74 74 74 91 97 100