16 16
1 1 13 13 13 13 13 13 13 26 26 26 26 33 33 33
1 1 13 13 13 13 13 13 13 26 26 26 26 33 33 33
2 9 9 9 9 9 9 22 22 22 30 30 30 33 33 33
2 9 9 9 9 9 9 22 22 22 31 31 31 31 31 31
3 3 3 16 16 16 16 23 23 27 31 31 31 31 31 31
3 3 3 16 16 16 16 23 23 27 32 32 32 34 34 34
4 4 4 4 4 4 4 4 4 4 32 32 32 34 34 34
5 10 10 10 10 18 18 18 18 28 28 28 28 35 37 37
5 10 10 10 10 18 18 18 18 28 28 28 28 35 37 37
5 10 10 10 10 19 19 19 19 28 28 28 28 35 37 37
6 6 6 6 6 6 6 6 24 24 24 24 24 24 37 37
7 11 11 11 17 17 20 20 20 29 29 29 29 29 38 38
7 11 11 11 17 17 20 20 20 29 29 29 29 29 38 38
7 12 14 14 14 14 14 14 14 14 14 14 14 14 38 38
8 12 15 15 15 15 21 21 25 25 25 25 25 36 36 36
8 12 15 15 15 15 21 21 25 25 25 25 25 36 36 36