12 18
1 1 1 1 1 1 11 11 11 11 19 19 19 19 29 29 29 34
2 2 5 5 7 7 7 13 13 13 20 20 20 20 29 29 29 34
2 2 5 5 7 7 7 13 13 13 21 22 22 26 26 26 26 34
2 2 5 5 7 7 7 13 13 13 21 22 22 27 27 27 27 34
2 2 6 6 6 6 6 6 16 16 16 16 25 25 25 25 25 25
2 2 6 6 6 6 6 6 17 17 17 17 17 17 17 17 31 31
3 3 3 3 8 8 8 8 8 8 8 8 8 8 8 8 31 31
3 3 3 3 9 9 9 14 14 14 14 14 14 28 28 28 28 28
3 3 3 3 9 9 9 15 15 15 15 23 23 28 28 28 28 28
4 4 4 4 9 9 9 15 15 15 15 24 24 24 24 24 32 32
4 4 4 4 9 9 9 15 15 15 15 24 24 24 24 24 33 33
4 4 4 4 10 10 12 12 12 18 18 18 18 18 18 30 30 30