16 22
1 1 1 13 13 19 19 19 19 28 28 28 28 28 42 42 44 44 48 51 51 51
1 1 1 13 13 19 19 19 19 29 29 33 33 33 33 33 44 44 48 51 51 51
2 2 10 13 13 19 19 19 19 29 29 33 33 33 33 33 45 45 45 52 52 52
2 2 10 14 14 14 22 22 22 22 22 22 22 22 22 22 22 22 49 52 52 52
3 3 3 3 3 3 3 3 27 27 27 27 27 27 27 27 46 46 49 52 52 52
4 4 4 4 17 17 17 17 17 17 17 17 17 17 17 17 46 46 49 53 53 53
4 4 4 4 18 18 18 23 23 23 23 34 34 34 34 43 43 43 43 43 43 56
4 4 4 4 18 18 18 23 23 23 23 34 34 34 34 43 43 43 43 43 43 56
5 7 7 7 7 20 20 20 20 30 30 35 35 35 35 35 35 35 35 35 35 56
5 7 7 7 7 20 20 20 20 30 30 36 36 36 36 36 36 36 36 54 54 56
5 8 8 8 8 8 8 24 24 24 24 24 24 39 39 39 39 39 39 54 54 56
5 8 8 8 8 8 8 24 24 24 24 24 24 40 40 40 40 40 40 40 40 40
6 9 11 15 15 21 21 21 21 31 31 31 37 37 37 37 37 37 50 50 55 55
6 9 11 16 16 16 16 25 25 25 25 25 25 41 41 41 41 41 41 41 41 41
6 9 11 16 16 16 16 26 26 26 26 26 26 26 26 26 47 47 47 47 47 47
6 9 12 12 12 12 12 12 12 12 32 32 38 38 38 38 38 38 38 38 38 38