16 22
1 1 1 1 21 21 21 21 21 21 21 21 21 42 42 42 42 42 42 42 42 42
2 2 2 17 17 17 17 17 17 35 35 41 41 41 41 41 41 46 46 46 55 55
3 3 3 3 3 22 22 22 22 22 22 41 41 41 41 41 41 46 46 46 55 55
4 4 4 4 4 4 4 4 30 30 30 30 30 43 43 43 43 46 46 46 55 55
5 10 10 10 10 10 25 25 30 30 30 30 30 43 43 43 43 47 47 47 55 55
5 11 11 11 11 11 11 11 11 11 11 11 11 43 43 43 43 47 47 47 55 55
5 12 12 12 12 12 26 26 31 31 31 31 31 31 31 31 31 31 50 50 50 50
5 12 12 12 12 12 27 27 27 36 36 36 36 36 44 44 44 48 50 50 50 50
6 6 6 6 6 6 27 27 27 36 36 36 36 36 44 44 44 48 50 50 50 50
7 13 13 13 13 23 28 28 32 32 38 38 38 38 38 45 45 48 51 51 51 51
7 14 14 14 14 23 28 28 32 32 38 38 38 38 38 45 45 48 51 51 51 51
8 15 15 18 18 23 28 28 32 32 39 39 39 39 39 39 39 39 52 52 52 52
8 15 15 19 19 19 29 29 29 29 29 29 29 29 29 29 29 29 52 52 52 52
8 15 15 20 20 20 20 20 33 33 33 33 33 33 33 33 33 49 49 54 54 54
8 16 16 16 16 24 24 24 24 37 37 37 37 37 37 37 37 37 53 53 53 56
9 9 9 9 9 9 9 9 34 34 40 40 40 40 40 40 40 40 53 53 53 56