20 20
1 1 1 1 1 1 1 1 30 30 30 30 30 30 30 30 57 57 66 66
2 2 2 2 2 2 2 2 2 2 2 2 2 2 2 2 58 58 58 58
3 3 3 3 20 20 20 20 20 20 20 20 44 44 50 50 50 50 67 67
3 3 3 3 21 21 21 21 21 21 21 21 21 21 21 21 21 21 21 21
4 9 9 9 9 22 22 27 27 33 38 38 38 38 38 38 38 38 68 68
4 9 9 9 9 22 22 27 27 33 39 39 39 39 51 51 51 51 69 69
4 9 9 9 9 23 23 23 23 23 23 23 23 46 52 52 59 59 70 70
4 9 9 9 9 23 23 23 23 23 23 23 23 46 52 52 60 60 70 70
5 10 10 10 10 10 10 10 10 34 34 41 41 46 53 53 53 53 70 70
5 11 11 17 17 17 17 17 17 17 17 41 41 46 53 53 53 53 70 70
6 11 11 18 18 18 18 28 28 28 28 28 28 28 28 54 54 63 63 73
6 11 11 19 19 19 19 29 29 35 35 35 35 47 47 47 47 63 63 73
6 11 11 19 19 19 19 29 29 36 36 42 42 42 42 55 55 64 64 74
6 12 12 12 12 24 24 24 24 36 36 43 43 43 43 43 43 43 43 74
7 12 12 12 12 25 25 25 25 25 25 25 25 48 48 56 56 65 65 74
7 13 13 13 13 13 13 13 13 37 37 37 37 49 49 49 49 65 65 74
7 14 15 15 15 15 26 26 31 31 40 40 40 40 40 40 40 40 71 71
7 14 15 15 15 15 26 26 31 31 40 40 40 40 40 40 40 40 71 71
8 14 16 16 16 16 26 26 32 32 32 32 45 45 45 45 61 61 72 72
8 14 16 16 16 16 26 26 32 32 32 32 45 45 45 45 62 62 72 72