20 20
1 1 1 1 23 23 30 30 30 30 30 30 30 30 60 61 61 68 70 70
2 11 17 17 17 17 31 31 31 31 44 44 44 44 60 62 62 68 70 70
2 11 17 17 17 17 32 32 37 37 37 37 54 54 54 54 65 65 65 65
3 3 3 3 24 24 24 24 37 37 37 37 54 54 54 54 65 65 65 65
4 12 12 21 21 21 21 21 21 21 21 21 21 21 21 21 21 21 21 73
4 12 12 22 22 27 27 27 27 43 43 49 49 49 49 49 49 49 49 73
4 13 13 13 13 28 33 33 33 33 45 50 50 58 58 63 63 63 63 73
4 13 13 13 13 28 33 33 33 33 45 51 51 51 51 51 51 51 51 73
4 14 18 18 18 18 18 18 18 18 18 18 18 18 18 18 18 18 71 71
4 14 19 19 19 19 34 34 34 34 46 46 46 46 46 46 46 46 71 71
4 15 15 15 15 29 29 29 29 29 29 29 29 59 59 59 59 69 72 72
4 16 16 16 16 16 16 16 16 16 16 16 16 16 16 16 16 69 72 72
5 5 5 5 5 5 5 5 38 38 38 38 38 38 38 38 66 66 72 72
6 6 20 20 20 20 35 35 38 38 38 38 38 38 38 38 66 66 72 72
7 7 7 7 7 7 7 7 39 39 39 39 55 55 55 55 55 55 55 55
7 7 7 7 7 7 7 7 40 40 47 47 56 56 56 56 67 67 67 67
8 8 8 8 25 25 25 25 41 41 41 41 56 56 56 56 67 67 67 67
8 8 8 8 26 26 36 36 36 36 48 52 52 52 52 64 67 67 67 67
9 9 9 9 26 26 36 36 36 36 48 53 53 53 53 64 67 67 67 67
10 10 10 10 10 10 10 10 42 42 42 42 57 57 57 57 57 57 57 57