12 16
1 1 1 1 1 1 1 1 1 1 21 25 25 25 28 29
2 2 2 2 2 2 2 2 2 2 21 25 25 25 28 29
3 3 7 7 7 7 7 7 7 7 7 7 7 7 28 29
3 3 8 10 10 13 16 16 16 16 16 16 16 16 28 29
4 6 8 11 12 13 16 16 16 16 16 16 16 16 28 29
4 6 8 11 12 13 17 20 20 20 22 22 26 26 28 29
4 6 9 9 9 13 17 20 20 20 23 23 26 26 28 29
4 6 9 9 9 13 17 20 20 20 23 23 26 26 28 29
4 6 9 9 9 13 17 20 20 20 24 24 24 27 27 30
4 6 9 9 9 14 14 14 14 14 14 14 14 27 27 30
4 6 9 9 9 15 18 18 18 18 18 18 18 18 18 30
5 5 5 5 5 15 19 19 19 19 19 19 19 19 19 30