12 16
1 1 1 9 9 9 9 9 9 24 24 28 30 30 30 36
2 2 2 2 2 2 17 17 17 24 24 28 30 30 30 36
2 2 2 2 2 2 17 17 17 24 24 28 31 31 35 36
3 3 3 10 10 10 18 18 18 24 24 28 32 32 35 36
3 3 3 11 11 14 14 14 14 14 14 28 32 32 35 36
4 4 6 11 11 15 19 19 19 19 25 25 25 33 35 36
4 4 6 11 11 15 20 20 23 23 23 29 29 33 35 36
4 4 6 12 13 15 20 20 23 23 23 29 29 34 35 36
4 4 7 12 13 16 16 16 16 16 26 26 26 34 35 36
4 4 7 12 13 16 16 16 16 16 26 26 26 34 35 36
4 4 8 8 8 8 21 21 21 21 27 27 27 34 35 36
5 5 5 5 5 5 5 22 22 22 27 27 27 34 35 36