12 16
1 1 1 1 1 1 17 17 20 20 23 23 31 31 31 31
2 2 2 2 11 11 11 11 21 21 23 23 31 31 31 31
2 2 2 2 12 12 12 19 19 19 24 28 31 31 31 31
3 3 3 3 12 12 12 19 19 19 24 28 31 31 31 31
4 4 4 4 4 13 13 19 19 19 25 28 31 31 31 31
5 5 5 5 5 13 13 19 19 19 25 28 31 31 31 31
6 6 6 6 6 13 13 19 19 19 26 28 31 31 31 31
7 7 7 7 7 14 14 19 19 19 26 28 32 32 32 32
8 8 8 8 8 8 18 19 19 19 26 29 32 32 32 32
9 9 9 9 9 9 18 19 19 19 27 29 32 32 32 32
10 10 10 10 10 15 15 19 19 19 27 30 30 30 30 30
10 10 10 10 10 16 16 16 22 22 27 30 30 30 30 30