12 16
1 5 5 9 9 9 9 16 19 22 26 28 30 32 32 32
1 6 8 8 8 8 8 16 19 22 26 28 30 32 32 32
2 6 8 8 8 8 8 16 19 22 26 28 30 32 32 32
2 7 7 10 10 13 14 16 19 22 27 28 30 33 33 35
2 7 7 10 10 13 14 17 20 22 27 28 30 33 33 35
2 7 7 10 10 13 14 17 20 23 27 29 30 33 33 35
2 7 7 11 12 13 15 17 20 23 27 29 30 33 33 35
2 7 7 11 12 13 15 17 21 23 27 29 30 33 33 35
2 7 7 11 12 13 15 17 21 24 24 24 30 33 33 35
3 3 3 3 3 3 15 17 21 24 24 24 30 34 34 35
3 3 3 3 3 3 15 18 21 24 24 24 30 34 34 36
4 4 4 4 4 4 4 18 21 25 25 25 31 31 31 36