12 16
1 1 4 6 6 6 14 14 14 18 18 18 23 25 27 27
1 1 4 6 6 6 14 14 14 18 18 18 23 25 28 28
1 1 4 6 6 6 15 15 15 18 18 18 23 25 28 28
1 1 4 6 6 6 15 15 15 19 19 19 19 25 29 29
1 1 4 7 7 7 7 16 16 16 16 16 16 25 30 30
1 1 4 8 8 8 8 8 8 8 20 20 20 26 30 30
1 1 5 9 9 13 13 13 13 13 13 22 24 26 30 30
2 2 5 10 10 10 10 10 10 10 21 22 24 26 30 30
2 2 5 11 11 11 11 11 11 11 21 22 24 26 30 30
3 3 3 3 12 12 12 12 17 17 21 22 24 26 31 31
3 3 3 3 12 12 12 12 17 17 21 22 24 26 31 31
3 3 3 3 12 12 12 12 17 17 21 22 24 26 32 32