12 16
1 1 8 8 8 15 15 15 15 15 21 21 21 21 29 32
1 1 8 8 8 15 15 15 15 15 21 21 21 21 29 32
1 1 9 10 14 14 14 14 17 17 17 17 17 17 29 32
1 1 9 10 14 14 14 14 18 18 18 23 23 23 23 33
1 1 9 10 14 14 14 14 18 18 18 24 24 27 30 33
2 2 2 2 14 14 14 14 18 18 18 24 24 27 30 33
3 5 5 5 5 5 5 5 5 5 5 5 26 26 30 33
3 6 6 11 11 11 11 11 11 11 11 11 11 11 11 34
3 6 6 12 12 12 16 16 16 16 16 16 16 28 28 34
4 6 6 13 13 13 13 13 19 19 19 19 19 19 31 31
4 7 7 7 7 7 7 7 7 20 22 25 25 25 25 25
4 7 7 7 7 7 7 7 7 20 22 25 25 25 25 25