15 15
1 1 1 1 1 1 1 14 19 19 26 29 29 29 29
2 2 10 10 10 10 10 14 20 20 26 29 29 29 29
3 3 10 10 10 10 10 15 15 15 26 29 29 29 29
4 4 4 4 4 4 4 4 4 21 26 29 29 29 29
4 4 4 4 4 4 4 4 4 21 26 29 29 29 29
4 4 4 4 4 4 4 4 4 22 22 29 29 29 29
4 4 4 4 4 4 4 4 4 23 23 29 29 29 29
5 5 5 11 11 11 11 11 11 11 11 29 29 29 29
6 8 8 8 8 8 12 16 16 16 16 16 16 16 30
6 8 8 8 8 8 12 17 17 17 27 27 27 27 30
6 8 8 8 8 8 12 17 17 17 28 28 28 28 28
7 8 8 8 8 8 13 13 13 24 28 28 28 28 28
7 8 8 8 8 8 13 13 13 24 28 28 28 28 28
7 8 8 8 8 8 13 13 13 25 25 25 25 25 31
7 9 9 9 9 9 9 18 18 25 25 25 25 25 31