15 15
1 1 4 8 8 11 11 11 11 11 11 11 22 22 29
1 1 4 9 9 9 12 12 12 12 12 12 23 24 29
1 1 5 5 5 5 5 5 5 5 5 5 23 24 29
1 1 6 10 10 10 13 13 13 17 19 19 23 25 29
1 1 6 10 10 10 13 13 13 17 20 20 23 25 29
1 1 6 10 10 10 13 13 13 17 20 20 23 25 29
1 1 6 10 10 10 13 13 13 17 20 20 23 25 29
1 1 6 10 10 10 13 13 13 17 20 20 23 26 29
1 1 6 10 10 10 13 13 13 17 20 20 23 26 29
1 1 7 10 10 10 13 13 13 17 20 20 23 27 27
1 1 7 10 10 10 14 14 14 17 20 20 23 27 27
2 2 2 2 2 2 2 2 2 2 2 2 23 27 27
3 3 3 3 3 3 3 3 15 18 18 21 23 27 27
3 3 3 3 3 3 3 3 15 18 18 21 23 28 30
3 3 3 3 3 3 3 3 16 16 16 21 23 28 30