15 15
1 1 1 1 1 1 16 16 20 20 20 20 20 27 27
2 2 2 6 9 12 12 12 20 20 20 20 20 28 33
2 2 2 6 9 13 13 13 20 20 20 20 20 28 33
2 2 2 7 7 13 13 13 20 20 20 20 20 28 33
2 2 2 7 7 13 13 13 20 20 20 20 20 28 33
2 2 2 8 10 10 10 10 20 20 20 20 20 28 34
2 2 2 8 10 10 10 10 21 21 21 22 22 28 34
2 2 2 8 11 14 17 17 17 17 17 17 17 17 34
2 2 2 8 11 14 18 18 18 18 18 18 18 29 35
2 2 2 8 11 14 18 18 18 18 18 18 18 29 35
2 2 2 8 11 15 18 18 18 18 18 18 18 30 35
2 2 2 8 11 15 19 19 19 19 19 23 23 30 35
2 2 2 8 11 15 19 19 19 19 19 24 26 30 35
3 4 4 8 11 15 19 19 19 19 19 24 26 31 31
3 5 5 5 11 15 19 19 19 19 19 25 25 32 32