15 15
1 5 5 5 5 5 5 17 17 22 23 25 26 28 28
1 6 9 10 12 16 16 18 18 22 23 25 26 29 29
1 6 9 10 12 16 16 19 19 19 23 25 26 29 29
2 2 2 2 12 16 16 19 19 19 23 25 26 29 29
2 2 2 2 12 16 16 19 19 19 23 25 26 29 29
2 2 2 2 13 13 13 19 19 19 23 25 26 30 30
2 2 2 2 13 13 13 20 20 20 23 25 26 31 32
2 2 2 2 14 14 14 14 21 21 21 25 26 31 32
2 2 2 2 15 15 15 15 15 15 15 25 26 31 32
2 2 2 2 15 15 15 15 15 15 15 25 26 31 32
2 2 2 2 15 15 15 15 15 15 15 25 26 31 32
3 3 3 11 15 15 15 15 15 15 15 25 26 31 32
4 7 7 11 15 15 15 15 15 15 15 25 26 31 32
4 8 8 8 8 8 8 8 8 8 24 24 26 31 32
4 8 8 8 8 8 8 8 8 8 24 24 27 27 32