15 15
1 1 1 10 10 10 10 10 16 19 21 21 21 21 21
1 1 1 10 10 10 10 10 16 19 21 21 21 21 21
1 1 1 10 10 10 10 10 17 17 22 22 22 22 22
1 1 1 10 10 10 10 10 18 18 18 18 24 24 24
1 1 1 10 10 10 10 10 18 18 18 18 24 24 24
1 1 1 10 10 10 10 10 18 18 18 18 24 24 24
1 1 1 11 14 14 14 14 14 14 14 14 24 24 24
1 1 1 11 14 14 14 14 14 14 14 14 24 24 24
2 4 4 12 14 14 14 14 14 14 14 14 24 24 24
2 5 5 12 14 14 14 14 14 14 14 14 24 24 24
2 6 6 6 6 6 6 6 6 6 6 23 24 24 24
2 6 6 6 6 6 6 6 6 6 6 23 24 24 24
2 7 7 7 7 7 7 7 7 7 7 23 24 24 24
3 8 8 8 8 8 8 8 8 8 8 23 24 24 24
3 9 9 13 13 13 13 15 15 20 20 20 25 25 25