15 15
1 1 8 8 8 8 16 16 16 16 16 28 31 31 31
2 2 8 8 8 8 17 21 22 22 25 28 31 31 31
2 2 8 8 8 8 17 21 23 23 25 28 32 32 32
2 2 8 8 8 8 18 21 23 23 25 29 32 32 32
2 2 8 8 8 8 18 21 23 23 25 29 32 32 32
3 3 8 8 8 8 19 19 23 23 25 30 32 32 32
4 4 4 4 4 4 4 4 4 4 4 30 32 32 32
4 4 4 4 4 4 4 4 4 4 4 30 32 32 32
5 5 9 10 13 13 13 13 13 13 26 30 33 33 33
5 5 9 10 14 14 14 14 14 14 26 30 34 34 34
6 6 9 10 14 14 14 14 14 14 26 30 34 34 34
7 7 7 10 14 14 14 14 14 14 26 30 34 34 34
7 7 7 10 14 14 14 14 14 14 27 27 34 34 34
7 7 7 11 11 15 15 15 15 24 24 24 34 34 34
7 7 7 12 12 12 20 20 20 20 20 20 35 35 35