15 15
1 1 1 1 12 12 12 12 12 17 17 24 24 33 33
2 2 2 2 12 12 12 12 12 18 18 18 27 27 38
3 3 5 5 12 12 12 12 12 19 19 19 28 28 38
3 3 5 5 12 12 12 12 12 19 19 19 28 28 38
3 3 5 5 12 12 12 12 12 20 20 25 25 25 38
3 3 5 5 13 13 13 13 13 13 13 13 29 29 39
3 3 6 9 14 14 14 16 16 16 16 26 30 34 39
3 3 6 9 15 15 15 15 15 15 15 26 30 34 39
3 3 6 10 10 10 10 10 10 10 21 21 30 35 39
3 3 6 10 10 10 10 10 10 10 22 22 30 35 39
3 3 6 10 10 10 10 10 10 10 22 22 30 36 39
3 3 6 10 10 10 10 10 10 10 22 22 30 36 39
3 3 7 11 11 11 11 11 11 11 22 22 31 31 39
3 3 7 11 11 11 11 11 11 11 23 23 32 32 32
4 4 8 8 8 8 8 8 8 8 8 8 8 37 37