15 15
1 5 8 8 8 8 8 8 26 26 28 28 32 32 37
1 5 9 9 9 9 9 9 9 9 29 29 32 32 37
1 5 10 10 10 10 24 24 24 24 24 24 32 32 37
2 5 11 11 11 21 21 21 21 21 21 21 21 21 21
2 5 12 12 19 19 19 19 19 19 19 19 19 19 19
2 5 13 13 13 13 13 13 13 13 13 30 30 34 34
2 5 14 16 16 16 16 16 16 16 16 16 33 33 38
2 5 14 16 16 16 16 16 16 16 16 16 33 33 38
2 5 14 17 17 22 22 22 22 22 22 31 31 35 38
2 5 14 18 20 20 20 20 27 27 27 31 31 35 38
3 5 14 18 20 20 20 20 27 27 27 31 31 35 38
3 5 15 15 15 15 15 15 15 15 15 31 31 35 39
3 6 6 6 6 6 6 6 6 6 6 31 31 36 39
3 7 7 7 7 23 23 25 25 25 25 31 31 36 40
4 4 4 4 4 23 23 25 25 25 25 31 31 36 40