15 15
1 1 3 8 9 9 9 17 21 23 23 23 23 38 38
2 2 3 8 10 10 10 17 21 24 29 29 36 38 38
2 2 4 8 10 10 10 17 21 24 29 29 36 38 38
2 2 4 8 10 10 10 17 21 25 25 25 36 38 38
2 2 5 5 11 15 15 18 21 25 25 25 36 38 38
2 2 5 5 11 15 15 18 21 25 25 25 36 38 38
2 2 6 6 12 15 15 18 21 26 26 31 36 38 38
2 2 7 7 12 15 15 18 21 26 26 31 36 38 38
2 2 7 7 13 15 15 19 21 27 27 31 36 38 38
2 2 7 7 13 15 15 19 22 22 30 32 37 38 38
2 2 7 7 13 15 15 20 20 28 30 32 37 39 39
2 2 7 7 13 15 15 20 20 28 30 33 33 33 33
2 2 7 7 13 16 16 16 16 16 30 33 33 33 33
2 2 7 7 14 16 16 16 16 16 30 34 34 40 40
2 2 7 7 14 16 16 16 16 16 30 35 35 35 35