15 15
1 1 1 12 12 12 12 12 12 12 23 23 23 28 28
2 2 2 2 2 2 2 2 20 21 21 21 24 28 28
3 7 10 13 13 13 13 18 20 22 22 22 24 28 28
3 7 10 13 13 13 13 18 20 22 22 22 25 28 28
4 7 10 13 13 13 13 18 20 22 22 22 25 28 28
4 7 10 13 13 13 13 18 20 22 22 22 25 28 28
4 7 10 14 14 15 15 18 20 22 22 22 25 28 28
4 7 11 11 11 11 11 11 11 11 11 11 25 28 28
4 7 11 11 11 11 11 11 11 11 11 11 26 28 28
4 7 11 11 11 11 11 11 11 11 11 11 26 28 28
5 5 5 5 5 5 5 5 5 5 5 5 5 29 30
5 5 5 5 5 5 5 5 5 5 5 5 5 29 30
6 8 8 8 8 16 16 16 16 16 16 16 16 16 16
6 8 8 8 8 17 17 17 17 17 17 17 17 17 17
6 9 9 9 9 9 9 19 19 19 19 19 27 27 27