10 18
1 1 1 1 1 1 16 16 16 16 26 26 26 26 26 26 26 26
2 6 6 10 10 10 10 21 21 21 21 21 21 21 21 36 36 39
2 6 6 11 11 11 17 17 17 24 24 24 24 32 32 36 36 39
3 7 7 11 11 11 18 18 18 18 27 27 31 31 31 31 38 38
3 7 7 12 12 12 12 12 12 12 12 12 12 33 33 33 38 38
4 4 8 13 13 13 19 22 22 22 22 22 22 33 33 33 38 38
4 4 8 13 13 13 19 23 23 25 25 29 29 29 29 37 37 37
4 4 8 14 14 14 14 23 23 25 25 30 30 30 35 35 35 40
4 4 9 9 9 9 20 20 20 20 28 28 28 34 35 35 35 40
5 5 5 5 15 15 15 15 15 15 28 28 28 34 35 35 35 40