14 24
1 4 4 4 4 18 18 18 25 25 25 37 37 37 44 44 52 52 52 52 52 52 52 52
1 5 5 5 5 18 18 18 25 25 25 37 37 37 44 44 53 53 53 53 64 66 67 67
1 6 6 11 15 15 15 15 26 31 31 37 37 37 44 44 54 56 56 56 64 66 67 67
1 6 6 11 16 16 19 19 26 31 31 37 37 37 45 45 54 56 56 56 64 66 67 67
1 7 7 12 16 16 19 19 26 32 32 32 41 41 41 41 54 56 56 56 65 66 68 68
1 7 7 12 16 16 20 20 26 33 33 33 33 33 46 46 54 57 57 61 65 66 69 69
1 7 7 12 16 16 20 20 27 27 27 27 42 42 42 42 42 57 57 61 65 66 69 69
2 7 7 12 17 17 20 20 28 28 28 28 43 43 47 47 47 47 47 47 65 66 70 72
2 7 7 13 17 17 21 21 21 34 34 34 43 43 48 49 49 49 60 60 60 66 70 72
2 8 8 13 17 17 22 23 29 29 29 38 38 38 48 50 50 50 60 60 60 66 70 72
2 9 9 14 14 14 22 23 30 30 36 38 38 38 48 51 51 58 58 58 58 66 71 72
2 9 9 14 14 14 22 24 24 35 36 39 39 39 39 51 51 59 59 62 62 62 71 72
2 10 10 10 10 10 10 24 24 35 36 40 40 40 40 40 55 59 59 62 62 62 71 72
3 3 3 3 3 3 3 3 3 3 36 40 40 40 40 40 55 59 59 63 63 63 71 72