14 24
1 3 3 3 3 3 3 3 30 34 34 39 39 42 42 47 49 51 58 61 61 61 61 61
1 4 9 9 9 9 21 24 30 34 34 39 39 42 42 47 49 51 58 61 61 61 61 61
1 4 10 13 17 17 21 24 30 34 34 39 39 42 42 47 49 52 52 52 63 65 65 71
1 4 10 13 17 17 21 25 30 34 34 40 40 40 46 46 49 52 52 52 63 66 68 71
1 4 10 14 14 14 14 25 31 34 34 40 40 40 46 46 49 53 53 53 53 66 68 71
1 5 5 5 5 5 5 25 31 35 35 35 35 35 35 35 35 53 53 53 53 66 68 71
1 6 11 11 18 18 22 25 32 32 32 32 32 32 32 32 32 54 54 54 54 54 54 71
1 6 11 11 18 18 22 26 26 26 26 26 41 41 41 41 41 41 59 59 59 59 59 71
1 6 11 11 18 18 22 27 27 36 36 36 36 43 43 43 43 43 43 62 62 62 62 71
1 6 12 15 15 15 22 27 27 36 36 36 36 44 44 44 44 55 55 55 55 67 69 71
2 7 12 16 19 20 23 28 28 28 38 38 38 44 44 44 44 56 56 56 64 67 69 72
2 7 12 16 19 20 23 29 33 37 38 38 38 45 45 48 50 56 56 56 64 67 69 72
2 8 8 8 8 20 23 29 33 37 38 38 38 45 45 48 50 57 60 60 60 60 70 70
2 8 8 8 8 20 23 29 33 37 38 38 38 45 45 48 50 57 60 60 60 60 70 70