12 16
1 1 3 7 7 7 7 7 7 22 22 22 27 27 27 27
1 1 3 8 9 13 13 15 15 15 15 15 15 15 15 15
1 1 3 8 9 13 13 16 17 17 17 17 17 31 31 31
1 1 3 8 10 10 10 16 18 18 18 23 23 31 31 31
1 1 3 8 10 10 10 16 18 18 18 24 28 31 31 31
1 1 4 4 10 10 10 16 19 19 19 24 28 31 31 31
2 2 4 4 11 11 14 16 19 19 19 25 29 31 31 31
2 2 4 4 11 11 14 16 19 19 19 25 29 32 32 32
2 2 4 4 11 11 14 16 19 19 19 26 26 32 32 32
2 2 5 5 11 11 14 16 20 20 20 26 26 32 32 32
2 2 5 5 12 12 14 16 21 21 21 21 30 30 30 30
2 2 6 6 6 6 14 16 21 21 21 21 30 30 30 30