12 16
1 1 1 1 11 11 11 18 18 18 18 18 18 18 18 32
2 2 2 2 11 11 11 19 19 19 19 26 26 26 26 32
2 2 2 2 11 11 11 19 19 19 19 26 26 26 26 32
3 4 8 8 8 8 17 17 17 17 17 17 17 29 29 32
3 4 9 9 9 9 9 9 9 23 23 23 23 29 29 32
3 5 5 10 10 13 13 13 13 23 23 23 23 30 30 30
3 5 5 10 10 13 13 13 13 24 25 25 25 30 30 30
3 5 5 10 10 14 14 14 21 24 25 25 25 30 30 30
3 5 5 10 10 15 15 20 21 24 25 25 25 30 30 30
3 6 6 10 10 15 15 20 22 22 22 27 27 27 31 31
3 7 7 7 12 15 15 20 22 22 22 28 28 28 28 28
3 7 7 7 12 16 16 16 16 16 16 16 16 16 16 16