12 16
1 1 4 4 9 9 14 14 14 14 14 14 24 27 27 27
1 1 5 7 7 7 15 15 15 18 19 19 24 27 27 27
1 1 5 7 7 7 15 15 15 18 20 20 20 20 30 30
1 1 6 6 10 10 10 10 10 18 20 20 20 20 30 30
1 1 6 6 10 10 10 10 10 18 21 23 25 28 30 30
1 1 6 6 11 12 12 12 12 12 21 23 25 28 30 30
1 1 6 6 11 12 12 12 12 12 21 23 25 28 30 30
1 1 6 6 11 12 12 12 12 12 21 23 25 28 30 30
1 1 6 6 11 12 12 12 12 12 21 23 25 29 30 30
2 2 2 8 11 13 16 16 17 17 22 23 25 29 30 30
2 2 2 8 11 13 16 16 17 17 22 23 25 29 30 30
3 3 3 3 3 3 3 3 3 3 22 23 26 26 30 30