12 16
1 1 1 8 9 9 9 14 17 17 17 17 17 28 28 28
1 1 1 8 9 9 9 14 17 17 17 17 17 28 28 28
1 1 1 8 9 9 9 14 17 17 17 17 17 28 28 28
1 1 1 8 10 10 10 14 18 21 21 26 26 28 28 28
1 1 1 8 10 10 10 14 18 21 21 27 27 28 28 28
2 2 2 2 2 2 2 2 2 2 25 27 27 28 28 28
2 2 2 2 2 2 2 2 2 2 25 27 27 29 29 29
3 3 5 5 5 11 13 15 19 22 25 27 27 30 31 31
4 4 5 5 5 11 13 15 19 22 25 27 27 30 32 32
4 4 6 6 6 11 13 16 20 22 25 27 27 30 32 32
4 4 6 6 6 12 12 16 20 23 23 27 27 30 32 32
4 4 7 7 7 7 7 16 20 24 24 24 24 24 32 32