12 16
1 1 1 9 9 9 9 9 9 9 9 9 9 9 9 9
1 1 1 10 10 11 11 11 11 11 24 24 27 27 30 30
1 1 1 10 10 12 12 12 12 12 12 12 12 12 30 30
2 5 5 5 5 13 16 16 16 20 20 20 20 20 20 32
2 5 5 5 5 13 17 17 17 17 25 25 25 25 25 32
2 6 6 6 6 13 17 17 17 17 25 25 25 25 25 32
2 6 6 6 6 13 17 17 17 17 25 25 25 25 25 32
2 6 6 6 6 14 14 14 14 21 21 26 26 26 31 31
3 3 3 3 3 3 3 18 18 22 22 26 26 26 31 31
4 7 7 7 7 15 15 15 19 19 19 19 19 19 19 19
4 8 8 8 8 8 8 8 8 23 23 23 28 28 28 28
4 8 8 8 8 8 8 8 8 23 23 23 29 29 29 29