10 18
1 1 1 1 1 1 1 1 1 1 2 2 2 2 2 2 16 16
3 3 3 4 5 5 5 5 5 6 7 7 7 7 7 8 16 16
9 9 9 4 10 10 11 12 12 6 13 14 15 15 15 8 16 16
17 17 17 18 18 18 11 12 12 44 13 14 19 19 19 8 20 20
21 21 21 21 21 21 11 22 22 44 23 23 24 24 24 24 20 20
29 29 25 25 25 25 11 26 26 44 27 38 31 31 31 28 32 32
29 29 30 30 30 30 30 30 43 44 27 38 31 31 31 28 32 32
33 33 33 34 34 35 35 36 43 44 37 38 39 39 39 40 40 40
41 41 41 42 42 42 42 36 43 44 37 38 45 45 45 46 46 46
47 47 47 47 47 47 47 47 47 48 48 48 48 48 48 46 46 46