10 18
14 14 1 1 1 1 2 2 2 2 2 2 2 2 3 3 3 3
14 14 4 9 10 10 5 5 6 11 11 7 7 8 8 13 13 13
14 14 4 9 10 10 5 5 6 11 11 12 23 8 8 13 13 13
14 14 4 9 10 10 5 5 6 11 11 12 23 8 8 19 19 19
14 14 15 15 16 16 5 5 6 17 17 18 23 24 24 19 19 19
14 14 20 20 20 20 21 21 22 22 22 18 23 24 24 19 19 19
26 26 26 26 25 25 25 25 25 25 25 25 25 25 25 25 25 25
26 26 26 26 27 27 27 28 28 28 28 28 29 29 30 30 30 30
36 36 36 31 32 32 32 32 33 33 33 34 34 35 35 35 35 35
36 36 36 31 37 37 37 37 37 37 37 37 38 38 38 38 38 38