10 18
1 1 1 1 5 5 2 2 2 6 6 3 3 3 3 18 11 4
1 1 1 1 5 5 9 9 9 6 6 10 10 14 7 18 11 4
8 8 8 8 8 8 9 9 9 6 6 10 10 14 7 18 11 4
15 12 12 12 13 13 13 13 13 13 17 10 10 14 25 18 11 4
15 16 16 16 16 16 16 16 16 16 17 10 10 14 25 18 11 22
19 19 19 20 20 20 20 20 20 20 17 28 21 14 25 18 11 22
26 26 23 23 23 24 24 24 24 24 17 28 21 14 25 18 11 22
26 26 23 23 23 27 27 27 27 27 17 28 21 14 25 18 29 22
33 33 33 30 30 30 30 31 31 31 31 31 21 32 36 36 29 22
33 33 33 34 34 34 34 34 34 35 35 35 21 32 36 36 29 22