14 24
7 1 1 1 1 1 1 1 1 2 3 3 3 3 3 3 3 6 6 16 4 4 10 10
7 5 5 5 5 5 5 5 5 2 8 8 9 9 9 9 9 6 6 16 4 4 10 10
7 5 5 5 5 5 5 5 5 2 8 8 9 9 9 9 9 6 6 16 4 4 10 10
11 11 11 11 11 12 12 12 12 12 8 8 13 13 13 13 13 6 6 16 14 14 14 46
15 15 15 15 15 15 15 15 15 15 15 15 15 15 15 15 15 15 26 16 14 14 14 46
17 17 17 17 17 17 18 18 18 18 18 19 20 25 25 21 21 21 26 16 42 42 22 46
23 23 23 23 23 23 23 23 23 24 24 19 20 25 25 21 21 21 26 16 42 42 22 46
27 27 27 27 27 27 27 28 28 28 28 28 20 29 29 29 29 30 30 16 42 42 36 46
31 31 31 31 31 31 31 32 32 33 33 33 34 34 34 34 35 30 30 38 42 42 36 46
37 37 37 37 37 37 37 37 37 37 37 37 37 37 37 37 35 30 30 38 42 42 36 46
43 39 39 39 40 40 40 40 40 40 40 41 41 41 41 41 41 41 41 41 42 42 36 46
43 44 44 44 44 44 44 44 44 44 44 44 45 45 45 45 45 45 45 45 42 42 36 46
47 47 47 47 47 47 47 48 48 48 48 48 48 48 48 48 48 48 48 48 42 42 36 46
49 49 49 49 49 49 49 49 50 50 50 51 51 51 51 52 52 52 52 52 52 52 36 46