20 36
1 1 1 1 1 1 1 1 34 34 34 34 34 34 34 34 34 34 34 34 34 34 34 34 34 34 34 34 34 34 34 34 34 34 34 34
2 4 4 4 22 22 30 30 30 30 30 30 30 30 30 30 30 30 30 30 30 30 30 30 30 30 30 88 88 88 94 94 102 103 103 112
2 4 4 4 23 23 23 23 35 35 35 35 41 44 44 44 54 54 61 61 69 72 72 78 79 79 79 88 88 88 95 97 102 104 106 112
2 5 5 16 16 16 16 16 16 36 36 36 41 45 49 52 54 54 62 66 69 72 72 78 79 79 79 89 89 89 95 97 102 104 106 112
2 5 5 16 16 16 16 16 16 37 37 37 41 45 49 52 55 58 62 66 69 72 72 78 80 82 82 89 89 89 95 97 102 104 106 112
2 5 5 17 17 27 27 27 27 27 27 27 41 45 49 52 55 58 62 66 69 72 72 78 80 82 82 89 89 89 95 97 102 104 107 112
2 6 6 6 24 24 24 24 24 24 24 24 41 45 49 52 55 58 62 67 69 72 72 78 80 82 82 89 89 89 95 97 102 105 107 112
2 7 7 7 7 7 7 7 7 7 39 39 41 46 46 52 55 58 62 67 69 73 73 78 80 82 82 90 90 90 95 97 102 105 107 112
2 8 8 8 8 8 31 31 31 38 38 38 41 46 46 52 55 58 63 67 69 73 73 78 80 83 83 90 90 90 95 97 102 105 107 112
2 8 8 8 8 8 32 32 32 32 32 32 41 46 46 52 55 58 63 67 69 74 74 78 80 84 84 90 90 90 95 97 102 105 107 112
2 9 9 18 18 18 18 18 18 18 18 18 42 42 42 52 56 59 64 68 69 74 74 78 80 84 84 90 90 90 95 98 102 105 107 112
2 9 9 19 19 28 28 28 28 28 28 28 28 47 47 47 56 59 64 68 69 74 74 78 80 84 84 91 91 91 95 98 102 105 107 112
2 9 9 20 20 20 20 20 20 20 20 20 20 47 47 47 56 59 64 68 69 75 75 78 80 85 85 92 92 92 95 99 102 105 108 108
2 10 10 10 10 10 10 10 10 10 10 10 10 10 10 10 10 10 10 10 10 10 10 10 80 86 86 92 92 92 95 99 102 105 109 109
2 11 14 14 25 25 25 25 25 25 25 25 25 48 48 53 53 60 60 60 70 76 76 76 80 86 86 92 92 92 95 100 100 105 109 109
2 11 14 14 26 26 26 26 26 26 26 26 26 26 26 26 26 26 26 26 70 76 76 76 80 86 86 93 93 93 93 100 100 105 109 109
2 11 15 15 15 15 15 15 15 15 15 40 40 40 50 50 50 50 50 50 50 50 50 50 50 50 50 50 50 50 50 50 50 105 110 110
2 12 12 12 12 29 29 33 33 33 33 33 33 33 51 51 57 57 65 65 71 71 77 77 81 81 81 81 81 81 81 101 101 105 111 111
2 13 13 21 21 21 21 21 21 21 21 21 21 21 21 21 21 21 21 21 21 21 21 21 21 87 87 87 87 87 96 96 96 105 111 111
3 3 3 3 3 3 3 3 3 3 3 3 43 43 43 43 43 43 43 43 43 43 43 43 43 43 43 43 43 43 43 43 43 105 111 111