10 18
3 3 3 3 3 9 1 2 2 2 2 2 6 6 6 6 6 18
3 3 3 3 3 9 1 36 4 4 5 5 6 6 6 6 6 18
7 7 7 8 8 9 14 36 10 10 10 10 10 10 11 11 12 18
13 13 13 13 13 9 14 36 15 15 16 16 17 17 17 38 12 18
21 21 21 21 21 9 14 36 19 22 16 16 17 17 17 38 20 20
21 21 21 21 21 9 25 36 19 22 16 16 17 17 17 38 28 28
23 29 29 24 24 9 25 36 19 26 26 27 27 27 27 38 28 28
23 29 29 30 30 31 31 36 37 37 37 37 32 33 33 38 34 34
35 35 35 35 35 35 35 36 37 37 37 37 32 33 33 38 34 34
39 39 39 39 39 39 39 39 39 39 39 40 40 40 40 40 40 40