14 24
15 1 1 1 1 1 1 7 7 7 7 2 3 3 3 8 13 19 4 9 10 10 14 14
15 5 5 5 6 6 6 7 7 7 7 2 18 18 24 8 13 19 4 9 10 10 14 14
15 11 11 11 11 11 11 12 12 12 12 2 18 18 24 8 13 19 4 9 10 10 14 14
15 16 16 16 16 16 16 16 17 17 17 17 18 18 24 8 13 19 4 9 10 10 58 20
21 21 21 21 21 22 22 22 22 22 22 23 18 18 24 8 13 19 33 9 25 25 58 20
26 26 26 26 27 27 27 27 27 27 27 23 18 18 24 32 13 19 33 9 48 28 58 34
29 29 29 30 30 30 30 30 30 30 30 30 18 18 31 32 13 19 33 9 48 28 58 34
35 35 35 35 35 36 36 37 37 38 38 38 18 18 31 32 13 19 39 9 48 28 58 40
49 41 41 41 41 41 41 41 41 41 41 41 18 18 31 42 13 19 39 9 48 43 58 40
49 55 44 44 44 45 45 45 45 45 45 46 46 47 47 42 13 53 39 9 48 43 58 54
49 55 50 50 50 50 50 50 50 51 51 52 52 52 52 42 13 53 39 9 48 43 58 54
49 55 56 56 56 56 56 56 56 57 57 57 57 57 57 57 57 57 57 57 48 64 58 54
49 59 59 59 60 60 60 60 61 61 61 61 61 61 62 62 62 62 63 63 48 64 58 54
49 59 59 59 65 65 65 65 65 65 66 66 67 67 67 68 68 68 68 68 68 68 68 68