14 24
1 1 11 11 2 3 3 3 3 4 4 9 10 5 5 13 13 6 6 7 7 14 8 8
1 1 11 11 2 3 3 3 3 4 4 9 10 26 21 13 13 6 6 23 33 14 34 24
17 17 11 11 12 12 12 12 12 4 4 9 10 26 21 13 13 6 6 23 33 14 34 24
17 17 15 15 15 15 15 15 15 15 15 15 16 26 21 13 13 22 22 23 33 14 34 24
17 17 18 18 18 19 19 19 20 20 20 20 16 26 21 13 13 22 22 23 33 14 34 24
17 17 25 25 25 25 25 25 25 25 25 25 25 26 21 31 57 22 22 23 33 14 34 52
45 27 27 28 28 28 29 29 30 30 30 30 30 26 21 31 57 32 32 23 33 14 34 52
45 35 35 36 37 37 37 38 38 39 39 39 39 39 39 39 57 40 40 23 41 14 42 52
45 35 35 36 43 43 43 43 43 43 43 44 44 44 44 44 57 40 40 51 41 14 42 52
45 35 35 46 46 47 47 47 48 48 48 48 48 49 49 49 57 50 50 51 41 14 42 52
45 35 35 46 46 53 53 53 53 53 53 53 54 54 54 54 57 50 50 51 58 58 42 52
45 55 55 55 55 55 56 56 56 56 56 56 54 54 54 54 57 50 50 67 58 58 42 68
45 59 59 59 59 59 59 59 59 59 59 59 60 60 65 65 57 66 66 67 58 58 42 68
61 61 61 62 62 63 63 63 63 64 64 64 64 64 65 65 57 66 66 67 58 58 42 68