10 18
8 8 4 4 1 1 1 22 2 2 2 2 2 3 3 3 3 17
8 8 4 4 5 5 5 22 6 6 6 6 6 6 7 37 12 17
8 8 9 9 5 5 5 22 10 10 10 27 11 20 7 37 12 17
13 13 13 13 14 14 14 22 15 15 19 27 11 20 16 37 12 17
24 29 29 18 18 18 18 22 15 15 19 27 23 20 16 37 28 17
24 29 29 25 21 21 21 22 15 15 19 27 23 20 16 37 28 17
24 29 29 25 21 21 21 26 26 26 26 27 23 20 16 37 28 17
24 29 29 25 30 30 30 30 30 31 31 27 23 20 32 37 28 33
24 29 29 34 34 34 34 35 35 35 36 36 36 20 32 37 28 33
38 38 38 38 38 38 38 38 39 39 39 40 40 40 40 37 28 33