14 24
1 1 1 1 1 1 6 6 6 7 7 7 8 8 8 2 2 2 3 3 3 3 4 4
5 5 5 5 5 5 6 6 6 7 7 7 8 8 8 2 2 2 16 21 9 9 4 4
18 10 10 10 10 10 11 11 11 11 11 11 11 12 23 2 2 2 16 21 9 9 17 17
18 13 13 13 14 14 14 14 14 14 14 15 15 12 23 28 28 28 16 21 9 9 17 17
18 25 19 19 19 19 19 19 20 20 20 20 20 12 23 28 28 28 33 21 24 29 17 17
18 25 22 22 22 22 22 22 22 22 22 22 22 12 23 28 28 28 33 40 24 29 17 17
18 25 26 26 26 26 26 27 31 36 36 36 36 12 23 28 28 28 33 40 37 29 34 41
18 30 30 30 30 30 30 27 31 36 36 36 36 12 23 32 32 32 33 40 37 29 34 41
18 35 35 35 35 35 35 35 31 36 36 36 36 12 23 32 32 32 33 40 37 46 46 41
42 42 38 38 38 38 38 38 38 38 38 38 39 39 39 39 39 39 39 40 37 46 46 41
42 42 50 50 50 43 43 43 43 44 44 44 44 44 45 45 48 48 48 48 48 46 46 41
42 42 50 50 50 43 43 43 43 47 47 47 47 47 45 45 48 48 48 48 48 49 49 49
55 55 50 50 50 56 56 56 51 51 51 52 52 52 52 52 52 53 53 53 54 54 54 54
55 55 50 50 50 56 56 56 57 57 57 58 58 58 58 58 58 58 58 58 54 54 54 54