14 24
5 5 5 1 2 2 2 2 2 2 2 2 2 2 2 2 3 4 4 4 4 8 8 16
5 5 5 1 6 6 6 6 6 6 6 6 6 27 18 10 3 7 7 7 15 8 8 16
5 5 5 9 9 9 9 9 9 9 9 9 9 27 18 10 3 14 23 23 15 8 8 16
11 19 12 12 12 12 13 13 17 17 21 21 22 27 18 10 3 14 23 23 15 8 8 16
11 19 20 20 20 20 20 20 17 17 21 21 22 27 18 10 3 14 23 23 15 24 24 16
11 19 20 20 20 20 20 20 17 17 21 21 22 27 18 10 3 44 23 23 28 24 24 16
11 19 25 25 25 26 26 26 26 26 26 26 22 27 18 10 3 44 23 23 28 24 24 16
11 19 29 29 29 29 29 29 30 30 30 30 36 31 40 10 55 44 37 32 32 24 24 46
11 33 33 42 34 34 35 35 35 35 35 35 36 31 40 10 55 44 37 45 45 45 38 46
11 33 33 42 34 34 39 39 39 39 39 39 39 31 40 10 55 44 37 45 45 45 38 46
41 33 33 42 43 43 43 43 43 43 43 43 43 43 40 10 55 44 37 45 45 45 38 46
41 33 33 47 47 47 47 47 47 47 47 48 48 48 48 48 55 44 37 45 45 45 52 46
41 49 49 50 50 50 50 50 50 50 50 50 50 50 50 50 55 51 51 51 51 51 52 46
41 53 53 53 54 54 54 54 54 54 54 54 54 54 54 54 55 56 56 56 56 56 52 46