20 36
1 1 1 1 1 1 1 11 6 6 6 6 30 70 7 8 8 2 2 3 3 3 4 4 5 5 5 62 62 14 14 14 15 16 16 96
1 1 1 1 1 1 1 11 6 6 6 6 30 70 7 8 8 88 9 3 3 3 4 4 5 5 5 62 62 14 14 14 15 16 16 96
17 10 10 10 10 10 75 11 12 12 12 13 30 70 110 8 8 88 9 26 26 26 4 4 5 5 5 62 62 14 14 14 15 16 16 96
17 18 18 19 19 35 75 11 12 12 12 13 30 70 110 8 8 88 25 26 26 26 20 20 20 21 22 62 62 23 23 79 15 16 16 96
17 18 18 19 19 35 75 11 28 28 28 13 30 70 110 24 24 88 25 26 26 26 27 27 84 21 22 62 62 38 39 79 15 32 32 96
33 33 33 33 34 35 75 11 28 28 28 29 30 70 110 31 48 88 25 26 26 26 43 44 84 21 37 62 62 38 39 79 15 32 32 96
33 33 33 33 34 35 75 11 36 36 36 29 46 70 110 31 48 88 25 26 26 26 43 44 84 21 37 62 62 38 39 79 40 40 40 96
41 41 58 58 58 50 75 11 36 36 36 29 46 70 110 47 48 88 25 42 42 42 43 44 84 21 45 62 62 38 39 79 40 40 40 96
41 41 58 58 58 50 75 11 51 52 52 29 46 70 110 47 48 88 25 49 66 66 43 44 84 21 45 62 62 38 54 79 40 40 40 96
57 57 58 58 58 50 75 11 51 52 52 29 53 70 110 47 48 88 25 49 66 66 60 60 84 21 61 62 62 38 54 79 55 55 56 96
57 57 58 58 58 59 75 11 51 52 52 29 53 70 110 47 64 88 25 49 66 66 60 60 84 21 61 62 62 38 63 79 55 55 56 96
57 57 58 58 58 59 75 11 51 52 52 29 53 70 110 47 64 88 25 65 66 66 67 67 84 21 61 62 62 38 63 79 55 55 72 96
73 73 73 74 74 74 75 11 51 68 68 69 69 70 110 47 71 88 25 65 66 66 67 67 84 21 61 77 102 38 63 79 55 55 72 96
73 73 73 74 74 74 75 11 51 76 76 76 76 70 110 47 71 88 25 65 66 66 67 67 84 21 61 77 102 38 78 79 55 55 80 96
81 81 81 81 81 81 81 11 51 76 76 76 76 70 110 87 87 88 25 65 82 82 83 83 84 21 85 85 102 38 78 79 55 55 80 96
97 97 97 98 90 90 90 11 51 86 86 86 86 86 110 87 87 88 25 65 89 89 89 89 84 21 85 85 102 38 78 94 55 55 95 96
97 97 97 98 90 90 90 11 91 91 92 92 92 93 110 87 87 88 25 105 105 106 100 100 100 21 85 85 102 38 78 94 55 55 95 96
97 97 97 98 99 99 99 11 91 91 108 108 108 93 110 87 87 88 25 105 105 106 100 100 100 21 101 101 102 38 78 103 55 55 95 96
97 97 97 98 99 99 99 11 91 91 108 108 108 109 110 104 104 104 25 105 105 106 107 107 107 107 107 107 107 38 78 103 55 55 95 96
97 97 97 98 99 99 99 11 91 91 108 108 108 109 110 111 111 111 25 105 105 106 107 107 107 107 107 107 107 38 78 103 55 55 112 112