12 16
1  1  2  2  2  2 32 32 32 32 32 32 32 39 39 27
1  1  3  3  3 40 40 40 45 28 44 43 43 39 39 27
1  1  3  3  3 41 41 38 45 28 44 43 43 30 29 27
4  5  5  5  5  5  5 38 42 28 44 43 43 30 29 27
4  6  6  7  7  7 36 36 42 28 34 34 31 30 29 27
4  6  6  7  7  7 36 36 42 28 34 34 31 30 26 26
4  8  8  8 15 15 15  0  0  0 33 33 31 25 26 26
9  9  9 13 13 35 35  0  0  0 33 33 31 25 26 26
9  9  9 13 13 16 16 16 22 22 22 22 31 25 24 24
10 10 17 17 17 17 17 12 21 21 23 23 23 25 24 24
10 10 11 11 18 18 18 12 21 21 23 23 23 20 20 20
10 10 11 11 18 18 18 12 19 19 19 19 19 20 20 20
unit 30