17 17
1 5 5 5 5 5 5 24 27 27 33 33 33 33 43 43 43
1 6 6 6 6 19 22 24 27 27 34 36 36 36 43 43 43
1 7 9 12 12 19 22 24 27 27 34 36 36 36 43 43 43
1 7 9 13 13 19 23 24 27 27 35 37 38 38 38 38 49
1 7 9 13 13 19 23 25 25 25 35 37 39 39 39 45 49
1 7 9 13 13 19 23 25 25 25 35 37 39 39 39 45 49
1 7 10 10 10 19 23 26 26 26 35 37 39 39 39 45 49
1 7 10 10 10 19 23 26 26 26 35 37 40 40 40 40 40
2 7 10 10 10 19 23 26 26 26 35 37 41 41 44 46 46
2 7 11 11 15 15 15 15 28 28 28 28 41 41 44 46 46
2 8 8 14 15 15 15 15 28 28 28 28 41 41 44 46 46
2 8 8 14 16 20 20 20 20 32 32 32 41 41 44 47 47
2 8 8 14 16 20 20 20 20 32 32 32 42 42 44 47 47
3 3 3 14 17 17 17 17 17 32 32 32 42 42 44 48 48
3 3 3 14 18 21 21 21 29 29 29 29 29 29 29 48 48
4 4 4 14 18 21 21 21 30 30 30 30 30 30 30 48 48
4 4 4 14 18 21 21 21 31 31 31 31 31 31 31 48 48