12 16
25 25 25 25 23 23 23 23 27 27 26 26 26  9  9  6
29 29 46 46 46 46 46 46 27 27 26 26 26  9  9  6
29 29 41 41 41 31 28 48 38 22 10 10 10 10 10  6
35 35 35 35 35 31 28 48 38 22 21 21 11 11  8  6
24 19 19 19 19 31 39 48 38 22 21 21 11 11  8 47
24 20 12 12 12 31 39 48 38 42 42 42 42  5  8 47
32 20 30 37 37 44 39 40 14 13 13 13 13  5 45 45
32 20 30 37 37 44 39 40 14 16 15 15  7  5  4  4
34 33 30 36 36 44 39 40 14 16 15 15  7  5  4  4
34 33 30 36 36 44 39 40 14 16 15 15  7  5  1  1
34 33 30 18 18 18 18 18 18 16  3  3  7  5  1  1
34 33 30 43 43 43 43 43 17 17  3  3  2  2  2  2
unit 30