17 17
1 1 1 1 1 1 1 1 30 30 30 30 30 30 30 30 47
2 2 2 11 11 17 23 23 23 23 23 23 35 35 42 45 47
2 2 2 11 11 17 24 27 27 27 27 33 35 35 42 45 47
2 2 2 11 11 17 24 27 27 27 27 33 35 35 42 45 47
3 7 7 12 12 12 24 28 28 28 32 33 36 36 36 45 47
3 8 9 12 12 12 24 28 28 28 32 33 37 37 37 37 47
3 8 9 13 13 13 13 13 13 13 13 33 37 37 37 37 47
3 8 9 14 14 18 18 18 18 18 18 33 38 38 43 43 47
3 8 9 14 14 18 18 18 18 18 18 33 38 38 43 43 48
3 8 10 14 14 18 18 18 18 18 18 33 38 38 43 43 48
4 4 10 15 15 19 19 29 29 29 29 29 29 41 41 41 48
4 4 10 15 15 20 20 20 20 31 31 31 31 41 41 41 48
5 5 10 15 15 21 25 25 25 25 25 25 39 39 44 46 48
5 5 10 16 16 21 25 25 25 25 25 25 40 40 44 46 49
5 5 10 16 16 21 26 26 26 26 26 34 40 40 44 46 49
6 6 6 16 16 21 26 26 26 26 26 34 40 40 44 46 49
6 6 6 16 16 22 22 22 22 22 22 22 22 22 22 46 49