12 16
5 16 14 14 14 14 14 14 11 11 11 11 11  1  1  1
5 16  6  6  6  6  6  6 11 11 11 11 11  1  1  1
5 16  6  6  6  6  6  6 11 11 11 11 11  1  1  1
5 16  6  6  6  6  6  6  0  0  0  0  0  0 12 12
5 16  6  6  6  6  6  6  0  0  0  0  0  0 12 12
5 16 17 17 17 17 17 17 17 17 17 17 17 17 12 12
5  4  4  4  4  2  2  2  2  2  3  3  3  3 12 12
5  4  4  4  4  2  2  2  2  2  3  3  3  3 12 12
5  4  4  4  4 15 15 19 19 19 19  7  7  7 12 12
5  4  4  4  4 15 15 19 19 19 19  7  7  7 12 12
9  9  9  9  9 15 15 19 19 19 19  7  7  7 12 12
9  9  9  9  9 15 15 10 10 10 10 10 10 10 10 10
unit 30