17 17
1 5 5 5 5 5 15 15 15 15 15 15 15 15 31 31 31
1 5 5 5 5 5 16 16 16 22 24 24 24 24 31 31 31
1 5 5 5 5 5 16 16 16 22 24 24 24 24 32 33 35
1 6 6 6 6 6 6 6 6 23 25 27 29 29 32 33 35
1 6 6 6 6 6 6 6 6 23 25 27 29 29 32 33 35
2 2 2 2 2 2 2 2 2 23 25 27 29 29 32 33 35
3 7 10 11 11 11 17 17 17 23 25 27 29 29 32 33 35
3 7 10 11 11 11 18 18 18 18 25 27 29 29 32 34 35
3 7 10 11 11 11 18 18 18 18 25 27 29 29 32 34 35
3 7 10 12 12 12 12 19 19 19 25 27 29 29 32 34 35
3 7 10 12 12 12 12 20 20 20 25 27 29 29 32 34 35
3 7 10 12 12 12 12 20 20 20 25 28 28 28 28 28 28
3 7 10 12 12 12 12 20 20 20 25 28 28 28 28 28 28
3 8 8 8 8 8 8 8 8 8 8 8 8 8 8 8 8
3 9 9 9 9 9 9 21 21 21 26 26 26 30 30 30 36
4 4 4 13 13 13 13 21 21 21 26 26 26 30 30 30 36
4 4 4 14 14 14 14 14 14 14 14 14 14 30 30 30 36