17 17
1 3 3 3 3 15 17 17 17 17 17 34 34 39 39 39 39
1 3 3 3 3 15 17 17 17 17 17 34 34 39 39 39 39
1 3 3 3 3 15 18 18 18 18 18 34 34 39 39 39 39
1 4 6 11 13 15 19 23 23 23 23 34 34 40 40 40 47
1 4 6 11 13 15 19 24 24 24 31 31 31 31 31 31 47
1 4 6 11 13 16 19 24 24 24 32 35 35 41 44 45 47
1 4 6 11 13 16 19 25 25 25 32 35 35 41 44 45 47
1 4 6 11 13 16 19 25 25 25 32 35 35 41 44 46 47
1 4 6 12 13 16 19 26 26 26 26 26 26 41 44 46 47
1 5 7 12 13 16 20 20 20 28 28 28 36 36 36 46 47
1 5 7 12 13 16 20 20 20 29 29 29 29 29 29 46 47
2 5 7 12 14 16 20 20 20 30 30 30 37 37 37 46 47
2 5 7 12 14 16 20 20 20 30 30 30 37 37 37 46 47
2 5 8 8 8 8 8 8 27 27 27 27 38 42 42 46 47
2 5 9 9 9 9 21 21 21 21 21 21 38 42 42 46 47
2 5 9 9 9 9 22 22 22 22 33 33 33 43 43 43 43
2 5 10 10 10 10 10 10 10 10 33 33 33 43 43 43 43