14 24
1 1 1 1 1 1 1 1 1 1 1 1 1 1 1 1 1 1 1 1 1 1 1 1
2 2 2 5 6 11 12 12 17 17 19 19 19 19 30 30 30 30 30 30 30 30 30 30
2 2 2 5 6 11 12 12 17 17 20 20 20 29 29 34 36 36 36 36 36 36 44 44
2 2 2 5 6 11 12 12 18 18 18 24 24 29 29 34 37 42 42 42 43 43 44 44
2 2 2 5 6 11 13 13 13 13 21 21 21 29 29 34 37 42 42 42 43 43 44 44
2 2 2 5 7 7 7 7 7 7 7 7 7 29 29 34 38 38 38 38 43 43 44 44
2 2 2 5 8 8 8 8 8 8 8 8 8 8 8 8 38 38 38 38 43 43 44 44
2 2 2 5 9 9 9 9 9 9 9 9 27 27 27 27 27 27 27 27 43 43 44 44
2 2 2 5 10 10 10 10 10 10 22 25 25 25 31 31 31 31 31 31 43 43 44 44
3 3 3 3 3 3 3 3 3 3 22 25 25 25 32 32 39 39 39 39 43 43 44 44
4 4 4 4 4 4 14 16 16 16 16 26 28 28 33 35 40 40 40 40 43 43 44 44
4 4 4 4 4 4 14 16 16 16 16 26 28 28 33 35 40 40 40 40 43 43 44 44
4 4 4 4 4 4 15 15 15 15 23 23 23 23 23 35 41 41 41 41 41 41 44 44
4 4 4 4 4 4 15 15 15 15 23 23 23 23 23 35 41 41 41 41 41 41 44 44