12 16
6 22 34 34 40 41 41 41 11 48 48 48  2  2  2  2
6 22 27 27 40 19 19 19 11  8  8 31 44 13  9  9
6 22 27 27 40 37 37 12 11 14 10 31 44 13  9  9
6 22 27 27 40 37 37 12 11 14 10 31 44 21 21 21
6 22  5  5 40 43  0 12 35 14 10 31 44 21 21 21
47  4 50 50 40 43  0 12 35 14 10 36 44 25 25 25
47  4 50 50 40 43  0 12 35 38 10 36 28 33 33 20
47  1  1  1  1  1  1  1 35 38 10 36 28 33 33 20
47 45 45 45 30 30 30 30 35 38 10 36 28 33 33 20
47 17 17 17 17 17 42 42 35  3  3 36 28 23 23 20
47 18 18 18 32 32 32 32 32 24 24 36 28  7  7  7
15 15 15 15 29 29 29 26 26 24 24 36 39 39 39 39
unit 30