31 45
1 1 1 25 25 25 25 25 25 62 62 62 62 62 62 62 62 62 62 109 109 109 109 109 109 109 109 109 109 109 109 109 150 150 150 150 150 176 176 176 176 197 197 197 215
1 1 1 26 26 26 26 26 26 26 73 81 81 81 81 81 81 81 81 110 110 110 110 110 110 110 110 110 110 110 110 138 150 150 150 150 150 176 176 176 176 198 198 198 215
1 1 1 27 27 27 27 27 27 63 73 82 82 82 96 96 96 96 96 96 112 113 113 113 113 113 119 119 119 129 132 138 150 150 150 150 150 176 176 176 176 198 198 198 216
2 11 11 28 28 28 28 28 28 63 74 74 74 74 96 96 96 96 96 96 112 113 113 113 113 113 119 119 119 129 132 139 151 160 160 160 160 160 182 182 182 199 199 199 216
2 12 12 12 42 42 42 42 56 63 75 83 83 83 83 100 100 100 100 100 112 113 113 113 113 113 119 119 119 129 132 139 151 160 160 160 160 160 182 182 182 200 200 200 216
2 12 12 12 42 42 42 42 56 63 75 83 83 83 83 100 100 100 100 100 112 113 113 113 113 113 119 119 119 129 132 140 151 160 160 160 160 160 183 183 183 183 183 211 216
3 3 3 3 3 3 3 3 56 63 75 84 84 84 84 100 100 100 100 100 112 114 114 114 114 114 114 114 126 129 133 140 152 152 152 152 170 170 170 187 187 187 187 211 216
4 13 17 17 17 17 17 17 56 63 76 84 84 84 84 100 100 100 100 100 112 114 114 114 114 114 114 114 126 129 133 140 152 152 152 152 171 171 171 188 188 188 188 211 216
4 13 18 29 29 29 29 53 53 53 76 85 85 92 92 101 103 103 103 103 112 114 114 114 114 114 114 114 126 129 133 140 153 153 162 166 166 166 184 188 188 188 188 211 217
4 13 18 30 30 30 46 46 57 64 76 86 90 92 92 101 103 103 103 103 112 114 114 114 114 114 114 114 126 129 133 141 141 141 162 167 167 177 184 189 191 191 208 212 217
5 5 5 31 31 31 47 47 57 64 76 86 90 93 93 93 104 104 104 104 112 114 114 114 114 114 114 114 127 127 133 142 142 142 142 167 167 177 185 189 191 191 208 212 218
6 6 19 19 19 19 47 47 58 64 76 86 90 93 93 93 104 104 104 104 112 114 114 114 114 114 114 114 127 127 133 143 143 143 143 143 143 177 185 189 192 201 208 212 218
6 6 19 19 19 19 47 47 58 64 76 87 87 87 87 87 104 104 104 104 112 114 114 114 114 114 114 114 127 127 134 134 134 134 134 168 168 168 185 189 192 201 208 212 218
6 6 20 20 20 20 20 54 54 54 54 54 54 54 54 54 104 104 104 104 112 114 114 114 114 114 114 114 128 128 128 128 128 161 161 168 168 168 185 189 192 201 208 212 218
7 7 21 32 32 32 32 32 59 65 65 65 65 65 97 97 97 97 97 111 111 115 115 115 115 115 115 115 115 115 115 115 115 161 161 168 168 168 186 189 192 202 208 212 218
7 7 21 33 33 33 33 33 59 66 66 88 88 94 97 97 97 97 97 111 111 116 116 116 116 116 116 120 120 120 120 120 154 161 161 168 168 168 186 189 192 202 209 209 218
7 7 21 34 34 34 34 34 59 66 66 88 88 94 97 97 97 97 97 111 111 116 116 116 116 116 116 121 121 121 121 144 154 161 161 168 168 168 186 189 192 203 203 203 203
7 7 22 35 35 35 48 48 59 66 66 88 88 94 98 98 105 105 105 111 111 116 116 116 116 116 116 121 121 121 121 144 155 155 155 155 172 178 186 189 192 204 204 204 219
8 14 22 35 35 35 48 48 59 67 67 67 67 67 98 98 106 106 106 111 111 116 116 116 116 116 116 121 121 121 121 145 156 156 156 156 172 178 186 189 192 204 204 204 219
8 14 22 35 35 35 49 49 59 68 68 68 68 68 98 98 106 106 106 111 111 116 116 116 116 116 116 121 121 121 121 145 156 156 156 156 173 178 186 189 192 204 204 204 219
8 14 22 36 36 36 36 55 55 55 77 77 77 77 98 98 106 106 106 111 111 116 116 116 116 116 116 122 122 130 130 145 157 157 157 157 173 179 179 179 179 179 179 213 219
8 14 22 37 37 45 45 55 55 55 78 78 91 91 99 99 106 106 106 111 111 116 116 116 116 116 116 122 122 131 135 145 158 158 163 163 163 180 180 180 193 193 210 213 220
9 15 22 38 43 43 50 50 50 50 79 79 79 79 79 102 106 106 106 111 111 116 116 116 116 116 116 122 122 131 135 146 146 146 164 164 174 174 174 190 190 190 210 214 220
9 15 23 38 43 43 51 51 51 69 79 79 79 79 79 102 106 106 106 111 111 116 116 116 116 116 116 122 122 131 135 146 146 146 164 164 175 175 175 175 194 194 194 214 220
9 15 23 38 43 43 52 52 52 69 80 80 80 80 80 80 80 80 80 111 111 116 116 116 116 116 116 123 123 123 136 136 159 159 159 159 159 159 159 159 194 194 194 214 221
9 15 23 38 44 44 44 44 60 60 60 60 60 60 60 60 107 107 107 111 111 116 116 116 116 116 116 123 123 123 137 137 137 137 137 137 137 181 181 181 181 181 181 214 221
9 15 23 39 39 39 39 39 39 70 70 70 70 70 70 70 70 70 70 111 111 116 116 116 116 116 116 124 124 124 124 124 124 124 124 169 169 169 169 169 195 195 195 195 221
9 15 23 40 40 40 40 40 40 71 71 71 71 95 95 95 95 95 95 111 111 116 116 116 116 116 116 125 125 125 125 147 147 147 165 169 169 169 169 169 196 205 205 205 205
9 15 23 41 41 41 41 41 41 41 41 89 89 89 89 89 89 89 89 111 111 117 117 117 117 118 118 118 118 118 118 148 148 148 165 169 169 169 169 169 196 206 206 206 222
10 15 24 24 24 24 24 24 61 61 61 61 61 61 61 61 108 108 108 111 111 117 117 117 117 118 118 118 118 118 118 149 149 149 165 169 169 169 169 169 196 206 206 206 222
10 16 16 16 16 16 16 16 16 72 72 72 72 72 72 72 72 72 72 111 111 117 117 117 117 118 118 118 118 118 118 149 149 149 165 169 169 169 169 169 196 207 207 207 222