17 17
1 1 1 11 11 16 16 16 17 19 19 19 19 19 19 19 19
1 1 1 11 11 16 16 16 17 20 20 27 27 27 27 27 27
1 1 1 11 11 16 16 16 17 20 20 28 30 31 31 31 31
2 2 2 12 12 12 12 12 17 20 20 28 30 31 31 31 31
2 2 2 12 12 12 12 12 17 20 20 28 30 32 32 33 33
3 3 3 13 13 13 13 13 17 21 21 28 30 32 32 33 33
3 3 3 13 13 13 13 13 17 21 21 28 30 32 32 33 33
4 4 4 4 4 4 4 4 17 21 21 28 30 32 32 33 33
4 4 4 4 4 4 4 4 17 22 25 25 30 32 32 33 33
5 5 5 5 5 5 5 5 17 22 25 25 30 32 32 33 33
6 6 6 14 14 14 14 14 17 22 26 26 26 26 26 33 33
6 6 6 14 14 14 14 14 17 22 26 26 26 26 26 33 33
7 7 9 9 9 9 9 9 17 23 23 23 23 23 23 33 33
7 7 10 10 15 15 15 15 17 24 24 29 29 29 29 33 33
7 7 10 10 15 15 15 15 17 24 24 29 29 29 29 33 33
7 7 10 10 15 15 15 15 17 24 24 29 29 29 29 33 33
8 8 8 8 15 15 15 15 18 18 18 18 18 18 18 18 18