12 16
51 36 45 45 45 63 63 63 11 11 11 11 21 21 21 21
51 36 46 46 46 46 14 14 14  7  7 39 61 61 50 50
51 36 53 53 53  8  8  8 57 57 57 39 20 20 20 20
51  0  0  0  0 32 49  2 10 10 29 55 55 55 55 66
13 13 13  6  6 32 49  2 10 10 29 38 38 38 16 66
62 62 44 44  9 32 49  2 59 59 40  5  5  5 16 66
1  1 18 23  9 32 19  4 17 52 40 12 12 12 22 22
3  3 18 23  9 28 19  4 17 52 40 65 65 31 31 31
3  3 18 23  9 28 19  4 17 52 40 37 37 37 43 33
15 15 15 15 47 35 35  4 17 58 58 34 26 26 43 33
30 30 41 41 47 60 60 42 56 54 54 34 26 26 43 33
24 24 24 24 47 60 60 42 56 54 54 25 25 25 25 33
unit 30