20 20
1 1 1 1 1 1 1 1 1 1 20 21 21 21 21 33 33 33 33 38
2 2 7 7 10 10 10 10 10 10 20 22 25 25 32 33 33 33 33 38
2 2 7 7 10 10 10 10 10 10 20 22 26 26 32 33 33 33 33 38
2 2 7 7 11 11 17 17 17 17 20 22 26 26 32 33 33 33 33 38
2 2 7 7 11 11 17 17 17 17 20 22 26 26 32 33 33 33 33 38
2 2 7 7 11 11 17 17 17 17 20 22 27 27 27 27 27 35 35 38
3 3 7 7 11 11 17 17 17 17 20 22 27 27 27 27 27 35 35 38
3 3 7 7 11 11 17 17 17 17 20 22 28 28 28 28 28 28 28 38
3 3 7 7 12 14 14 18 18 19 20 22 29 29 29 29 29 36 37 38
4 4 7 7 12 14 14 18 18 19 20 22 29 29 29 29 29 36 37 38
4 4 7 7 12 14 14 18 18 19 20 22 29 29 29 29 29 36 37 38
4 4 8 8 12 14 14 18 18 19 20 23 29 29 29 29 29 36 37 38
4 4 9 9 12 14 14 18 18 19 20 23 30 30 30 30 30 36 37 38
4 4 9 9 12 15 15 18 18 19 20 23 30 30 30 30 30 36 37 38
5 5 5 5 12 15 15 18 18 19 20 23 31 31 31 31 34 34 37 38
5 5 5 5 12 15 15 18 18 19 20 23 31 31 31 31 34 34 37 38
5 5 5 5 12 15 15 18 18 19 20 23 31 31 31 31 34 34 37 38
5 5 5 5 12 16 16 18 18 19 20 23 31 31 31 31 34 34 37 38
5 5 5 5 13 13 13 13 13 13 20 23 31 31 31 31 34 34 37 38
6 6 6 6 6 6 6 6 6 6 20 24 24 24 24 24 24 24 24 38