17 20
1 8 8 8 15 15 15 15 15 15 15 15 15 15 15 15 15 15 15 15
1 8 8 8 16 16 16 24 24 24 27 30 30 30 35 35 35 35 35 40
1 8 8 8 16 16 16 24 24 24 27 30 30 30 35 35 35 35 35 40
1 8 8 8 17 17 17 17 17 17 27 30 30 30 35 35 35 35 35 40
1 9 9 9 9 9 9 9 9 9 27 30 30 30 36 37 37 37 37 40
2 2 2 2 18 18 18 18 18 18 18 30 30 30 36 37 37 37 37 40
2 2 2 2 19 19 19 19 19 19 19 30 30 30 36 37 37 37 37 40
3 3 3 3 3 3 3 25 25 25 25 25 25 25 36 37 37 37 37 40
4 4 4 4 4 4 23 23 23 23 23 31 32 32 32 32 38 38 38 40
4 4 4 4 4 4 23 23 23 23 23 31 32 32 32 32 38 38 38 40
5 5 5 13 13 13 13 13 13 13 13 31 32 32 32 32 38 38 38 40
6 6 6 14 14 14 14 14 26 26 28 28 28 28 28 28 38 38 38 40
6 6 6 14 14 14 14 14 26 26 29 29 29 33 33 33 33 33 33 40
7 10 10 10 10 10 10 10 26 26 29 29 29 34 34 34 39 39 39 39
7 11 11 11 11 20 20 20 26 26 29 29 29 34 34 34 39 39 39 39
7 11 11 11 11 21 21 21 21 21 21 21 21 34 34 34 39 39 39 39
7 12 12 12 12 22 22 22 22 22 22 22 22 22 22 22 22 22 22 22