10 18
1 1 1 1 1 13 13 20 20 22 22 24 24 29 29 29 29 35
2 4 8 10 10 10 15 15 15 15 15 15 25 25 25 30 32 35
2 4 8 10 10 10 15 15 15 15 15 15 25 25 25 30 32 35
2 4 8 10 10 10 16 16 16 16 16 16 25 25 25 30 32 35
3 5 5 5 12 14 16 16 16 16 16 16 25 25 25 30 33 33
3 6 6 6 12 14 17 17 17 17 17 17 26 26 26 26 33 33
3 7 9 11 12 14 18 18 18 18 18 18 27 27 27 31 34 36
3 7 9 11 12 14 18 18 18 18 18 18 27 27 27 31 34 36
3 7 9 11 12 14 19 19 21 21 23 23 28 28 28 28 34 36
3 7 9 11 12 14 19 19 21 21 23 23 28 28 28 28 34 36