12 16
9 39 39 27 27 27 59 59 59 59 59 59 14 14 30 18
9 39 39 21 21 21 21 21 50 50 50  1 14 14 30 18
2  2  2  2  2 49 49 49 49 19 48  1 14 14 30 18
24 24 24 10 26 38  0  0 28 19 48  1 16 16 42 43
23 23 33 10 26 38  0  0 28 19 48  1 16 16 42 43
34  5 33 10 11 38  3  3 35 35 48  1  8  8 42 43
34  5 32 32 11 37 41 41 17 17 53 53 53 56 44 36
34  5 32 32 11 37 41 41  7  7  7  7  7 56 44 36
34  5 46 46 46 37 40 40 15 15 15 15  6 56 44 36
31 31 31 12 12 12 12 12 29 29 29 29  6 51 44 25
22 22 22 45 45 45  4  4  4  4  4  4  6 51 13 25
54 54 20 20 20 20 52 52 52 52 52 52  6 51 13 25
unit 30