31 45
0 0 0 0 124 124 124 124 124 124 124 124 372 403 403 403 403 403 403 589 620 620 682 682 744 744 744 837 837 837 837 961 992 992 992 1085 1085 1085 1178 1209 1209 1209 1209 1333 1364
1 1 1 94 94 94 94 94 94 94 94 342 372 404 404 404 497 497 559 589 621 621 621 621 744 744 744 837 837 837 837 961 993 993 1055 1086 1086 1086 1178 1209 1209 1209 1209 1333 1364
2 2 2 95 95 95 95 219 219 219 219 342 372 405 405 405 497 497 559 589 622 653 653 653 653 653 653 653 653 901 901 961 994 994 1055 1087 1118 1118 1178 1209 1209 1209 1209 1333 1364
3 3 3 96 96 158 158 220 220 220 220 342 372 405 405 405 497 497 559 592 622 654 654 716 716 716 716 716 871 901 901 961 994 994 1057 1087 1118 1118 1181 1181 1181 1274 1274 1274 1274
3 3 3 97 97 159 159 159 159 283 283 283 372 405 405 405 497 497 562 592 622 654 654 717 717 717 810 810 871 901 901 961 994 994 1057 1089 1118 1118 1182 1213 1244 1244 1306 1306 1368
3 3 3 97 97 160 160 160 160 284 284 284 372 405 405 405 497 497 562 592 622 654 654 717 717 717 810 810 871 901 901 961 994 994 1057 1089 1118 1118 1182 1213 1244 1244 1306 1306 1368
6 6 6 6 130 130 130 130 130 130 130 347 372 405 405 405 497 497 564 564 622 654 654 719 750 750 810 810 871 901 901 961 994 994 1057 1089 1118 1118 1182 1215 1244 1244 1308 1339 1368
7 7 7 100 131 162 162 162 162 162 162 347 379 379 379 379 379 379 564 564 627 654 654 719 750 750 810 810 871 906 906 906 906 906 906 906 1123 1123 1123 1215 1247 1247 1308 1339 1368
8 39 39 100 131 163 163 225 225 225 318 318 380 380 442 473 473 535 564 564 627 654 654 721 721 721 721 845 845 845 845 969 969 969 969 969 969 969 969 1215 1247 1247 1308 1341 1341
8 39 39 100 131 164 164 225 225 225 318 318 380 380 442 473 473 535 567 567 627 654 654 722 753 753 815 815 815 815 815 815 1001 1001 1001 1094 1094 1094 1187 1215 1249 1249 1308 1341 1341
8 39 39 100 131 164 164 225 225 225 320 320 380 380 442 475 475 535 567 567 627 661 692 722 754 754 754 847 847 847 940 940 940 1033 1033 1094 1094 1094 1187 1215 1249 1249 1308 1341 1341
8 42 42 42 131 166 166 166 166 290 290 290 380 380 442 475 475 535 567 567 631 661 692 722 754 754 754 847 847 847 940 940 940 1034 1034 1034 1127 1127 1187 1215 1249 1249 1308 1341 1341
8 42 42 42 131 166 166 166 166 290 290 290 380 380 442 475 475 535 567 567 631 663 692 725 754 754 754 847 847 847 940 940 940 1034 1034 1034 1127 1127 1187 1215 1252 1252 1252 1252 1376
8 42 42 42 131 166 166 166 166 290 290 290 380 380 442 475 475 535 567 567 631 663 692 725 757 757 757 847 847 847 940 940 940 1034 1034 1034 1127 1127 1187 1215 1252 1252 1252 1252 1376
8 42 42 42 131 166 166 166 166 290 290 290 386 386 386 386 386 535 572 572 572 665 692 727 727 727 727 847 847 847 944 944 944 944 944 1099 1127 1127 1187 1215 1252 1252 1252 1252 1376
8 46 46 46 46 46 46 46 46 46 46 46 46 46 449 449 511 511 511 511 511 665 697 697 759 759 759 847 847 847 945 945 1007 1007 1007 1099 1127 1127 1187 1215 1252 1252 1252 1252 1376
16 46 46 46 46 46 46 46 46 46 46 46 46 46 450 450 450 450 574 574 574 665 698 729 729 791 791 791 884 884 884 884 1007 1007 1007 1099 1127 1127 1187 1215 1252 1252 1252 1252 1376
16 46 46 46 46 46 46 46 46 46 46 46 46 46 450 450 450 450 575 575 575 665 698 729 729 791 791 791 884 884 884 884 1007 1007 1007 1099 1127 1127 1187 1215 1252 1252 1252 1252 1381
16 46 46 46 46 46 46 46 46 46 46 46 46 46 452 452 452 452 575 575 575 665 698 731 731 731 731 731 731 917 917 917 1007 1007 1007 1099 1127 1127 1187 1215 1252 1252 1252 1252 1381
16 50 50 50 50 50 50 236 267 298 298 298 391 391 452 452 452 452 575 575 575 670 698 732 732 732 732 732 732 917 917 917 1007 1007 1007 1099 1135 1166 1197 1215 1259 1290 1290 1290 1381
16 51 51 51 144 175 175 236 267 299 299 299 391 391 454 454 516 516 516 516 516 670 698 733 733 733 826 826 826 826 826 826 1007 1007 1007 1099 1135 1166 1197 1215 1259 1291 1322 1322 1381
16 52 52 114 144 175 175 236 267 300 300 300 391 391 455 455 455 455 579 579 579 670 698 734 734 734 827 827 827 920 920 920 920 920 920 1099 1135 1168 1197 1215 1259 1291 1322 1322 1381
16 52 52 114 144 177 177 236 267 300 300 300 391 391 456 456 456 456 580 580 580 670 698 735 766 766 766 859 890 890 890 890 890 1045 1076 1076 1135 1168 1197 1231 1259 1291 1324 1324 1381
16 52 52 114 144 178 209 240 240 300 300 300 395 426 426 426 426 426 426 426 426 426 698 735 766 766 766 859 891 922 922 922 922 1045 1076 1076 1139 1168 1201 1231 1259 1291 1324 1324 1381
16 52 52 114 144 178 209 241 272 272 272 365 395 427 427 427 427 427 427 613 613 613 613 735 768 799 830 859 891 922 922 922 922 1045 1076 1076 1139 1168 1201 1231 1264 1264 1324 1324 1381
16 56 56 114 144 178 209 241 272 272 272 365 395 427 427 427 427 427 427 614 614 614 614 614 768 799 830 859 891 924 924 924 1017 1048 1076 1076 1139 1168 1201 1231 1264 1264 1327 1327 1327
16 57 57 57 144 178 209 243 243 243 243 365 395 427 427 427 427 427 427 615 615 615 615 615 770 799 830 859 891 924 924 924 1017 1048 1080 1080 1139 1168 1204 1204 1264 1264 1328 1328 1390
16 58 58 58 144 182 182 182 182 306 306 306 306 430 430 430 430 554 554 615 615 615 615 615 770 799 833 859 891 924 924 924 1017 1048 1081 1081 1139 1174 1205 1236 1267 1267 1328 1328 1390
28 28 28 28 28 183 183 183 183 307 307 307 307 431 462 462 462 554 554 615 615 615 615 615 770 803 833 859 891 924 924 924 1017 1048 1082 1082 1139 1174 1205 1236 1267 1267 1328 1328 1390
29 29 29 29 29 29 29 246 246 308 308 308 401 431 463 494 494 494 494 494 494 494 494 494 770 803 833 859 897 897 897 897 1017 1048 1082 1082 1139 1174 1205 1236 1267 1267 1331 1331 1390
30 30 30 30 30 30 216 216 216 216 216 216 401 431 463 495 495 495 495 495 495 495 712 712 770 803 833 859 898 898 898 898 1017 1053 1053 1053 1053 1053 1205 1236 1267 1267 1331 1331 1390