13 15
1 4 4 11 11 11 11 11 11 29 29 35 35 35 41
1 4 4 12 12 16 18 18 26 29 29 35 35 35 41
1 4 4 12 12 16 18 18 26 29 29 36 36 40 41
1 5 5 5 5 17 17 17 17 30 30 30 30 40 41
2 2 2 2 2 2 2 2 27 27 27 27 39 40 41
3 6 8 8 8 8 19 19 19 19 32 32 39 40 41
3 6 9 13 13 13 20 24 24 31 32 32 39 40 41
3 6 9 13 13 13 20 24 24 31 33 33 33 40 42
3 6 9 14 15 15 21 24 24 31 34 37 37 37 42
3 6 9 14 15 15 21 24 24 31 34 37 37 37 42
3 6 10 10 15 15 22 25 28 28 34 38 38 38 42
3 7 7 7 7 7 22 25 28 28 34 38 38 38 42
3 7 7 7 7 7 23 23 23 23 23 23 23 23 42