14 18
1 4 4 13 14 14 14 14 14 14 35 35 40 40 40 50 52 52
1 4 4 13 15 15 22 25 25 30 30 30 40 40 40 50 52 52
1 4 4 13 15 15 22 25 25 31 31 39 39 39 47 50 53 56
1 4 4 13 15 15 22 25 25 31 31 39 39 39 47 50 53 56
2 5 8 13 16 19 22 26 27 31 31 39 39 39 47 50 53 56
2 5 8 13 16 19 22 26 27 32 36 36 41 45 45 51 51 51
2 6 8 13 16 19 22 26 27 32 36 36 41 45 45 51 51 51
2 6 8 13 16 20 23 23 28 28 28 28 41 46 48 48 54 57
3 6 9 13 17 20 23 23 29 33 37 37 41 46 48 48 54 57
3 6 9 13 17 21 21 21 29 33 37 37 42 42 48 48 54 57
3 7 10 10 10 21 21 21 29 33 37 37 42 42 49 49 54 58
3 7 11 11 18 18 18 18 29 33 38 38 38 38 49 49 55 58
3 7 12 12 12 12 24 24 29 34 34 34 43 43 43 43 55 58
3 7 12 12 12 12 24 24 29 34 34 34 44 44 44 44 55 58