14 18
1 4 4 4 4 20 20 23 30 33 33 40 40 40 52 52 52 56
1 4 4 4 4 20 20 23 30 33 33 41 41 41 52 52 52 56
1 5 5 12 12 12 12 23 30 33 33 42 46 46 46 46 46 56
1 5 5 13 15 15 15 24 24 33 33 42 47 49 49 49 49 49
1 6 6 13 15 15 15 24 24 34 34 34 47 49 49 49 49 49
1 7 7 13 15 15 15 25 25 25 38 38 47 50 53 53 53 57
1 7 7 13 16 16 16 16 31 35 38 38 47 50 53 53 53 57
2 7 7 13 16 16 16 16 31 35 39 39 39 50 53 53 53 57
2 8 10 13 17 17 21 21 31 36 36 43 43 43 54 54 55 57
2 8 10 14 14 14 14 26 26 36 36 43 43 43 54 54 55 58
2 8 10 14 14 14 14 27 27 27 27 44 44 44 44 44 55 58
3 8 11 11 11 11 22 22 32 32 32 32 48 48 48 48 55 58
3 9 9 9 18 18 18 28 28 37 37 45 45 51 51 51 51 51
3 9 9 9 19 19 19 29 29 29 29 45 45 51 51 51 51 51