14 24
1 1 6 7 7 2 2 2 2 2 2 3 4 5 5 5 8 8 8 14 14 20 12 12
1 1 6 7 7 2 2 2 2 2 2 3 4 5 5 5 8 8 8 14 14 20 12 12
1 1 9 9 9 9 9 10 10 13 11 3 4 5 5 5 8 8 8 14 14 20 12 12
1 1 9 9 9 9 9 10 10 13 11 3 4 5 5 5 8 8 8 14 14 20 12 12
1 1 15 15 15 15 15 15 16 13 11 3 17 17 17 25 41 18 19 14 14 20 12 12
1 1 15 15 15 15 15 15 16 13 11 3 17 17 17 25 41 18 19 14 14 20 12 12
26 26 26 26 26 27 27 27 27 21 11 22 22 23 24 25 41 28 19 33 33 20 29 29
26 26 26 26 26 27 27 27 27 21 11 22 22 23 24 25 41 28 19 33 33 20 29 29
43 34 34 34 35 30 30 30 36 21 11 37 37 40 31 32 41 38 39 33 33 20 49 49
43 34 34 34 35 30 30 30 36 21 11 37 37 40 31 32 41 38 39 33 33 20 49 49
43 44 44 44 45 45 45 45 45 21 46 46 46 40 47 47 41 38 39 48 48 42 49 49
43 44 44 44 45 45 45 45 45 21 46 46 46 40 47 47 41 38 39 48 48 42 49 49
43 50 50 50 50 51 51 51 51 21 52 52 52 52 53 53 53 53 54 54 54 54 54 54
43 50 50 50 50 51 51 51 51 21 52 52 52 52 53 53 53 53 54 54 54 54 54 54