14 24
1 6 6 2 7 7 7 7 13 13 3 3 3 3 3 3 8 19 19 22 4 5 5 31
1 6 6 2 7 7 7 7 13 13 3 3 3 3 3 3 8 19 19 22 4 5 5 31
1 11 11 11 11 12 12 9 13 13 14 14 14 10 21 21 21 19 19 22 4 5 5 31
1 11 11 11 11 12 12 9 13 13 14 14 14 10 21 21 21 19 19 22 4 5 5 31
1 20 20 20 20 20 15 9 16 16 17 17 18 10 21 21 21 19 19 22 4 5 5 31
1 20 20 20 20 20 15 9 16 16 17 17 18 10 21 21 21 19 19 22 4 5 5 31
1 36 26 26 26 27 27 27 27 23 23 24 41 10 34 34 34 35 35 22 4 25 25 31
1 36 26 26 26 27 27 27 27 23 23 24 41 10 34 34 34 35 35 22 4 25 25 31
1 36 32 32 32 33 33 33 33 33 28 29 41 10 34 34 34 35 35 22 30 25 25 31
1 36 32 32 32 33 33 33 33 33 28 29 41 10 34 34 34 35 35 22 30 25 25 31
1 36 37 37 37 37 38 38 38 38 38 38 41 10 42 42 42 35 35 39 39 39 39 40
1 36 37 37 37 37 38 38 38 38 38 38 41 10 42 42 42 35 35 39 39 39 39 40
47 36 43 43 43 44 44 44 44 44 48 49 49 10 45 45 45 45 45 45 46 46 46 40
47 36 43 43 43 44 44 44 44 44 48 49 49 10 45 45 45 45 45 45 46 46 46 40