15 20
9 14 14 14 14 16 16 16 16 32 32 36 37 37 37 37 33 33 33 33
9 43 43 15 15 15 15 18 18 32 32 36 39 39 38 38 38 38 34 34
9 43 43 17 17 17 17 18 18 35 35 36 39 39 40 40 40 40 34 34
9 12 12 12 12 19 19 31 31 35 35 36 66 66 66 66 69 69 69 69
23 23 23 23 20 19 19 31 31 11 44 65 65 65 65 70 67 67 67 67
10 10 10 10 20 27 27 27 27 11 44 64 64 64 64 70  0  0 73 73
8  8 13 13 20 28 28 29 29 11 44 72 41 41 60 70  0  0 73 73
8  8 13 13 20 28 28 29 29 11 44 72 41 41 60 70 58 71 74 74
6  7 22 22 22 22 30 30 30 30 45 72 61 61 60 63 58 71 74 74
6  7  5 21 21 26 26 26 26 46 45 72 61 61 60 63 58 71 68 68
6  7  5 21 21 25 25 25 25 46 45 53 53 62 62 63 58 71 68 68
6  7  5 24 24 47 47 48 48 46 45 53 53 62 62 63 59 59 59 59
2  2  5 24 24 47 47 48 48 46 52 52 54 54 54 54 75 75 57 57
2  2  3  3  3  3 49 49 49 49 52 52 50 50 55 55 75 75 57 57
1  1  1  1  4  4  4  4 51 51 51 51 50 50 55 55 56 56 56 56
unit 30