20 36
39 3 18 18 18 11 11 4 4 4 5 13 13 1 19 2 2 6 6 6 6 6 6 15 15 7 7 7 7 8 8 8 17 9 9 10
39 3 18 18 18 11 11 4 4 4 5 13 13 1 19 2 2 6 6 6 6 6 6 15 15 7 7 7 7 8 8 8 17 9 9 10
39 21 18 18 18 11 11 4 4 4 12 13 13 1 19 14 14 14 14 36 37 43 44 15 15 29 30 30 31 31 24 16 17 20 20 20
39 21 18 18 18 11 11 4 4 4 12 13 13 1 19 14 14 14 14 36 37 43 44 15 15 29 30 30 31 31 24 16 17 20 20 20
39 21 25 22 22 11 11 26 26 26 26 13 13 1 19 41 23 27 55 36 37 43 44 28 28 29 30 30 31 31 24 16 32 32 33 33
39 21 25 22 22 11 11 26 26 26 26 13 13 1 19 41 23 27 55 36 37 43 44 28 28 29 30 30 31 31 24 16 32 32 33 33
39 34 34 34 35 35 35 35 35 40 40 40 40 1 19 41 23 42 55 36 37 43 44 68 69 29 45 46 46 46 24 16 32 32 50 38
39 34 34 34 35 35 35 35 35 40 40 40 40 1 19 41 23 42 55 36 37 43 44 68 69 29 45 46 46 46 24 16 32 32 50 38
39 34 34 34 51 51 51 52 52 52 52 52 53 1 47 48 23 54 55 36 37 43 44 68 69 56 56 56 49 49 24 16 88 64 50 65
39 34 34 34 51 51 51 52 52 52 52 52 53 1 47 48 23 54 55 36 37 43 44 68 69 56 56 56 49 49 24 16 88 64 50 65
39 58 58 58 58 57 57 57 57 57 57 59 53 1 60 60 61 61 55 36 37 43 67 68 69 62 62 62 62 63 63 16 88 64 50 65
39 58 58 58 58 57 57 57 57 57 57 59 53 1 60 60 61 61 55 36 37 43 67 68 69 62 62 62 62 63 63 16 88 64 50 65
71 71 71 71 66 66 66 66 66 72 72 72 72 72 72 73 73 74 74 82 82 43 67 68 69 75 75 75 75 75 70 70 88 76 76 65
71 71 71 71 66 66 66 66 66 72 72 72 72 72 72 73 73 74 74 82 82 43 67 68 69 75 75 75 75 75 70 70 88 76 76 65
85 77 77 77 78 79 79 79 80 80 80 90 90 81 81 81 81 81 81 82 82 86 86 86 86 86 86 87 87 87 87 83 88 84 84 65
85 77 77 77 78 79 79 79 80 80 80 90 90 81 81 81 81 81 81 82 82 86 86 86 86 86 86 87 87 87 87 83 88 84 84 65
85 89 89 89 94 94 94 94 80 80 80 90 90 91 91 91 95 95 95 95 95 92 92 92 92 104 93 93 93 93 93 93 96 84 84 97
85 89 89 89 94 94 94 94 80 80 80 90 90 91 91 91 95 95 95 95 95 92 92 92 92 104 93 93 93 93 93 93 96 84 84 97
98 98 98 99 99 99 100 100 100 100 100 90 90 91 91 91 101 101 102 103 103 103 103 103 103 104 105 105 105 105 105 106 106 84 84 107
98 98 98 99 99 99 100 100 100 100 100 90 90 91 91 91 101 101 102 103 103 103 103 103 103 104 105 105 105 105 105 106 106 84 84 107