14 24
1 7 7 7 7 8 25 2 2 9 22 3 14 14 14 10 10 10 10 10 4 5 6 37
1 7 7 7 7 8 25 2 2 9 22 3 14 14 14 10 10 10 10 10 4 5 6 37
11 12 12 12 12 8 25 13 13 9 22 45 14 14 14 15 15 15 15 20 4 16 16 37
11 12 12 12 12 8 25 13 13 9 22 45 14 14 14 15 15 15 15 20 4 16 16 37
11 21 21 21 17 18 25 13 13 9 22 45 26 26 27 19 19 19 19 20 4 33 23 37
11 21 21 21 17 18 25 13 13 9 22 45 26 26 27 19 19 19 19 20 4 33 23 37
24 24 29 29 29 29 25 30 31 9 22 45 26 26 27 28 32 32 32 20 55 33 23 37
24 24 29 29 29 29 25 30 31 9 22 45 26 26 27 28 32 32 32 20 55 33 23 37
24 24 38 39 40 49 25 30 34 35 22 45 26 26 27 41 41 41 41 42 55 33 36 37
24 24 38 39 40 49 25 30 34 35 22 45 26 26 27 41 41 41 41 42 55 33 36 37
48 48 48 48 48 49 43 43 34 44 44 45 46 46 46 46 46 50 50 42 55 33 47 47
48 48 48 48 48 49 43 43 34 44 44 45 46 46 46 46 46 50 50 42 55 33 47 47
51 51 51 51 51 51 43 43 52 52 52 45 53 53 53 53 53 53 54 54 55 33 47 47
51 51 51 51 51 51 43 43 52 52 52 45 53 53 53 53 53 53 54 54 55 33 47 47