14 24
3 9 9 9 10 10 10 1 1 1 1 1 4 4 4 4 4 4 29 11 2 2 5 38
3 9 9 9 10 10 10 1 1 1 1 1 4 4 4 4 4 4 29 11 2 2 5 38
3 9 9 9 10 10 10 6 6 6 6 6 6 7 7 8 8 8 29 11 2 2 5 38
3 9 9 9 10 10 10 6 6 6 6 6 6 7 7 8 8 8 29 11 2 2 5 38
3 12 12 16 16 16 16 16 16 28 28 13 14 7 7 15 15 45 29 17 18 18 5 38
3 12 12 16 16 16 16 16 16 28 28 13 14 7 7 15 15 45 29 17 18 18 5 38
3 12 12 21 21 21 25 25 25 28 28 22 23 7 7 19 19 45 29 17 31 31 20 38
3 12 12 21 21 21 25 25 25 28 28 22 23 7 7 19 19 45 29 17 31 31 20 38
39 24 27 27 27 27 25 25 25 28 28 26 26 26 26 26 26 45 29 30 31 31 46 38
39 24 27 27 27 27 25 25 25 28 28 26 26 26 26 26 26 45 29 30 31 31 46 38
39 24 36 36 36 36 37 32 33 33 33 33 33 34 34 34 35 45 29 30 31 31 46 38
39 24 36 36 36 36 37 32 33 33 33 33 33 34 34 34 35 45 29 30 31 31 46 38
39 41 41 41 41 41 41 32 42 42 42 42 42 42 43 44 44 45 40 40 40 40 46 47
39 41 41 41 41 41 41 32 42 42 42 42 42 42 43 44 44 45 40 40 40 40 46 47