15 20
1  1 98 98 98 55 55 55 14 14 14 13 87 84 89 49 82 82 82 86
1  1  3  7  7  7  8  8 15 15 16 13 87 84 89 49  2 70 83 86
5 28  3  7  7  7 12 12 12 91 16 13 88 84 89 97  2 70 83 86
5 28  3  9  9 11 11 20 19 91 18 13 88 84 95 97  2 70 93 93
6 28 10 10 10 10 22 20 19 91 18 71 71 84 95 97  2 74 93 93
6 28 24 24 24 25 22 21 19 91 48 48 48 48 95 17 17 74 35 52
6 28 26  0  0 25 22 21 63 63 63 69 69 72 72 72  4 74 35 52
27 28 26  0  0 25 22 61 62 76 66 66 66 68 54 94  4 80 35 52
27 23 23 23 29 25 44 61 62 76 65 65 67 68 54 94  4 80 51 52
27 31 31 32 29 25 44 61 33 76 59 57 67 68 54 94 78 80 51 52
27 31 31 32 29 25 44 43 33 81 59 57 46 46 54 94 78 80 77 52
58 58 58 58 58 40 40 43 33 81 59 57 46 46 30 94 79 79 77 85
34 92 92 92 64 64 64 42 33 45 60 96 96 96 30 94 53 53 77 85
34 39 39 37 37 36 36 42 33 45 60 73 73 47 47 94 53 53 77 85
38 38 38 37 37 41 41 41 41 45 56 56 56 47 47 75 75 50 50 50
unit 30