20 36
9 10 1 1 1 1 1 1 28 20 47 6 6 7 7 7 13 13 2 2 2 3 3 3 4 4 8 8 8 8 8 5 5 25 25 26
9 10 1 1 1 1 1 1 28 20 47 6 6 7 7 7 13 13 2 2 2 3 3 3 4 4 8 8 8 8 8 5 5 25 25 26
9 10 11 11 12 12 12 12 28 20 47 29 29 7 7 7 13 13 14 15 15 15 15 15 15 18 18 23 16 41 17 17 24 25 25 26
9 10 11 11 12 12 12 12 28 20 47 29 29 7 7 7 13 13 14 15 15 15 15 15 15 18 18 23 16 41 17 17 24 25 25 26
27 27 27 19 19 19 19 19 28 20 47 29 29 30 57 31 13 13 21 21 21 39 39 40 22 18 18 23 16 41 17 17 24 25 25 26
27 27 27 19 19 19 19 19 28 20 47 29 29 30 57 31 13 13 21 21 21 39 39 40 22 18 18 23 16 41 17 17 24 25 25 26
32 32 32 33 33 33 34 35 28 36 47 37 37 37 57 31 86 43 43 38 48 39 39 40 64 18 18 23 16 41 17 17 42 42 42 59
32 32 32 33 33 33 34 35 28 36 47 37 37 37 57 31 86 43 43 38 48 39 39 40 64 18 18 23 16 41 17 17 42 42 42 59
32 32 32 33 33 33 46 46 28 36 47 37 37 37 57 61 86 43 43 38 48 39 39 40 64 44 44 44 16 41 45 45 45 45 55 59
32 32 32 33 33 33 46 46 28 36 47 37 37 37 57 61 86 43 43 38 48 39 39 40 64 44 44 44 16 41 45 45 45 45 55 59
51 51 52 52 49 49 49 49 28 36 50 50 50 53 57 61 86 43 43 38 48 71 63 40 64 107 88 58 16 41 65 65 65 54 55 59
51 51 52 52 49 49 49 49 28 36 50 50 50 53 57 61 86 43 43 38 48 71 63 40 64 107 88 58 16 41 65 65 65 54 55 59
56 56 56 56 56 56 76 77 77 68 50 50 50 60 57 61 86 70 62 38 48 71 63 96 64 107 88 58 16 41 65 65 65 54 66 59
56 56 56 56 56 56 76 77 77 68 50 50 50 60 57 61 86 70 62 38 48 71 63 96 64 107 88 58 16 41 65 65 65 54 66 59
67 67 75 75 75 75 76 77 77 68 69 69 84 84 84 78 86 70 79 38 48 71 63 96 72 107 88 58 73 73 74 74 74 54 80 59
67 67 75 75 75 75 76 77 77 68 69 69 84 84 84 78 86 70 79 38 48 71 63 96 72 107 88 58 73 73 74 74 74 54 80 59
81 83 83 83 83 83 83 77 77 102 102 94 84 84 84 85 86 82 82 82 82 82 63 96 87 107 88 89 73 73 90 90 90 90 90 59
81 83 83 83 83 83 83 77 77 102 102 94 84 84 84 85 86 82 82 82 82 82 63 96 87 107 88 89 73 73 90 90 90 90 90 59
91 91 100 101 92 92 92 93 93 102 102 94 103 103 95 104 104 104 104 104 105 105 63 96 106 107 108 108 108 108 108 108 97 97 98 99
91 91 100 101 92 92 92 93 93 102 102 94 103 103 95 104 104 104 104 104 105 105 63 96 106 107 108 108 108 108 108 108 97 97 98 99