10 18
2 2 1 1 1 3 3 3 3 3 3 4 4 5 13 13 13 14
2 2 1 1 1 3 3 3 3 3 3 4 4 5 13 13 13 14
10 10 10 6 7 7 11 11 12 8 8 4 4 9 13 13 13 14
10 10 10 6 7 7 11 11 12 8 8 4 4 9 13 13 13 14
21 21 21 16 16 16 11 11 17 17 17 17 17 17 15 15 18 18
21 21 21 16 16 16 11 11 17 17 17 17 17 17 15 15 18 18
21 21 21 22 22 22 11 11 19 19 19 20 20 20 23 29 18 18
21 21 21 22 22 22 11 11 19 19 19 20 20 20 23 29 18 18
24 25 26 26 26 26 26 27 27 28 28 28 28 30 30 29 18 18
24 25 26 26 26 26 26 27 27 28 28 28 28 30 30 29 18 18