14 24
1 1 1 2 3 3 3 6 6 6 7 7 7 4 4 4 4 4 29 5 8 8 8 8
1 1 1 2 3 3 3 6 6 6 7 7 7 4 4 4 4 4 29 5 8 8 8 8
1 1 1 2 3 3 3 6 6 6 27 10 35 9 9 9 9 9 29 5 16 17 11 11
1 1 1 2 3 3 3 6 6 6 27 10 35 9 9 9 9 9 29 5 16 17 11 11
12 12 18 2 19 19 19 19 19 33 27 10 35 20 21 21 13 14 29 15 16 17 11 11
12 12 18 2 19 19 19 19 19 33 27 10 35 20 21 21 13 14 29 15 16 17 11 11
37 22 25 2 26 26 26 26 26 33 27 34 35 28 28 28 28 14 29 15 16 30 23 24
37 22 25 2 26 26 26 26 26 33 27 34 35 28 28 28 28 14 29 15 16 30 23 24
37 22 25 31 31 31 31 32 32 33 27 34 35 36 36 36 36 36 36 15 16 30 23 24
37 22 25 31 31 31 31 32 32 33 27 34 35 36 36 36 36 36 36 15 16 30 23 24
37 38 38 38 38 38 39 39 39 39 39 34 40 40 40 40 40 40 41 15 42 30 47 47
37 38 38 38 38 38 39 39 39 39 39 34 40 40 40 40 40 40 41 15 42 30 47 47
43 43 43 43 43 43 44 44 48 48 48 48 48 48 49 45 45 45 50 15 46 46 47 47
43 43 43 43 43 43 44 44 48 48 48 48 48 48 49 45 45 45 50 15 46 46 47 47