14 24
17 1 1 9 9 2 3 3 3 10 4 4 4 4 5 5 5 5 6 7 8 8 8 12
17 1 1 9 9 2 3 3 3 10 4 4 4 4 5 5 5 5 6 7 8 8 8 12
17 1 1 9 9 13 3 3 3 10 14 11 11 11 22 22 22 23 23 23 8 8 8 12
17 1 1 9 9 13 3 3 3 10 14 11 11 11 22 22 22 23 23 23 8 8 8 12
17 1 1 9 9 13 18 19 20 10 14 15 15 21 22 22 22 23 23 23 24 16 34 12
17 1 1 9 9 13 18 19 20 10 14 15 15 21 22 22 22 23 23 23 24 16 34 12
17 28 29 29 30 30 30 30 25 26 14 15 15 21 27 27 27 27 27 27 24 16 34 12
17 28 29 29 30 30 30 30 25 26 14 15 15 21 27 27 27 27 27 27 24 16 34 12
36 36 31 31 31 32 32 33 33 33 37 15 15 38 38 38 38 46 46 42 24 16 34 35
36 36 31 31 31 32 32 33 33 33 37 15 15 38 38 38 38 46 46 42 24 16 34 35
36 36 31 31 31 32 32 33 33 33 37 39 39 39 39 39 41 46 46 42 24 16 40 40
36 36 31 31 31 32 32 33 33 33 37 39 39 39 39 39 41 46 46 42 24 16 40 40
43 43 43 43 44 49 49 49 49 49 50 50 50 50 51 51 45 46 46 47 47 47 47 48
43 43 43 43 44 49 49 49 49 49 50 50 50 50 51 51 45 46 46 47 47 47 47 48