20 25
45 56 56 56 56 56 56 66 66 66 67 67 67 67 65 65 65 65 69 69 69 69 69 77 76
45 57 57 57 57 60 54 54 54 71 71 71 71 70 70 70 70 72 72 75 75 75 75 77 76
45 35 35 35 46 60 61 61 64 64 64 22 22 22 22 22 22 73 73 73 73 73 78 77 76
45  1 48 48 46 60 61 61 62 62 89 53 53 53 68 68 68 109 94 94 97 98 78 79 76
47  1 48 48 46 110 110 110 110 110 89 53 53 53 99 99 99 109 94 94 97 98 78 79 81
47  1 23 16 16 16 16 55 55 55 89 53 53 53 101 102 102 109 94 94 97 98 78 79 81
47  1 23 51 51 51 51 55 55 55 89 30 29 100 101 102 102 109 95 95 95 95 95 79 81
47  1 23 90 90 90 31 31 31 32 89 30 29 100 101 102 102 109 108 108 108 108 86 86 81
47  1 23 90 90 90 31 31 31 32 89 30 29 100 101 102 102 109 108 108 108 108 86 86 81
93  6  6  6  6  6 31 31 31 32 89 30 29 100 104 104 104 104 104 104 107 107 86 86 81
93 21 24 24 19 19 33 33 33 32 89 30 29 103 103 103 105 105 106 106 106 91 86 86 81
93 21 24 24 52 52 52 52 52 52 89 30 29 103 103 103 105 105 106 106 106 91 39 39 81
93 21 50 63 63 63 25 26 28 27 27 27 29 38 87 88 88 88 18 18 18 18 39 39 81
93 21 50 63 63 63 25 26 28 17 17 17 29 38 87 88 88 88 18 18 18 18 82 82 82
93 21 50 63 63 63 25 26 28 17 17 17 29 38 87 88 88 88 74 74 74 74 80 80 80
34 34 34 34 34 34  9  9 28 17 17 17 13 38 40 85 92 92 92 92 44 84 80 80 80
3 20 20 20 20 20  9  9 14 14 15 12 13 38 40 85 92 92 92 92 44 84 83 83 43
3  5  7  7  7  7  9  9 14 14 15 12 13 38 40 85 96 96 96 96 44 84 83 83 43
3  5  4  4  4  8  8 11 11 11 15 12 13 36 40 37 37 41  0  0  2 42 42 42 43
3  5  4  4  4  8  8 10 10 10 10 12 13 36 40 37 37 41  0  0  2 42 42 42 43
unit 27