20 36
25 6 1 1 1 1 1 7 2 2 2 2 2 3 3 4 4 4 8 8 9 9 9 9 9 9 5 5 5 5 5 20 33 10 11 11
25 6 1 1 1 1 1 7 2 2 2 2 2 3 3 4 4 4 8 8 9 9 9 9 9 9 5 5 5 5 5 20 33 10 11 11
25 64 12 13 28 28 28 7 14 14 15 15 16 16 17 4 4 4 8 8 21 21 21 22 34 34 23 18 19 24 24 20 33 10 11 11
25 64 12 13 28 28 28 7 14 14 15 15 16 16 17 4 4 4 8 8 21 21 21 22 34 34 23 18 19 24 24 20 33 10 11 11
25 64 26 27 28 28 28 7 14 14 15 15 16 16 17 29 30 30 30 31 31 31 31 22 34 34 35 18 32 49 49 20 33 10 11 11
25 64 26 27 28 28 28 7 14 14 15 15 16 16 17 29 30 30 30 31 31 31 31 22 34 34 35 18 32 49 49 20 33 10 11 11
25 64 26 36 36 36 66 7 14 14 15 15 53 54 17 29 37 38 39 39 40 40 46 68 34 34 35 18 32 49 49 20 33 10 63 70
25 64 26 36 36 36 66 7 14 14 15 15 53 54 17 29 37 38 39 39 40 40 46 68 34 34 35 18 32 49 49 20 33 10 63 70
41 64 51 51 51 51 66 7 52 52 52 52 53 54 17 42 42 43 44 45 45 45 46 68 47 92 35 48 32 49 49 20 50 10 63 70
41 64 51 51 51 51 66 7 52 52 52 52 53 54 17 42 42 43 44 45 45 45 46 68 47 92 35 48 32 49 49 20 50 10 63 70
55 64 65 65 65 65 66 7 56 57 58 58 58 58 17 42 42 67 67 67 67 59 60 68 47 92 35 61 32 62 94 69 50 81 63 70
55 64 65 65 65 65 66 7 56 57 58 58 58 58 17 42 42 67 67 67 67 59 60 68 47 92 35 61 32 62 94 69 50 81 63 70
55 64 71 74 74 74 74 74 74 57 75 75 75 75 17 72 76 76 76 76 76 73 73 68 91 92 35 61 77 78 94 86 50 81 63 70
55 64 71 74 74 74 74 74 74 57 75 75 75 75 17 72 76 76 76 76 76 73 73 68 91 92 35 61 77 78 94 86 50 81 63 70
55 79 79 79 79 79 79 80 80 80 80 82 82 82 82 82 82 83 83 83 83 84 85 68 91 92 35 61 77 98 94 86 50 81 63 70
55 79 79 79 79 79 79 80 80 80 80 82 82 82 82 82 82 83 83 83 83 84 85 68 91 92 35 61 77 98 94 86 50 81 63 70
55 96 96 96 96 96 87 87 87 87 87 87 88 97 97 97 97 89 89 90 90 90 90 106 91 92 108 61 93 98 94 86 50 81 95 70
55 96 96 96 96 96 87 87 87 87 87 87 88 97 97 97 97 89 89 90 90 90 90 106 91 92 108 61 93 98 94 86 50 81 95 70
55 99 99 99 99 100 100 101 101 101 102 102 88 103 103 104 104 104 104 104 115 105 105 106 107 92 108 109 110 110 111 111 112 81 113 114
55 99 99 99 99 100 100 101 101 101 102 102 88 103 103 104 104 104 104 104 115 105 105 106 107 92 108 109 110 110 111 111 112 81 113 114