14 15
1 1 1 13 13 13 13 23 23 23 23 36 36 36 36
2 2 2 2 2 18 18 24 25 30 30 30 30 42 42
2 2 2 2 2 19 19 24 25 31 31 37 37 42 42
3 3 10 10 15 19 19 24 25 31 31 37 37 42 42
3 3 11 11 15 19 19 24 26 26 26 38 38 42 42
3 3 11 11 15 19 19 24 26 26 26 39 39 39 39
4 5 5 5 5 20 20 24 27 27 32 32 32 43 44
4 5 5 5 5 21 21 24 27 27 32 32 32 43 44
4 6 6 6 6 21 21 24 27 27 33 33 41 43 44
4 7 7 14 14 14 14 14 27 27 33 33 41 43 44
4 8 12 12 16 16 22 22 28 28 34 40 40 43 44
4 8 12 12 16 16 22 22 28 28 34 40 40 43 44
4 9 9 9 16 16 22 22 29 29 29 29 29 29 44
4 9 9 9 17 17 17 17 17 17 35 35 35 35 44