14 16
1 1 1 1 1 17 17 17 22 22 26 26 26 26 26 39
1 1 1 1 1 17 17 17 22 22 27 27 27 27 35 39
2 2 2 2 15 15 15 15 23 23 28 28 28 34 35 39
2 2 2 2 15 15 15 15 23 23 28 28 28 34 36 40
3 3 3 3 15 15 15 15 23 23 29 29 29 34 36 40
3 3 3 3 16 16 16 20 20 20 20 31 31 31 36 40
4 8 11 11 16 16 16 21 21 25 25 25 33 33 36 40
4 8 11 11 16 16 16 21 21 25 25 25 33 33 37 37
5 8 11 11 16 16 16 21 21 25 25 25 33 33 37 37
5 9 9 13 13 13 13 13 13 13 13 13 33 33 38 38
5 9 9 14 14 18 18 18 24 24 24 32 32 32 38 38
5 10 10 10 10 18 18 18 24 24 24 32 32 32 38 38
6 6 12 12 12 12 19 19 19 19 30 30 30 30 38 38
7 7 7 7 7 7 19 19 19 19 30 30 30 30 38 38