14 16
1 1 1 10 13 13 13 25 25 25 25 25 38 38 38 38
2 2 2 10 13 13 13 26 26 26 26 26 26 42 42 42
2 2 2 10 14 19 19 19 19 33 33 33 33 42 42 42
3 3 8 8 14 20 20 27 30 30 30 37 39 39 39 39
3 3 8 8 14 20 20 27 30 30 30 37 39 39 39 39
4 4 8 8 14 21 23 27 31 31 31 37 40 43 46 46
4 4 9 11 11 21 23 27 31 31 31 37 40 43 46 46
4 4 9 11 11 22 23 27 32 32 34 37 40 43 46 46
4 4 9 11 11 22 24 27 32 32 34 37 40 44 47 47
5 5 5 5 5 5 24 28 28 28 28 28 28 44 47 47
6 7 7 12 15 15 15 29 29 29 35 35 35 35 35 35
6 7 7 12 16 16 16 16 16 16 16 16 41 41 41 41
6 7 7 12 17 17 17 17 17 17 36 36 36 45 45 48
6 7 7 12 18 18 18 18 18 18 36 36 36 45 45 48