14 24
1 1 1 1 17 17 23 23 23 23 38 40 40 40 40 51 51 51 65 65 71 71 76 76
2 2 11 11 11 21 21 21 21 33 38 41 41 46 50 52 52 52 65 65 71 71 76 76
2 2 12 14 14 14 14 28 30 33 38 41 41 46 50 53 55 55 55 55 71 71 76 76
2 2 12 14 14 14 14 28 30 33 39 39 39 47 50 53 56 56 66 66 66 66 77 77
3 3 3 3 18 18 18 28 30 33 39 39 39 47 50 53 57 57 57 57 57 57 77 77
4 4 4 4 4 22 22 29 29 29 29 29 29 47 50 53 58 61 61 61 61 73 73 73
5 5 5 5 5 5 24 24 24 34 34 34 45 48 48 53 58 62 62 62 62 62 62 62
6 8 8 15 15 15 15 15 15 34 34 34 45 48 48 53 58 63 67 67 67 67 78 79
6 9 9 9 19 19 19 19 31 31 31 31 45 48 48 54 58 63 68 68 68 68 78 79
6 9 9 9 20 20 20 20 32 35 35 35 35 48 48 54 58 64 68 68 68 68 78 80
6 10 10 10 10 10 25 25 32 36 36 42 42 48 48 54 59 64 69 69 69 69 78 80
7 7 13 16 16 16 26 26 32 36 36 43 43 43 43 54 59 64 70 70 72 74 74 80
7 7 13 16 16 16 26 26 32 37 37 37 37 49 49 54 60 64 70 70 72 74 74 80
7 7 13 16 16 16 27 27 27 27 27 44 44 49 49 54 60 64 70 70 72 75 75 80