14 24
1 1 1 1 9 9 13 13 13 13 24 24 24 24 24 24 24 24 24 24 24 24 24 24
1 1 1 1 9 9 14 14 17 17 17 17 17 17 17 17 33 33 33 33 33 38 38 40
1 1 1 1 10 10 14 14 17 17 17 17 17 17 17 17 33 33 33 33 33 38 38 40
2 2 2 2 2 2 2 2 2 2 25 25 25 25 25 25 33 33 33 33 33 38 38 40
3 3 3 7 7 7 7 7 7 21 21 21 21 26 26 26 26 26 26 26 26 38 38 40
3 3 3 8 8 8 8 16 18 21 21 21 21 27 31 31 31 35 35 35 36 36 36 40
3 3 3 8 8 8 8 16 18 21 21 21 21 27 31 31 31 35 35 35 36 36 36 40
3 3 3 8 8 8 8 16 18 22 22 22 22 27 32 32 32 35 35 35 36 36 36 41
4 4 4 4 4 4 15 16 18 22 22 22 22 27 32 32 32 35 35 35 37 37 37 41
5 6 6 6 6 11 15 16 19 22 22 22 22 28 28 28 28 35 35 35 37 37 37 41
5 6 6 6 6 11 15 16 19 22 22 22 22 29 29 29 29 29 29 29 37 37 37 42
5 6 6 6 6 12 15 16 19 23 23 23 23 29 29 29 29 29 29 29 37 37 37 42
5 6 6 6 6 12 15 16 19 23 23 23 23 30 30 30 30 30 30 30 30 39 39 42
5 6 6 6 6 12 15 16 20 20 20 20 20 20 20 20 34 34 34 34 34 34 34 34