14 24
1 7 7 12 12 12 21 21 21 21 21 21 21 21 47 47 47 59 59 59 66 66 66 66
1 7 7 12 12 12 22 25 30 30 30 30 41 43 43 43 43 59 59 59 67 67 67 67
1 7 7 12 12 12 22 25 31 32 36 36 41 44 48 50 53 53 53 53 53 72 72 76
1 7 7 12 12 12 22 25 31 32 36 36 41 44 48 50 54 54 54 65 65 72 72 76
2 7 7 13 13 17 17 17 31 33 33 39 41 44 48 50 55 55 55 65 65 72 72 76
2 8 9 13 13 18 18 18 31 33 33 39 42 42 48 50 56 60 60 60 68 68 68 76
2 8 9 14 14 14 14 26 26 26 26 39 42 42 48 51 56 60 60 60 69 69 69 76
3 3 9 15 15 19 19 26 26 26 26 39 42 42 48 51 57 57 57 57 69 69 69 76
3 3 10 15 15 19 19 27 27 27 27 40 40 40 40 52 52 61 63 63 70 73 73 76
3 3 10 15 15 20 23 28 28 34 34 40 40 40 40 52 52 61 63 63 70 74 74 74
4 4 10 15 15 20 23 28 28 35 37 37 37 37 49 49 49 61 64 64 64 64 75 75
4 4 11 11 11 20 23 28 28 35 38 38 38 45 45 45 58 61 64 64 64 64 75 75
5 5 5 5 16 16 16 29 29 35 38 38 38 45 45 45 58 62 62 62 71 71 75 75
6 6 6 6 6 6 24 24 24 35 38 38 38 46 46 46 46 62 62 62 71 71 75 75