14 24
1 5 5 5 5 20 20 20 20 31 31 31 39 43 46 46 51 51 54 54 54 54 67 71
1 6 6 6 6 21 21 21 21 31 31 31 39 43 46 46 51 51 55 55 55 64 67 71
1 7 7 14 16 16 23 23 23 23 23 23 39 43 46 46 51 51 56 56 56 64 67 72
1 7 7 14 16 16 24 27 27 32 32 32 32 32 46 46 51 51 56 56 56 65 65 72
2 2 2 2 16 16 24 27 27 33 33 36 40 40 40 40 40 40 40 62 62 62 68 72
2 2 2 2 16 16 24 27 27 33 33 36 40 40 40 40 40 40 40 62 62 62 68 72
2 2 2 2 17 17 24 28 28 28 28 28 28 44 47 48 48 48 57 63 63 66 68 72
3 8 8 8 18 18 18 18 30 30 30 30 41 44 47 48 48 48 57 63 63 66 68 72
3 9 9 9 19 22 22 29 29 34 35 35 41 44 47 49 49 49 57 63 63 66 69 69
3 10 10 10 19 22 22 29 29 34 35 35 41 45 45 45 52 52 58 58 58 66 69 69
3 10 10 10 19 22 22 29 29 34 35 35 42 42 42 42 52 52 59 59 59 59 69 69
4 11 12 15 15 15 25 25 25 25 25 25 42 42 42 42 52 52 60 60 60 60 60 60
4 11 12 15 15 15 26 26 26 26 26 37 37 37 37 50 50 50 61 61 61 61 70 70
4 11 13 13 13 13 26 26 26 26 26 38 38 38 38 38 38 53 53 53 53 53 70 70