14 24
1 1 1 1 1 1 1 1 17 17 17 17 17 17 17 17 17 17 38 38 38 38 38 38
2 5 7 7 7 7 7 7 7 7 23 23 23 23 23 23 34 34 34 39 39 39 39 39
2 5 8 8 8 8 13 13 13 19 19 19 26 27 27 27 34 34 34 39 39 39 39 39
2 5 8 8 8 8 14 16 16 19 19 19 26 27 27 27 35 35 35 35 35 35 35 35
2 5 9 9 11 11 14 16 16 19 19 19 26 28 28 28 28 36 36 40 40 40 40 44
2 5 10 10 11 11 14 16 16 19 19 19 26 28 28 28 28 36 36 40 40 40 40 44
2 5 10 10 11 11 14 16 16 20 20 20 20 20 20 20 20 20 20 40 40 40 40 44
3 5 10 10 11 11 15 15 15 21 21 21 21 29 29 31 31 31 31 40 40 40 40 44
3 5 10 10 11 11 15 15 15 21 21 21 21 29 29 31 31 31 31 40 40 40 40 44
3 6 6 6 11 11 15 15 15 22 22 22 22 22 22 22 22 37 37 37 41 41 41 44
3 6 6 6 12 12 12 12 18 18 24 25 25 30 30 32 32 37 37 37 41 41 41 44
3 6 6 6 12 12 12 12 18 18 24 25 25 30 30 32 32 37 37 37 42 42 43 44
3 6 6 6 12 12 12 12 18 18 24 25 25 30 30 32 32 37 37 37 42 42 43 44
4 4 4 4 12 12 12 12 18 18 24 25 25 30 30 33 33 33 33 33 42 42 43 44