15 15
1 1 1 10 16 16 16 16 16 16 29 32 32 38 41
2 2 2 10 16 16 16 16 16 16 29 32 32 38 41
2 2 2 11 11 11 11 24 24 27 29 32 32 38 41
2 2 2 12 12 12 12 12 12 27 30 32 32 39 41
3 3 3 3 17 19 19 19 25 27 30 32 32 39 41
4 4 4 4 17 19 19 19 25 27 30 33 33 33 42
4 4 4 4 17 19 19 19 25 27 30 33 33 33 42
5 5 5 5 5 5 5 5 25 27 31 33 33 33 42
6 6 6 13 13 20 22 22 22 22 31 34 34 34 42
6 6 6 13 13 20 22 22 22 22 31 35 36 36 42
6 6 6 14 14 20 23 23 23 23 31 35 36 36 42
6 6 6 14 14 21 21 21 26 26 26 35 37 37 37
7 7 9 14 14 21 21 21 26 26 26 35 37 37 37
7 7 9 15 15 15 15 15 15 28 28 28 28 40 40
8 8 8 8 18 18 18 18 18 18 18 18 18 40 40