12 18
1 1 9 11 11 11 11 22 26 26 30 30 38 40 40 40 47 47
1 1 9 11 11 11 11 22 26 26 30 30 38 40 40 40 47 47
1 1 9 12 12 17 17 22 27 28 30 30 38 41 44 44 44 44
2 5 9 13 13 18 18 18 27 28 31 31 38 41 44 44 44 44
2 5 9 13 13 18 18 18 27 29 31 31 38 41 44 44 44 44
3 5 10 10 14 14 19 19 19 29 32 32 32 32 32 32 48 48
3 6 6 6 14 14 19 19 19 29 33 36 36 42 42 42 48 48
3 6 6 6 15 15 19 19 19 29 33 37 37 37 45 45 45 45
3 7 7 7 7 7 20 23 23 23 23 23 23 23 23 23 49 50
3 8 8 8 16 16 20 24 24 24 34 34 39 43 43 43 49 50
3 8 8 8 16 16 21 25 25 25 34 34 39 43 43 43 49 50
4 4 4 4 4 4 21 25 25 25 35 35 35 35 46 46 46 46