15 20
1 5 10 10 10 10 10 10 27 27 27 27 27 27 45 45 45 45 56 56
1 5 11 11 11 11 22 22 22 30 30 30 39 39 46 46 51 51 56 56
1 5 12 12 12 12 22 22 22 31 35 35 39 39 46 46 51 51 56 56
1 5 12 12 12 12 23 23 23 31 35 35 39 39 46 46 52 52 52 52
2 5 13 13 13 13 13 13 28 31 35 35 39 39 47 47 47 47 57 57
2 6 6 15 15 15 24 24 28 31 35 35 40 41 41 41 41 41 57 57
2 6 6 15 15 15 24 24 28 32 32 37 40 42 48 48 48 48 57 57
2 6 6 16 16 20 24 24 28 32 32 37 40 42 49 50 53 53 53 60
3 3 14 16 16 20 24 24 29 32 32 37 40 42 49 50 53 53 53 60
3 3 14 16 16 20 25 25 29 32 32 38 38 38 49 50 53 53 53 60
3 3 14 17 17 20 25 25 29 32 32 38 38 38 49 50 54 55 58 58
4 7 7 7 18 18 25 25 29 33 33 33 33 33 33 50 54 55 58 58
4 7 7 7 19 19 19 19 19 19 36 36 36 36 36 50 54 55 58 58
4 8 8 8 8 8 8 26 26 34 34 34 34 43 43 43 54 55 59 59
4 9 9 9 9 21 21 26 26 34 34 34 34 44 44 44 44 44 59 59