15 20
1 1 1 1 1 1 16 16 16 16 16 16 16 36 36 36 43 43 43 46
2 2 2 8 8 8 17 19 19 19 27 27 27 36 36 36 43 43 43 46
2 2 2 9 9 14 17 19 19 19 27 27 27 36 36 36 43 43 43 46
3 3 7 9 9 14 17 19 19 19 28 28 28 28 39 40 40 40 40 46
3 3 7 10 10 10 17 20 21 21 21 21 21 21 39 41 41 41 41 41
3 3 7 10 10 10 17 20 22 22 29 29 29 29 39 41 41 41 41 41
3 3 7 10 10 10 18 20 22 22 29 29 29 29 39 41 41 41 41 41
4 4 4 10 10 10 18 20 22 22 30 30 30 37 37 37 37 44 44 47
4 4 4 11 11 15 18 20 22 22 31 33 33 37 37 37 37 44 44 47
4 4 4 11 11 15 18 20 22 22 31 33 33 37 37 37 37 44 44 48
4 4 4 11 11 15 18 20 23 24 31 33 33 37 37 37 37 44 44 48
5 5 5 5 5 5 18 20 23 24 31 34 34 34 34 42 42 44 44 48
6 6 6 12 12 12 12 12 23 24 32 32 35 35 35 42 42 45 45 48
6 6 6 12 12 12 12 12 23 25 25 25 25 25 25 25 25 45 45 48
6 6 6 13 13 13 13 13 13 26 26 26 26 38 38 38 38 45 45 48