14 24
1 1 1 1 1 17 19 21 21 30 30 30 36 36 36 36 36 36 57 58 62 62 66 66
2 2 2 10 10 17 19 21 21 30 30 30 37 40 40 40 47 47 57 58 62 62 66 66
2 2 2 10 10 17 19 22 26 26 34 35 37 40 40 40 47 47 57 58 63 63 66 66
2 2 2 11 13 13 13 22 27 27 34 35 37 41 41 41 48 48 57 58 63 63 67 69
3 3 3 11 13 13 13 22 27 27 34 35 37 41 41 41 49 49 49 58 63 63 67 69
4 4 7 11 14 14 14 23 27 27 34 35 38 41 41 41 50 54 54 58 64 64 67 69
4 4 7 11 15 15 15 23 28 28 28 28 38 42 42 45 50 54 54 58 65 65 67 69
4 4 7 11 15 15 15 24 28 28 28 28 38 43 43 45 50 55 55 58 65 65 67 69
4 4 7 12 16 16 20 24 29 31 31 31 38 43 43 45 51 55 55 58 65 65 68 69
5 5 5 12 16 16 20 24 29 31 31 31 38 43 43 45 51 56 56 59 59 59 68 70
6 6 8 8 16 16 20 25 29 31 31 31 38 43 43 46 51 56 56 60 60 60 68 70
6 6 8 8 16 16 20 25 29 32 32 32 38 44 44 46 51 56 56 61 61 61 61 70
6 6 9 9 9 18 18 25 29 32 32 32 39 39 39 46 52 52 52 61 61 61 61 70
6 6 9 9 9 18 18 25 29 33 33 33 33 33 33 46 53 53 53 53 53 53 53 53