14 24
1 5 5 5 5 5 5 15 15 15 15 15 15 15 15 31 31 31 31 31 31 31 31 31
1 6 6 6 6 12 12 16 16 18 18 18 18 18 30 30 30 30 30 30 30 30 42 42
1 7 7 7 10 12 12 16 16 19 19 24 25 25 30 30 30 30 30 30 30 30 42 42
1 7 7 7 10 12 12 17 17 19 19 24 26 26 26 32 32 32 32 32 32 40 40 43
1 7 7 7 11 12 12 17 17 19 19 24 26 26 26 32 32 32 32 32 32 40 40 43
1 7 7 7 11 12 12 17 17 19 19 24 26 26 26 32 32 32 32 32 32 40 40 43
2 2 2 2 11 12 12 17 17 20 20 20 26 26 26 33 33 34 34 34 34 40 40 43
2 2 2 2 11 12 12 17 17 20 20 20 26 26 26 33 33 34 34 34 34 41 41 44
3 3 3 3 3 3 3 3 3 20 20 20 27 28 28 33 33 34 34 34 34 41 41 44
3 3 3 3 3 3 3 3 3 20 20 20 27 28 28 33 33 35 35 37 38 41 41 44
4 4 8 8 8 13 13 13 13 20 20 20 27 28 28 33 33 35 35 37 38 41 41 44
4 4 9 9 9 9 14 14 14 21 22 22 27 29 29 29 29 35 35 37 38 41 41 44
4 4 9 9 9 9 14 14 14 21 23 23 23 29 29 29 29 35 35 37 39 39 39 39
4 4 9 9 9 9 14 14 14 21 23 23 23 29 29 29 29 36 36 36 39 39 39 39