14 24
1 4 4 4 4 10 10 13 13 13 13 13 13 13 13 26 26 26 26 33 34 34 34 34
1 4 4 4 4 10 10 14 14 17 17 19 19 19 19 26 26 26 26 33 34 34 34 34
1 5 5 5 5 5 12 14 14 17 17 19 19 19 19 26 26 26 26 33 34 34 34 34
1 5 5 5 5 5 12 14 14 17 17 19 19 19 19 26 26 26 26 33 35 35 35 35
1 5 5 5 5 5 12 14 14 17 17 19 19 19 19 26 26 26 26 33 35 35 35 35
2 2 2 2 2 11 11 11 11 17 17 20 20 23 25 25 25 25 30 30 30 30 30 30
2 2 2 2 2 11 11 11 11 18 18 20 20 23 25 25 25 25 30 30 30 30 30 30
2 2 2 2 2 11 11 11 11 18 18 21 21 23 25 25 25 25 31 31 31 36 36 36
3 6 6 6 6 6 6 15 15 18 18 21 21 23 25 25 25 25 31 31 31 37 37 38
3 7 7 7 7 7 7 15 15 18 18 21 21 24 24 27 27 28 31 31 31 37 37 38
3 7 7 7 7 7 7 15 15 18 18 21 21 24 24 27 27 28 31 31 31 37 37 38
3 7 7 7 7 7 7 16 16 16 16 21 21 24 24 27 27 28 31 31 31 37 37 38
3 8 8 8 9 9 9 16 16 16 16 22 22 24 24 27 27 29 32 32 32 37 37 38
3 8 8 8 9 9 9 16 16 16 16 22 22 24 24 27 27 29 32 32 32 37 37 38