14 24
1 1 1 1 1 1 19 19 19 19 27 30 30 30 30 30 30 49 49 49 49 49 49 64
2 2 8 8 12 14 14 14 14 26 27 31 31 31 40 43 43 43 53 53 53 53 53 64
2 2 8 8 12 14 14 14 14 26 27 31 31 31 40 43 43 43 54 54 58 62 62 64
2 2 8 8 12 15 15 15 15 26 27 31 31 31 41 43 43 43 54 54 58 62 62 64
3 3 3 3 12 16 20 20 20 26 27 32 37 37 41 44 44 50 54 54 58 62 62 64
4 4 9 9 9 16 20 20 20 26 27 32 37 37 41 44 44 50 55 55 59 59 59 64
4 4 10 11 13 16 20 20 20 26 28 32 37 37 42 42 47 47 47 57 57 57 57 57
4 4 10 11 13 16 20 20 20 26 28 32 38 38 42 42 47 47 47 57 57 57 57 57
5 5 10 11 13 17 21 22 22 26 28 33 33 33 42 42 48 51 51 51 60 60 60 60
5 5 10 11 13 17 21 23 23 23 28 34 34 39 39 39 48 51 51 51 61 61 61 61
6 6 6 11 13 17 21 23 23 23 28 35 35 39 39 39 48 52 56 56 56 63 63 63
6 6 6 11 13 18 21 24 25 25 28 35 35 39 39 39 48 52 56 56 56 63 63 63
7 7 7 7 13 18 21 24 25 25 29 36 36 36 36 45 45 45 45 45 45 63 63 63
7 7 7 7 13 18 21 24 25 25 29 36 36 36 36 46 46 46 46 46 46 46 46 46