14 24
1 1 1 1 9 9 9 9 9 19 20 20 20 20 20 20 30 30 33 33 33 33 33 33
1 1 1 1 9 9 9 9 9 19 21 21 24 28 28 28 30 30 34 34 37 37 37 43
2 2 7 7 9 9 9 9 9 19 21 21 24 28 28 28 30 30 34 34 37 37 37 43
2 2 7 7 10 10 13 13 13 13 21 21 24 28 28 28 30 30 34 34 38 38 41 43
3 3 7 7 10 10 14 14 14 14 21 21 24 29 29 29 30 30 34 34 38 38 41 43
3 3 7 7 10 10 14 14 14 14 21 21 24 29 29 29 30 30 34 34 38 38 41 44
3 3 7 7 10 10 14 14 14 14 21 21 25 25 25 25 30 30 34 34 38 38 41 44
3 3 8 8 10 10 15 15 16 16 16 16 25 25 25 25 31 31 34 34 38 38 42 44
4 4 8 8 10 10 15 15 17 17 17 22 22 22 22 22 31 31 34 34 38 38 42 44
4 4 8 8 10 10 15 15 17 17 17 22 22 22 22 22 32 32 35 35 38 38 42 44
4 4 8 8 11 11 15 15 17 17 17 23 23 23 23 23 32 32 35 35 38 38 42 44
5 6 6 6 11 11 15 15 17 17 17 23 23 23 23 23 32 32 35 35 39 39 39 39
5 6 6 6 11 11 15 15 18 18 18 18 26 26 26 26 32 32 36 36 36 36 36 36
5 6 6 6 12 12 12 12 12 12 12 12 27 27 27 27 27 27 27 27 40 40 40 40