13 19
1 1 8 8 8 8 20 21 23 25 25 31 31 38 38 43 45 45 45
1 1 8 8 8 8 20 21 23 26 26 31 31 38 38 43 45 45 45
2 6 6 9 9 9 9 21 23 26 26 31 31 38 38 43 45 45 45
2 6 6 10 13 13 13 21 23 27 29 29 36 38 38 43 46 49 49
2 6 6 10 13 13 13 22 23 27 29 29 36 39 39 43 46 49 49
2 6 6 10 13 13 13 22 23 27 29 29 37 39 39 43 46 49 49
3 3 3 10 14 17 17 17 23 27 29 29 37 40 40 44 47 47 47
3 3 3 10 14 17 17 17 23 27 30 32 32 41 41 44 47 47 47
4 7 7 11 11 17 17 17 24 27 30 33 33 41 41 44 48 48 51
4 7 7 11 11 18 18 18 24 27 30 33 33 42 42 42 48 48 51
4 7 7 12 15 19 19 19 24 28 30 33 33 42 42 42 48 48 51
5 5 5 12 15 19 19 19 24 28 30 34 34 42 42 42 48 48 51
5 5 5 12 16 16 16 16 16 16 30 35 35 35 35 35 35 50 50