15 17
1 1 12 13 17 21 21 21 30 30 30 30 30 30 49 53 56
1 1 12 13 17 21 21 21 31 31 31 31 31 31 49 53 56
1 1 12 13 17 21 21 21 32 32 32 39 42 42 49 53 56
2 5 12 13 17 22 22 22 22 34 37 39 42 42 49 53 56
2 5 12 14 17 23 23 28 33 34 37 39 43 43 50 50 50
2 6 6 14 17 23 23 28 33 34 37 39 43 43 51 51 57
3 6 6 14 18 18 18 18 33 34 37 40 43 43 51 51 57
3 6 6 15 15 15 15 29 29 29 29 40 43 43 52 52 57
3 7 7 7 7 7 7 29 29 29 29 41 44 46 52 52 57
3 8 8 8 8 24 24 24 24 35 38 41 44 46 52 52 58
4 9 9 16 19 24 24 24 24 35 38 41 44 47 47 54 58
4 9 9 16 19 24 24 24 24 35 38 41 45 47 47 54 58
4 9 9 16 20 20 25 25 25 25 25 25 45 47 47 55 55
4 10 10 16 20 20 26 26 26 36 36 36 45 48 48 55 55
4 11 11 11 20 20 27 27 27 36 36 36 45 48 48 55 55