17 21
1 1 1 1 1 1 1 1 31 31 31 31 31 31 53 53 62 62 65 65 65
2 2 2 12 12 12 12 26 26 35 35 35 35 47 47 57 62 62 66 66 66
2 2 2 12 12 12 12 26 26 36 36 36 36 36 36 57 62 62 66 66 66
3 10 10 10 10 10 24 27 27 27 37 37 46 46 46 46 46 46 46 46 46
3 10 10 10 10 10 24 27 27 27 38 41 41 48 48 58 58 58 67 67 72
4 4 4 13 13 21 24 28 28 28 38 41 41 48 48 58 58 58 67 67 72
4 4 4 13 13 21 24 28 28 28 38 41 41 49 54 54 54 54 67 67 72
5 5 5 14 14 21 24 29 32 32 39 39 39 49 54 54 54 54 68 68 72
5 5 5 14 14 21 24 29 32 32 39 39 39 49 54 54 54 54 68 68 72
6 6 11 15 15 15 15 29 33 33 33 42 42 49 55 55 55 55 55 69 69
6 6 11 16 18 22 22 29 33 33 33 42 42 50 50 59 59 59 59 59 59
7 7 11 16 18 22 22 30 30 30 40 42 42 50 50 60 60 60 60 70 70
7 7 11 16 18 22 22 30 30 30 40 43 43 43 56 56 63 63 63 70 70
7 7 11 16 19 19 19 19 19 19 40 43 43 43 56 56 63 63 63 71 71
8 8 8 17 17 23 25 25 34 34 40 44 44 51 51 51 51 51 51 71 71
8 8 8 17 17 23 25 25 34 34 40 44 44 52 52 52 52 64 64 71 71
9 9 9 9 20 20 25 25 34 34 40 45 45 45 45 61 61 61 61 61 61