15 22
1 1 7 7 12 18 18 18 25 25 32 34 40 40 47 47 52 52 52 60 64 64
1 1 7 7 12 18 18 18 25 25 32 34 40 40 47 47 52 52 52 60 64 64
1 1 7 7 12 18 18 18 25 25 32 34 41 41 41 41 41 41 41 60 64 64
2 2 2 2 2 2 2 2 2 2 33 35 41 41 41 41 41 41 41 60 65 65
3 3 8 8 13 13 13 23 23 27 33 35 42 42 42 42 53 53 53 60 65 65
3 3 8 8 14 14 14 14 14 27 33 35 43 43 43 43 54 54 57 57 65 65
4 4 4 11 11 11 21 24 24 28 33 35 43 43 43 43 54 54 58 61 66 66
4 4 4 11 11 11 21 24 24 28 33 35 44 46 46 50 54 54 58 61 66 66
5 5 9 9 15 15 21 24 24 28 33 35 44 46 46 50 55 55 59 59 66 66
5 5 9 9 15 15 21 24 24 29 33 36 36 46 46 50 55 55 59 59 66 66
5 5 9 9 16 19 19 19 19 29 33 37 37 37 37 51 51 51 51 62 62 62
5 5 9 9 16 20 20 20 26 30 30 38 38 38 48 48 56 56 56 62 62 62
5 5 10 10 10 20 20 20 26 31 31 39 45 45 49 49 56 56 56 62 62 62
6 6 6 6 17 17 22 22 26 31 31 39 45 45 49 49 56 56 56 63 63 63
6 6 6 6 17 17 22 22 26 31 31 39 45 45 49 49 56 56 56 63 63 63