15 21
1 3 9 9 9 18 18 18 28 28 28 40 43 43 48 48 54 54 54 54 66
1 3 9 9 9 19 19 24 28 28 28 40 43 43 49 51 54 54 54 54 66
1 3 9 9 9 19 19 24 29 29 29 41 41 44 49 51 54 54 54 54 66
1 4 4 14 14 19 19 25 25 25 25 41 41 44 49 51 55 55 55 63 63
1 4 4 14 14 20 20 20 20 20 37 37 37 44 49 51 55 55 55 63 63
1 5 10 14 14 21 21 26 30 30 37 37 37 44 49 51 56 58 58 58 58
2 5 10 14 14 21 21 26 30 30 37 37 37 45 45 51 56 58 58 58 58
2 5 11 11 16 22 22 22 22 33 33 42 42 45 45 52 56 59 61 61 61
2 6 6 6 16 22 22 22 22 34 34 34 34 45 45 52 56 59 61 61 61
2 6 6 6 16 23 23 23 31 34 34 34 34 45 45 53 56 59 62 64 67
2 6 6 6 17 17 17 17 31 34 34 34 34 45 45 53 56 59 62 64 67
2 7 12 12 17 17 17 17 31 35 38 38 38 38 38 38 38 60 62 64 67
2 7 13 15 15 15 15 27 31 35 39 39 39 39 50 50 50 60 62 65 67
2 7 13 15 15 15 15 27 31 36 36 36 36 46 46 46 57 57 62 65 67
2 8 8 8 8 8 8 27 32 32 32 32 32 47 47 47 57 57 62 65 67