14 24
1 1 1 1 16 16 16 25 25 31 31 31 31 41 41 45 47 50 53 53 53 53 53 53
2 2 7 13 16 16 16 25 25 32 32 32 32 41 41 45 47 50 54 54 54 54 54 66
2 2 7 13 17 17 20 20 20 20 34 34 34 41 41 45 47 50 54 54 54 54 54 66
2 2 7 13 17 17 21 21 21 21 34 34 34 41 41 45 47 50 55 60 61 64 64 66
2 2 8 8 8 8 22 22 22 22 22 22 22 41 41 45 48 48 55 60 61 64 64 66
3 6 9 9 9 9 9 26 29 29 29 35 37 42 42 45 49 51 56 56 61 64 64 66
3 6 9 9 9 9 9 26 29 29 29 35 37 42 42 45 49 51 56 56 61 64 64 66
3 6 10 14 14 14 14 26 29 29 29 35 37 42 42 45 49 51 57 57 62 62 62 66
4 4 10 15 15 19 23 23 29 29 29 36 36 36 36 36 36 51 57 57 63 63 63 66
4 4 10 15 15 19 24 27 27 27 27 27 38 38 38 38 38 51 57 57 63 63 63 66
4 4 11 11 11 19 24 27 27 27 27 27 39 39 39 46 46 46 46 46 63 63 63 66
4 4 11 11 11 19 24 28 28 33 33 33 33 43 43 43 43 52 58 58 58 58 65 65
4 4 12 12 12 12 12 12 30 30 30 30 40 40 44 44 44 52 58 58 58 58 65 65
5 5 5 5 18 18 18 18 30 30 30 30 40 40 44 44 44 52 59 59 59 59 65 65