14 24
1 5 5 7 7 7 7 7 16 16 16 16 16 16 25 25 25 25 25 25 37 37 37 37
1 5 5 7 7 7 7 7 17 17 17 23 23 23 26 30 30 30 30 35 37 37 37 37
1 5 5 7 7 7 7 7 17 17 17 23 23 23 26 30 30 30 30 35 37 37 37 37
1 5 5 8 8 8 8 8 8 18 18 23 23 23 26 31 31 31 32 32 32 38 38 38
1 5 5 9 9 9 9 9 9 18 18 23 23 23 26 31 31 31 33 36 36 38 38 38
1 6 6 6 6 10 10 10 10 18 18 23 23 23 27 27 27 27 33 36 36 38 38 38
1 6 6 6 6 10 10 10 10 19 19 23 23 23 27 27 27 27 33 36 36 38 38 38
1 6 6 6 6 11 11 11 11 20 20 20 20 20 20 20 20 20 33 36 36 38 38 38
2 2 2 2 2 2 2 14 14 20 20 20 20 20 20 20 20 20 33 36 36 39 39 40
2 2 2 2 2 2 2 14 14 21 21 21 21 24 28 28 28 28 33 36 36 39 39 40
2 2 2 2 2 2 2 15 15 15 15 15 15 24 28 28 28 28 34 34 34 39 39 40
3 3 3 3 3 12 12 12 12 22 22 22 22 24 28 28 28 28 34 34 34 39 39 40
4 4 4 4 4 13 13 13 13 22 22 22 22 24 28 28 28 28 34 34 34 39 39 40
4 4 4 4 4 13 13 13 13 22 22 22 22 24 29 29 29 29 29 29 29 29 29 40