14 24
1 1 1 1 1 1 20 22 22 29 29 37 39 39 39 39 52 52 52 52 62 62 68 70
2 2 9 15 15 15 20 22 22 29 29 37 39 39 39 39 53 53 53 60 62 62 68 70
2 2 9 15 15 15 20 22 22 29 29 37 40 40 40 46 53 53 53 60 62 62 68 70
3 8 9 15 15 15 20 23 23 23 32 32 40 40 40 46 53 53 53 60 63 63 68 71
3 8 10 10 10 17 20 24 24 30 32 32 40 40 40 46 54 54 54 54 64 64 69 71
3 8 10 10 10 17 21 24 24 30 32 32 41 43 44 47 47 57 57 61 64 64 69 71
4 4 4 4 4 4 21 24 24 30 33 33 41 43 44 48 48 57 57 61 64 64 69 71
5 5 11 11 11 11 21 24 24 31 33 33 41 43 45 48 48 57 57 61 64 64 69 71
5 5 12 12 12 18 21 25 27 31 34 38 38 43 45 48 48 57 57 61 65 66 66 72
5 5 13 13 13 18 21 25 27 31 34 38 38 43 45 49 55 55 55 55 65 66 66 72
5 5 13 13 13 18 21 25 27 31 35 35 35 43 45 49 56 58 58 58 58 58 58 72
6 6 6 16 16 19 19 19 19 19 36 36 36 36 45 49 56 58 58 58 58 58 58 72
7 7 14 14 14 14 14 26 28 28 28 28 42 42 45 50 50 50 50 50 50 67 67 72
7 7 14 14 14 14 14 26 28 28 28 28 42 42 45 51 51 51 59 59 59 67 67 72