14 24
1 4 4 4 4 4 4 4 4 4 19 19 19 19 19 19 19 19 30 30 33 33 36 36
1 5 5 7 7 10 12 12 12 12 12 12 12 12 12 12 12 12 30 30 33 33 36 36
1 5 5 7 7 10 13 14 14 14 20 20 22 22 22 22 22 22 30 30 33 33 36 36
1 5 5 7 7 10 13 14 14 14 20 20 23 23 23 27 27 27 30 30 33 33 36 36
1 5 5 7 7 10 13 15 15 18 20 20 23 23 23 27 27 27 30 30 33 33 37 37
1 6 6 7 7 10 13 15 15 18 21 21 21 25 25 27 27 27 30 30 33 33 37 37
1 6 6 8 8 10 13 15 15 18 21 21 21 25 25 28 28 28 30 30 34 34 34 38
1 6 6 8 8 10 13 15 15 18 21 21 21 25 25 28 28 28 30 30 34 34 34 38
2 2 2 8 8 10 13 15 15 18 21 21 21 26 26 28 28 28 31 31 31 31 31 38
2 2 2 9 9 9 13 15 15 18 21 21 21 26 26 28 28 28 31 31 31 31 31 38
2 2 2 9 9 9 13 16 16 16 16 16 24 26 26 28 28 28 31 31 31 31 31 38
2 2 2 9 9 9 13 16 16 16 16 16 24 26 26 28 28 28 32 32 32 35 35 38
3 3 3 3 3 11 11 16 16 16 16 16 24 26 26 29 29 29 32 32 32 35 35 38
3 3 3 3 3 11 11 17 17 17 17 17 17 26 26 29 29 29 32 32 32 35 35 38