14 24
1 1 1 10 10 16 16 16 16 16 16 16 16 33 33 39 39 39 39 47 47 47 47 47
1 1 1 11 11 11 17 19 19 19 27 27 27 33 33 39 39 39 39 48 53 53 53 56
2 7 7 11 11 11 17 19 19 19 27 27 27 34 34 34 34 44 45 48 53 53 53 56
2 7 7 12 12 12 12 19 19 19 27 27 27 34 34 34 34 44 45 49 49 54 54 56
2 7 7 12 12 12 12 20 20 20 27 27 27 35 38 38 38 38 45 49 49 54 54 56
2 8 8 8 13 13 13 20 20 20 27 27 27 35 38 38 38 38 45 50 50 54 54 56
2 9 9 9 9 9 9 9 24 24 24 31 31 36 36 36 41 41 46 50 50 54 54 56
2 9 9 9 9 9 9 9 25 25 25 25 25 36 36 36 41 41 46 50 50 54 54 56
3 3 3 3 14 14 14 21 21 21 21 21 21 36 36 36 41 41 46 51 51 51 51 56
3 3 3 3 15 15 18 22 22 26 28 28 28 28 28 28 41 41 46 51 51 51 51 56
3 3 3 3 15 15 18 22 22 26 29 29 29 29 29 40 40 40 40 40 40 40 40 56
4 4 4 4 15 15 18 22 22 26 30 30 32 32 32 32 42 42 42 42 42 55 55 55
5 5 5 5 5 5 18 22 22 26 30 30 32 32 32 32 43 43 43 52 52 55 55 55
6 6 6 6 6 6 6 23 23 23 23 23 23 37 37 37 37 37 37 52 52 55 55 55