16 20
1 8 8 8 8 8 8 29 36 39 39 39 39 53 56 56 56 73 76 79
1 9 13 13 13 13 13 29 36 39 39 39 39 53 57 62 62 73 76 79
1 9 13 13 13 13 13 29 36 40 42 42 42 53 57 62 62 73 77 79
1 9 14 14 14 24 24 29 36 40 43 46 46 53 57 63 67 67 77 79
2 2 15 15 15 15 15 30 36 40 43 46 46 53 57 63 67 67 77 79
3 3 3 3 21 21 27 30 37 37 43 47 50 53 58 58 58 58 77 79
4 10 10 10 21 21 27 31 31 31 31 47 50 53 59 59 68 68 78 78
4 10 10 10 22 25 27 31 31 31 31 47 51 53 59 59 69 69 78 78
4 11 11 16 22 25 27 32 32 32 44 47 51 53 60 64 69 69 78 78
4 11 11 16 22 25 27 33 33 33 44 48 51 54 60 64 70 74 74 74
4 12 12 12 22 26 27 33 33 33 44 48 51 54 60 65 70 74 74 74
5 5 5 17 17 26 28 28 38 38 38 48 51 54 61 65 70 75 75 75
5 5 5 18 18 18 18 18 18 41 41 48 51 55 61 65 71 71 71 80
5 5 5 19 19 19 19 34 34 34 45 45 51 55 61 66 72 72 72 80
6 6 6 6 23 23 23 35 35 35 45 45 52 52 61 66 72 72 72 80
7 7 7 20 20 20 20 20 20 20 20 49 49 49 61 66 72 72 72 80