15 20
1 1 9 9 9 9 26 26 26 26 26 41 41 41 51 51 57 57 57 57
1 1 10 10 18 18 27 27 27 27 37 41 41 41 51 51 58 58 66 68
2 2 10 10 19 19 28 28 33 33 37 42 42 50 50 56 58 58 66 68
2 2 10 10 19 19 29 29 29 29 37 42 42 50 50 56 59 63 63 68
3 8 8 14 14 14 14 14 34 34 37 43 43 43 43 56 59 63 63 68
3 8 8 14 14 14 14 14 34 34 37 44 46 46 52 56 59 63 63 69
4 4 11 11 20 20 30 30 34 34 37 44 47 47 52 56 60 60 67 69
4 4 11 11 21 21 30 30 34 34 37 44 47 47 52 56 60 60 67 70
4 4 11 11 21 21 30 30 34 34 37 44 47 47 53 53 60 60 67 70
5 5 12 15 15 15 15 31 35 36 38 44 48 48 53 53 61 61 61 70
6 6 12 16 22 22 22 31 35 36 38 44 48 48 54 54 61 61 61 70
6 6 12 16 23 24 24 31 35 36 38 44 49 49 54 54 62 64 64 64
7 7 13 17 23 24 24 32 32 36 39 44 49 49 54 54 62 64 64 64
7 7 13 17 23 24 24 32 32 36 39 45 45 45 55 55 62 65 65 65
7 7 13 17 23 25 25 25 25 36 40 40 40 40 40 40 62 65 65 65