14 24
1 3 3 3 11 11 11 13 13 13 13 13 13 23 23 23 23 31 31 36 37 37 37 37
1 3 3 3 11 11 11 14 14 14 14 14 21 21 29 29 29 31 31 36 37 37 37 37
1 3 3 3 11 11 11 14 14 14 14 14 21 21 29 29 29 31 31 36 37 37 37 37
1 4 4 9 9 9 9 9 9 18 18 18 18 24 29 29 29 31 31 36 37 37 37 37
1 4 4 10 10 10 10 10 15 18 18 18 18 24 29 29 29 32 32 32 32 32 32 32
1 4 4 10 10 10 10 10 15 18 18 18 18 24 29 29 29 32 32 32 32 32 32 32
1 4 4 10 10 10 10 10 15 18 18 18 18 25 25 25 25 25 34 34 34 34 34 34
1 5 5 5 5 5 12 12 15 18 18 18 18 26 26 26 26 26 26 26 26 39 39 39
2 5 5 5 5 5 12 12 15 19 19 19 19 27 27 27 27 27 27 27 27 27 27 40
2 5 5 5 5 5 12 12 16 19 19 19 19 28 28 28 28 28 35 35 38 38 38 40
2 6 8 8 8 8 12 12 16 19 19 19 19 28 28 28 28 28 35 35 38 38 38 40
2 6 8 8 8 8 12 12 16 20 20 20 22 22 22 30 30 33 33 33 38 38 38 40
2 7 7 7 7 7 12 12 17 17 17 17 22 22 22 30 30 33 33 33 38 38 38 40
2 7 7 7 7 7 12 12 17 17 17 17 22 22 22 30 30 33 33 33 38 38 38 40