14 24
1 4 4 4 4 4 4 17 17 17 25 25 25 25 25 25 25 25 41 41 41 41 41 41
1 5 5 8 8 8 15 17 17 17 26 26 26 26 33 33 33 33 33 44 47 47 47 47
1 5 5 9 9 9 15 17 17 17 26 26 26 26 34 34 34 40 40 44 47 47 47 47
1 5 5 9 9 9 15 18 18 23 23 23 23 23 34 34 34 40 40 44 47 47 47 47
1 5 5 10 10 10 15 18 18 24 24 24 24 24 24 37 37 40 40 45 45 45 45 45
1 5 5 10 10 10 16 16 20 20 20 27 27 30 35 37 37 40 40 45 45 45 45 45
1 5 5 10 10 10 16 16 20 20 20 27 27 30 35 37 37 40 40 46 46 46 50 50
1 6 6 6 6 6 6 19 19 19 19 27 27 30 35 37 37 40 40 46 46 46 50 50
1 7 7 7 7 13 13 13 13 13 13 28 28 30 36 36 38 38 38 46 46 46 50 50
1 7 7 7 7 14 14 14 21 21 21 28 28 31 36 36 38 38 38 46 46 46 50 50
1 7 7 7 7 14 14 14 22 22 22 29 29 31 36 36 39 39 42 42 48 48 50 50
2 2 2 2 11 11 11 11 22 22 22 29 29 31 36 36 39 39 42 42 49 49 49 49
2 2 2 2 11 11 11 11 22 22 22 29 29 32 32 32 39 39 42 42 49 49 49 49
3 3 3 3 12 12 12 12 12 12 12 12 12 32 32 32 39 39 43 43 43 43 43 43