14 24
1 1 1 9 9 9 9 9 18 20 20 20 20 20 20 36 36 36 36 36 36 45 45 49
1 1 1 9 9 9 9 9 18 21 21 21 21 21 21 36 36 36 36 36 36 45 45 49
2 8 8 9 9 9 9 9 18 22 22 22 30 30 34 34 34 38 38 38 44 45 45 49
2 8 8 10 10 10 14 14 18 22 22 22 30 30 34 34 34 38 38 38 44 45 45 49
2 8 8 10 10 10 14 14 18 22 22 22 30 30 34 34 34 38 38 38 44 46 48 49
2 8 8 10 10 10 14 14 19 23 27 27 31 31 31 31 31 31 40 40 40 46 48 49
3 3 3 3 11 11 11 11 19 23 27 27 32 32 32 32 37 37 41 43 43 46 48 50
3 3 3 3 12 12 12 16 19 23 28 28 28 28 35 35 37 37 41 43 43 46 48 50
3 3 3 3 12 12 12 16 19 23 28 28 28 28 35 35 37 37 41 43 43 46 48 50
4 4 4 4 12 12 12 16 19 24 24 29 29 29 35 35 37 37 41 43 43 46 48 50
5 5 5 5 12 12 12 16 19 24 24 29 29 29 35 35 37 37 42 42 42 47 48 50
5 5 5 5 13 13 13 17 19 24 24 29 29 29 35 35 37 37 42 42 42 47 48 50
6 6 6 6 13 13 13 17 19 25 25 25 33 33 33 33 37 37 42 42 42 47 48 50
7 7 7 7 7 7 15 15 19 26 26 26 26 26 26 26 26 39 39 39 39 39 39 50