14 24
1 1 1 9 9 9 19 19 23 23 31 33 33 33 40 40 51 51 51 51 51 51 51 51
2 6 6 9 9 9 19 19 23 23 31 33 33 33 41 45 45 45 54 54 54 54 64 64
2 6 6 9 9 9 19 19 23 23 32 32 32 32 41 45 45 45 54 54 54 54 64 64
2 6 6 10 10 10 10 21 24 24 24 34 37 37 41 46 46 52 52 58 58 58 58 58
2 6 6 11 11 16 16 21 24 24 24 34 37 37 41 46 46 52 52 58 58 58 58 58
3 6 6 11 11 16 16 21 25 25 25 34 37 37 42 42 42 42 55 55 61 62 62 62
3 7 7 7 7 16 16 21 25 25 25 34 38 38 38 47 47 47 55 55 61 63 65 65
3 8 8 12 15 16 16 22 25 25 25 35 35 35 35 35 35 53 55 55 61 63 65 65
3 8 8 12 15 17 17 22 25 25 25 36 36 36 43 48 48 53 55 55 61 63 65 65
4 4 4 12 15 18 18 18 26 26 26 36 36 36 43 48 48 53 56 56 56 56 65 65
4 4 4 12 15 18 18 18 27 27 27 36 36 36 44 49 49 49 57 59 59 59 65 65
4 4 4 13 13 13 20 20 20 29 29 29 29 29 44 49 49 49 57 60 60 60 60 66
5 5 5 13 13 13 20 20 20 30 30 30 39 39 44 49 49 49 57 60 60 60 60 66
5 5 5 14 14 14 14 14 28 28 28 28 39 39 44 50 50 50 50 60 60 60 60 66