14 24
1 1 8 8 14 14 14 25 25 25 25 38 41 41 41 41 41 41 64 64 70 70 70 70
1 1 8 8 14 14 14 26 26 26 26 38 42 45 45 45 45 45 64 64 71 71 71 75
1 1 8 8 15 18 18 27 31 31 31 31 42 46 46 46 56 56 56 67 67 67 67 75
1 1 9 12 15 18 18 27 31 31 31 31 43 47 50 50 57 57 65 65 65 65 74 75
2 2 9 12 15 18 18 28 28 28 28 39 43 47 50 50 57 57 66 68 68 68 74 76
2 2 9 12 15 19 19 19 19 33 36 39 43 47 51 51 57 57 66 68 68 68 74 76
3 5 10 12 16 20 20 29 29 33 36 39 43 47 52 54 54 60 60 60 60 60 74 76
3 5 10 12 16 20 20 29 29 33 36 39 44 44 52 55 55 61 61 69 69 69 69 76
3 5 10 12 16 20 20 30 30 30 36 40 44 44 52 55 55 61 61 69 69 69 69 77
3 5 10 12 16 21 21 21 32 32 32 40 44 44 52 55 55 62 62 62 72 73 73 77
4 5 11 12 16 21 21 21 32 32 32 40 44 44 52 55 55 62 62 62 72 73 73 77
4 5 11 13 13 13 22 22 22 22 37 37 37 37 53 53 58 58 58 58 72 73 73 77
4 6 6 6 17 17 23 23 23 34 34 34 34 48 48 48 59 59 59 59 72 73 73 77
4 7 7 7 17 17 24 24 24 35 35 35 35 49 49 49 49 63 63 63 63 63 63 77