14 24
1 1 1 1 12 18 20 20 20 28 28 28 34 36 36 36 43 46 46 51 51 51 51 60
2 2 2 2 12 18 20 20 20 28 28 28 34 36 36 36 43 46 46 52 52 52 52 60
2 2 2 2 12 18 21 21 21 28 28 28 34 37 37 37 37 37 37 52 52 52 52 60
3 3 3 3 13 18 21 21 21 28 28 28 34 38 38 38 44 44 49 49 49 56 56 60
3 3 3 3 13 19 19 22 22 22 22 32 32 38 38 38 44 44 50 50 50 56 56 60
4 4 4 10 13 19 19 22 22 22 22 33 33 33 33 33 44 44 50 50 50 56 56 60
4 4 4 10 14 14 14 23 23 23 23 33 33 33 33 33 44 44 50 50 50 56 56 60
4 4 4 10 14 14 14 24 24 24 29 29 29 29 29 29 45 45 45 45 54 57 57 57
5 5 8 8 15 15 15 24 24 24 30 30 35 39 39 41 41 41 41 53 54 57 57 57
5 5 8 8 15 15 15 25 26 26 30 30 35 39 39 41 41 41 41 53 54 58 58 58
6 6 6 11 11 11 11 25 26 26 30 30 35 39 39 41 41 41 41 53 54 58 58 58
7 7 9 9 16 16 16 25 26 26 30 30 35 39 39 42 42 47 47 47 55 55 55 55
7 7 9 9 16 16 16 25 26 26 31 31 31 31 31 42 42 47 47 47 55 55 55 55
7 7 9 9 17 17 17 17 27 27 27 27 27 27 40 40 40 48 48 48 48 59 59 59