14 24
1 1 1 5 5 5 5 5 5 5 5 16 16 16 16 22 22 22 27 27 27 27 27 32
1 1 1 6 7 7 7 7 12 12 15 16 16 16 16 22 22 22 27 27 27 27 27 32
1 1 1 6 7 7 7 7 12 12 15 17 17 20 20 20 20 20 20 28 28 28 28 32
2 2 2 6 7 7 7 7 12 12 15 17 17 20 20 20 20 20 20 28 28 28 28 32
2 2 2 6 8 8 8 8 12 12 15 17 17 20 20 20 20 20 20 28 28 28 28 32
2 2 2 6 8 8 8 8 13 13 13 17 17 20 20 20 20 20 20 28 28 28 28 32
2 2 2 6 8 8 8 8 13 13 13 18 18 18 21 23 24 24 24 24 29 30 30 30
3 3 3 3 8 8 8 8 13 13 13 18 18 18 21 23 24 24 24 24 29 30 30 30
3 3 3 3 9 9 9 9 9 9 9 18 18 18 21 23 24 24 24 24 29 30 30 30
3 3 3 3 9 9 9 9 9 9 9 18 18 18 21 23 24 24 24 24 29 30 30 30
3 3 3 3 10 10 10 10 10 10 10 10 10 10 21 23 25 25 25 25 25 30 30 30
3 3 3 3 10 10 10 10 10 10 10 10 10 10 21 23 25 25 25 25 25 31 31 31
4 4 4 4 4 4 11 11 14 14 14 19 19 19 21 23 25 25 25 25 25 31 31 31
4 4 4 4 4 4 11 11 14 14 14 19 19 19 21 23 26 26 26 26 26 26 26 26