14 24
1 1 1 1 1 1 18 18 22 22 22 22 22 32 32 32 40 43 43 43 43 43 43 56
2 5 5 7 7 7 18 18 22 22 22 22 22 32 32 32 40 44 44 44 44 44 44 56
2 5 5 8 8 8 8 8 8 24 24 24 29 29 29 29 41 45 45 45 51 51 51 56
2 5 5 9 9 14 19 19 19 24 24 24 29 29 29 29 41 45 45 45 51 51 51 56
2 6 6 9 9 14 19 19 19 24 24 24 30 33 33 33 41 46 46 48 51 51 51 56
2 6 6 9 9 14 19 19 19 25 26 26 30 34 34 34 41 46 46 48 51 51 51 56
2 6 6 10 10 10 19 19 19 25 26 26 30 35 35 39 41 46 46 48 52 54 54 56
2 6 6 11 11 11 19 19 19 25 26 26 30 35 35 39 41 46 46 49 52 54 54 56
3 3 3 3 13 15 15 15 15 25 26 26 31 31 37 39 41 47 47 49 53 53 53 53
3 3 3 3 13 16 16 20 20 20 27 27 31 31 37 39 41 47 47 49 53 53 53 53
3 3 3 3 13 16 16 20 20 20 27 27 31 31 38 38 38 47 47 49 53 53 53 53
3 3 3 3 13 17 17 17 23 23 23 23 31 31 38 38 38 47 47 50 50 55 55 55
4 4 4 12 12 12 12 21 21 21 28 28 28 36 36 36 42 42 42 50 50 55 55 55
4 4 4 12 12 12 12 21 21 21 28 28 28 36 36 36 42 42 42 50 50 55 55 55