14 24
1 1 4 4 4 4 4 4 13 13 13 13 13 13 13 13 22 22 22 28 28 28 28 28
1 1 5 5 5 5 5 11 11 11 11 19 19 19 19 19 22 22 22 29 29 30 30 30
1 1 5 5 5 5 5 11 11 11 11 19 19 19 19 19 22 22 22 29 29 30 30 30
1 1 6 6 7 7 7 11 11 11 11 19 19 19 19 19 22 22 22 29 29 30 30 30
1 1 6 6 7 7 7 12 14 14 14 14 14 14 14 14 14 14 14 14 14 30 30 30
1 1 6 6 7 7 7 12 15 15 16 16 16 16 16 16 23 23 23 23 23 30 30 30
1 1 6 6 7 7 7 12 15 15 17 17 17 20 20 20 23 23 23 23 23 30 30 30
2 2 2 2 7 7 7 12 15 15 17 17 17 20 20 20 24 26 26 26 26 31 32 32
2 2 2 2 8 9 9 9 15 15 17 17 17 20 20 20 24 26 26 26 26 31 32 32
2 2 2 2 8 10 10 10 15 15 17 17 17 20 20 20 24 26 26 26 26 31 32 32
2 2 2 2 8 10 10 10 15 15 17 17 17 20 20 20 24 26 26 26 26 31 32 32
2 2 2 2 8 10 10 10 15 15 17 17 17 20 20 20 24 27 27 27 27 27 27 27
2 2 2 2 8 10 10 10 15 15 17 17 17 21 21 21 24 27 27 27 27 27 27 27
3 3 3 3 8 10 10 10 15 15 18 18 18 18 18 18 25 25 25 25 25 25 25 25