14 24
1 1 1 1 1 10 10 10 10 10 10 10 10 10 10 10 10 10 10 32 32 32 32 32
1 1 1 1 1 11 11 11 11 11 11 11 11 11 11 28 28 28 28 32 32 32 32 32
2 2 2 2 2 2 2 2 2 2 2 2 2 2 2 2 29 29 29 29 29 29 29 29
3 7 7 7 7 12 12 12 12 12 18 18 18 21 25 25 25 25 25 25 25 25 37 37
3 7 7 7 7 12 12 12 12 12 18 18 18 21 26 26 26 26 26 26 34 34 37 37
3 7 7 7 7 13 13 13 17 17 17 17 17 17 26 26 26 26 26 26 34 34 38 38
3 7 7 7 7 13 13 13 17 17 17 17 17 17 27 27 27 27 31 31 34 34 38 38
3 8 8 8 9 9 14 14 14 14 19 19 19 22 22 22 22 22 31 31 34 34 38 38
3 8 8 8 9 9 15 15 15 15 19 19 19 22 22 22 22 22 31 31 35 35 38 38
4 4 4 4 4 4 15 15 15 15 19 19 19 22 22 22 22 22 31 31 35 35 38 38
4 4 4 4 4 4 15 15 15 15 19 19 19 23 23 23 30 30 30 30 35 35 38 38
5 5 5 5 5 5 16 16 16 16 16 20 20 23 23 23 30 30 30 30 36 36 36 36
6 6 6 6 6 6 16 16 16 16 16 20 20 24 24 24 24 24 24 33 36 36 36 36
6 6 6 6 6 6 16 16 16 16 16 20 20 24 24 24 24 24 24 33 36 36 36 36