14 24
1 1 5 10 10 10 10 21 21 21 27 27 33 33 40 40 40 49 49 49 49 59 61 61
1 1 5 11 11 14 17 17 17 17 27 27 33 33 41 41 41 41 51 54 54 59 61 61
1 1 5 11 11 14 18 18 18 18 27 27 34 36 36 36 46 46 51 54 54 60 62 62
2 2 6 11 11 14 18 18 18 18 28 28 34 36 36 36 46 46 51 54 54 60 62 62
2 2 6 12 12 12 19 19 24 24 28 28 34 37 37 44 46 46 51 54 54 60 62 62
2 2 6 12 12 12 19 19 24 24 29 32 34 37 37 44 46 46 52 52 52 52 62 62
2 2 6 12 12 12 19 19 24 24 29 32 34 37 37 44 46 46 52 52 52 52 63 63
2 2 6 13 13 13 20 20 25 25 30 32 34 38 38 44 47 47 47 47 56 56 63 63
3 3 6 13 13 13 20 20 25 25 30 32 35 38 38 45 45 45 53 55 56 56 63 63
3 3 7 7 7 7 20 20 25 25 30 32 35 38 38 45 45 45 53 55 57 57 63 63
3 3 8 8 8 15 15 22 22 22 30 32 35 39 42 42 48 50 53 55 57 57 64 64
4 4 8 8 8 15 15 23 23 26 31 31 35 39 43 43 48 50 53 55 57 57 64 64
4 4 9 9 9 15 15 23 23 26 31 31 35 39 43 43 48 50 53 55 58 58 64 64
4 4 9 9 9 16 16 23 23 26 31 31 35 39 43 43 48 50 53 55 58 58 64 64