14 24
1 1 1 1 12 12 12 19 22 22 22 22 22 22 40 40 40 40 52 52 54 54 54 61
2 6 6 6 12 12 12 19 23 25 25 25 25 25 25 44 44 44 52 52 54 54 54 61
2 7 7 7 13 14 14 19 23 26 26 26 26 26 26 44 44 44 52 52 54 54 54 61
2 7 7 7 13 14 14 19 24 27 27 34 36 36 36 36 36 36 52 52 54 54 54 61
2 7 7 7 13 15 15 20 24 27 27 34 37 37 41 41 45 45 45 45 55 55 55 55
3 3 3 3 3 15 15 20 24 27 27 34 37 37 41 41 46 46 46 46 56 56 58 62
3 3 3 3 3 15 15 20 24 28 31 31 37 37 41 41 47 51 51 51 56 56 58 62
4 4 4 10 10 10 10 10 10 28 31 31 38 38 38 38 47 51 51 51 56 56 58 62
4 4 4 11 11 16 16 16 16 28 32 32 32 32 42 42 47 51 51 51 56 56 59 62
4 4 4 11 11 16 16 16 16 28 33 33 33 39 42 42 48 48 48 48 48 48 59 62
5 8 8 8 8 8 17 17 17 17 33 33 33 39 42 42 49 49 53 53 53 57 59 62
5 8 8 8 8 8 18 18 18 29 29 29 29 39 43 43 49 49 53 53 53 57 60 60
5 8 8 8 8 8 18 18 18 30 30 30 30 39 43 43 50 50 50 50 50 57 60 60
5 9 9 9 9 9 9 21 21 21 21 35 35 35 43 43 50 50 50 50 50 57 60 60