17 17
1 1 1 1 1 1 18 18 18 27 27 27 27 27 43 43 43
1 1 1 1 1 1 18 18 18 28 32 32 32 32 43 43 43
2 2 8 8 8 8 18 18 18 28 32 32 32 32 43 43 43
2 2 8 8 8 8 19 22 22 28 33 33 38 40 44 44 44
2 2 9 12 12 12 19 22 22 28 33 33 38 40 45 45 45
2 2 9 12 12 12 19 22 22 29 29 35 38 40 45 45 45
3 6 6 12 12 12 19 23 23 23 23 35 38 40 45 45 45
3 6 6 12 12 12 20 20 20 20 20 35 38 41 45 45 45
4 6 6 13 13 13 20 20 20 20 20 35 38 41 46 46 48
4 7 7 14 14 14 21 24 24 30 30 30 30 41 46 46 48
4 7 7 15 15 15 21 24 24 31 31 31 39 41 46 46 48
4 7 7 15 15 15 21 24 24 31 31 31 39 41 46 46 48
4 7 7 15 15 15 21 24 24 31 31 31 39 41 47 47 47
4 7 7 16 16 17 17 17 26 26 26 26 26 26 47 47 47
5 5 10 10 10 10 10 25 25 25 34 36 36 42 42 42 42
5 5 10 10 10 10 10 25 25 25 34 36 36 42 42 42 42
5 5 11 11 11 11 11 11 11 11 34 37 37 37 37 37 37