17 17
1 1 1 1 1 1 1 28 28 28 28 28 28 49 49 49 49
2 2 8 14 17 22 22 22 33 34 34 34 34 34 34 34 59
2 2 8 14 17 22 22 22 33 35 35 42 42 50 54 56 59
3 5 9 14 17 22 22 22 33 36 36 36 36 50 54 56 59
3 5 9 14 17 23 23 29 33 36 36 36 36 50 54 56 59
4 5 9 14 18 18 18 29 33 37 37 43 43 50 54 56 59
4 5 9 14 19 19 25 30 30 37 37 43 43 50 54 56 59
4 6 10 14 20 20 25 30 30 37 37 44 44 44 44 44 44
4 6 10 14 20 20 26 30 30 37 37 45 45 45 45 45 60
4 7 10 15 20 20 26 31 31 31 31 31 31 51 51 57 60
4 7 10 15 20 20 26 32 32 38 38 38 47 51 51 57 60
4 7 11 15 20 20 26 32 32 39 41 46 47 52 55 57 60
4 7 11 15 21 21 26 32 32 39 41 46 48 52 55 57 60
4 7 11 16 16 16 27 27 27 39 41 46 48 52 55 58 58
4 7 11 16 16 16 27 27 27 40 40 46 48 53 55 58 58
4 7 12 12 12 24 24 24 24 40 40 46 48 53 55 58 58
4 7 13 13 13 13 13 13 13 40 40 46 48 53 55 58 58