17 17
1 5 5 13 17 17 25 28 28 28 28 28 28 54 60 60 66
1 5 5 13 17 17 25 29 34 39 39 39 39 54 60 60 66
1 6 10 13 17 17 25 29 34 40 44 44 44 44 60 60 66
1 6 10 13 18 18 25 29 34 40 45 45 52 55 55 55 66
1 6 10 14 14 21 25 29 34 40 45 45 52 55 55 55 66
1 6 11 11 19 21 25 29 34 40 45 45 52 56 61 61 66
2 2 2 15 19 21 26 30 30 40 46 46 52 56 61 61 67
2 2 2 15 19 21 26 30 30 41 46 46 52 56 62 63 67
3 7 7 15 19 22 22 31 31 41 47 47 52 56 62 63 67
3 7 7 15 20 20 27 27 35 35 35 50 50 56 62 63 67
3 7 7 16 16 16 16 32 36 42 42 50 50 56 62 64 64
3 8 8 8 8 23 23 32 36 43 43 43 53 53 62 64 64
3 9 9 9 9 9 9 32 37 37 48 48 53 53 62 64 64
3 9 9 9 9 9 9 33 37 37 49 49 49 57 57 64 64
4 4 12 12 12 24 24 33 38 38 38 51 51 57 57 65 65
4 4 12 12 12 24 24 33 38 38 38 51 51 58 58 65 65
4 4 12 12 12 24 24 33 38 38 38 51 51 59 59 59 59