17 17
1 1 1 13 13 19 19 27 27 34 40 40 46 51 51 56 56
1 1 1 13 13 19 19 27 27 34 40 40 46 51 51 56 56
1 1 1 14 14 19 19 27 27 35 40 40 46 51 51 57 59
2 7 7 15 15 19 19 28 28 35 40 40 46 51 51 57 59
2 7 7 15 15 20 24 24 24 35 41 41 47 47 47 57 59
2 7 7 15 15 20 24 24 24 35 41 41 47 47 47 57 59
2 7 7 16 16 21 24 24 24 36 36 36 36 52 52 57 60
2 8 11 11 17 21 25 25 32 32 32 32 48 52 52 58 60
2 8 11 11 17 21 26 26 26 37 37 37 48 52 52 58 60
2 9 11 11 17 21 26 26 26 37 37 37 49 49 54 54 60
2 9 11 11 18 18 18 18 33 33 33 33 49 49 55 55 60
3 10 10 10 10 22 22 29 29 38 42 42 50 50 55 55 60
3 10 10 10 10 22 22 30 30 38 42 42 50 50 55 55 60
4 4 12 12 12 12 12 30 30 38 43 43 43 43 55 55 60
5 5 12 12 12 12 12 31 31 39 43 43 43 43 55 55 60
5 5 12 12 12 12 12 31 31 39 44 44 44 44 44 44 60
6 6 6 6 6 23 23 23 23 23 23 45 45 53 53 53 60