17 17
1 1 1 16 23 23 23 23 40 46 55 55 63 63 72 78 78
1 1 1 16 23 23 23 23 40 46 55 55 63 63 72 78 78
2 2 10 10 10 29 29 29 40 46 55 55 64 64 64 78 78
3 3 11 11 11 11 33 37 40 47 56 60 60 60 60 79 79
4 4 4 17 17 17 33 37 41 47 56 61 61 68 73 79 79
4 4 4 18 24 24 33 38 41 48 56 61 61 68 73 79 79
5 5 12 18 24 24 33 38 42 48 56 61 61 69 74 80 80
5 5 12 18 24 24 34 34 42 49 49 61 61 69 74 80 80
6 6 12 18 25 25 35 35 42 50 50 50 65 65 74 81 81
7 7 12 19 26 26 36 36 42 51 57 57 66 66 74 82 82
7 7 13 19 27 27 27 27 43 51 58 58 58 58 75 75 75
8 8 13 20 20 20 20 39 43 52 52 62 62 70 75 75 75
8 8 14 20 20 20 20 39 44 52 52 62 62 70 76 76 76
8 8 14 21 21 30 30 39 44 53 53 62 62 70 77 83 83
9 9 15 22 28 31 31 39 45 54 59 59 67 70 77 84 84
9 9 15 22 28 32 32 32 45 54 59 59 67 71 77 84 84
9 9 15 22 28 32 32 32 45 54 59 59 67 71 77 84 84