14 24
1 1 1 1 1 1 1 1 20 20 20 20 27 27 27 27 27 27 27 27 45 45 45 45
2 2 2 2 2 2 2 2 2 2 2 2 28 28 30 30 30 30 30 30 45 45 45 45
3 5 5 5 5 5 5 15 15 21 21 25 28 28 31 35 35 38 39 39 39 39 39 49
3 5 5 5 5 5 5 15 15 21 21 25 29 29 31 35 35 38 39 39 39 39 39 49
3 6 8 11 11 13 13 15 15 22 22 25 29 29 31 35 35 38 40 40 46 46 48 49
3 6 8 11 11 13 13 15 15 22 22 25 29 29 31 35 35 38 40 40 46 46 48 49
3 7 8 11 11 13 13 16 16 22 22 26 26 26 31 35 35 38 40 40 46 46 48 50
3 7 8 11 11 13 13 16 16 22 22 26 26 26 32 32 32 32 32 32 46 46 48 50
4 7 9 9 9 14 14 14 14 22 22 26 26 26 33 33 36 36 41 41 47 47 47 50
4 7 9 9 9 14 14 14 14 22 22 26 26 26 33 33 36 36 41 41 47 47 47 50
4 7 10 10 12 12 12 17 17 17 17 26 26 26 33 33 36 36 42 42 42 42 42 50
4 7 10 10 12 12 12 18 18 18 23 23 23 23 33 33 37 37 42 42 42 42 42 50
4 7 10 10 12 12 12 18 18 18 24 24 24 24 33 33 37 37 43 43 43 43 43 43
4 7 10 10 12 12 12 19 19 19 24 24 24 24 34 34 34 34 44 44 44 44 44 44