14 24
1 1 1 1 1 14 14 18 22 22 22 22 22 22 40 40 40 40 40 40 40 40 40 40
1 1 1 1 1 14 14 18 23 23 29 29 34 34 41 41 41 41 53 53 53 53 61 61
2 5 5 5 5 14 14 18 24 24 29 29 34 34 42 42 46 46 46 46 56 56 61 61
2 6 8 8 8 14 14 18 24 24 29 29 34 34 42 42 47 47 47 47 56 56 61 61
2 6 8 8 8 15 15 15 15 15 15 33 34 34 42 42 48 50 50 54 54 54 61 61
2 6 8 8 8 16 16 16 16 16 16 33 34 34 42 42 48 50 50 54 54 54 61 61
2 7 7 7 13 13 17 19 19 26 26 26 26 38 38 44 48 51 51 51 57 60 60 62
2 7 7 7 13 13 17 19 19 27 30 30 30 38 38 44 48 51 51 51 57 60 60 62
3 3 9 9 9 9 17 19 19 27 31 31 31 38 38 45 45 45 45 55 57 60 60 62
3 3 9 9 9 9 17 20 20 27 31 31 31 39 39 39 39 39 39 55 58 60 60 62
4 4 4 10 10 10 10 10 10 28 32 32 35 35 43 43 49 52 52 55 58 60 60 62
4 4 4 11 11 11 11 21 25 28 32 32 35 35 43 43 49 52 52 55 59 59 59 59
4 4 4 12 12 12 12 21 25 28 32 32 36 36 36 36 49 52 52 55 59 59 59 59
4 4 4 12 12 12 12 21 25 28 32 32 37 37 37 37 37 52 52 55 59 59 59 59