14 24
1 5 5 5 12 12 12 20 20 20 20 32 32 32 32 32 32 48 48 51 51 51 51 63
1 5 5 5 13 13 13 21 25 25 25 25 35 35 35 43 43 48 48 52 52 52 60 63
1 6 6 6 13 13 13 21 25 25 25 25 35 35 35 43 43 48 48 52 52 52 60 63
1 6 6 6 14 15 15 21 26 27 31 31 36 36 36 43 43 48 48 52 52 52 61 63
1 7 7 7 14 15 15 21 26 27 31 31 37 39 41 41 46 48 48 53 53 57 61 63
1 7 7 7 14 16 16 21 26 28 28 28 37 39 41 41 46 48 48 53 53 57 61 63
1 7 7 7 14 17 17 21 26 28 28 28 37 39 41 41 47 47 47 53 53 57 61 64
1 8 8 8 8 17 17 22 22 22 22 22 22 39 42 44 44 49 49 54 54 54 54 64
1 9 9 9 9 17 17 23 23 23 23 33 33 33 42 44 44 49 49 55 55 58 58 64
2 2 2 10 10 17 17 23 23 23 23 33 33 33 42 44 44 49 49 55 55 58 58 64
2 2 2 10 10 18 18 24 24 29 29 34 34 40 40 44 44 50 50 55 55 59 59 64
3 3 3 10 10 18 18 24 24 30 30 30 38 40 40 44 44 50 50 55 55 59 59 64
3 3 3 11 11 18 18 24 24 30 30 30 38 40 40 45 45 45 45 56 56 56 62 62
4 4 4 4 4 4 19 19 19 19 19 19 38 40 40 45 45 45 45 56 56 56 62 62