14 24
1 1 1 1 8 8 8 11 11 11 17 17 17 17 22 22 22 22 22 22 22 22 22 36
2 2 2 2 8 8 8 11 11 11 17 17 17 17 23 25 25 25 25 25 31 31 31 36
2 2 2 2 9 9 9 11 11 11 17 17 17 17 23 25 25 25 25 25 31 31 31 36
2 2 2 2 9 9 9 12 12 12 12 19 19 19 23 26 26 26 26 26 32 32 32 36
2 2 2 2 9 9 9 13 13 13 13 19 19 19 23 26 26 26 26 26 32 32 32 36
3 3 5 5 9 9 9 13 13 13 13 19 19 19 23 26 26 26 26 26 33 33 33 33
3 3 5 5 9 9 9 13 13 13 13 20 20 20 23 26 26 26 26 26 33 33 33 33
3 3 5 5 9 9 9 13 13 13 13 20 20 20 24 26 26 26 26 26 33 33 33 33
3 3 6 6 9 9 9 14 14 14 14 20 20 20 24 27 27 27 28 28 28 28 35 35
3 3 6 6 9 9 9 15 15 15 15 15 15 15 15 27 27 27 28 28 28 28 35 35
4 4 6 6 9 9 9 15 15 15 15 15 15 15 15 27 27 27 29 29 29 34 34 34
4 4 6 6 10 10 10 10 10 10 18 18 21 21 21 27 27 27 30 30 30 34 34 34
4 4 7 7 7 7 7 7 16 16 18 18 21 21 21 27 27 27 30 30 30 34 34 34
4 4 7 7 7 7 7 7 16 16 18 18 21 21 21 27 27 27 30 30 30 34 34 34