14 24
1 1 7 8 8 8 8 8 8 20 22 22 22 22 22 32 35 35 35 43 46 46 50 53
1 1 7 8 8 8 8 8 8 20 22 22 22 22 22 32 35 35 35 43 46 46 50 53
2 3 3 3 9 14 14 14 14 20 23 23 23 23 23 33 36 40 42 43 47 49 50 53
2 3 3 3 9 14 14 14 14 20 23 23 23 23 23 33 36 40 42 43 47 49 50 53
2 4 4 4 9 15 15 15 15 15 15 25 25 25 30 33 37 37 37 43 47 49 50 53
2 4 4 4 9 15 15 15 15 15 15 25 25 25 30 33 37 37 37 43 47 49 50 53
2 4 4 4 10 10 17 17 18 18 18 18 26 26 26 33 38 41 41 44 47 49 51 53
2 4 4 4 10 10 17 17 18 18 18 18 26 26 26 33 38 41 41 44 47 49 51 53
2 5 5 5 11 16 16 16 16 21 21 21 27 27 27 33 39 41 41 44 48 49 51 53
2 5 5 5 11 16 16 16 16 21 21 21 27 27 27 33 39 41 41 44 48 49 51 53
2 6 6 6 12 12 12 12 12 12 24 24 24 24 31 34 39 41 41 44 48 49 52 53
2 6 6 6 12 12 12 12 12 12 24 24 24 24 31 34 39 41 41 44 48 49 52 53
2 6 6 6 13 13 13 13 19 19 19 19 28 29 29 29 29 29 29 45 45 49 52 54
2 6 6 6 13 13 13 13 19 19 19 19 28 29 29 29 29 29 29 45 45 49 52 54