14 24
1 6 6 6 6 6 10 10 10 13 13 16 16 16 16 16 21 22 22 22 25 25 25 25
1 6 6 6 6 6 10 10 10 13 13 16 16 16 16 16 21 22 22 22 25 25 25 25
1 6 6 6 6 6 10 10 10 13 13 16 16 16 16 16 21 22 22 22 25 25 25 25
1 6 6 6 6 6 10 10 10 14 14 14 14 14 14 14 14 22 22 22 25 25 25 25
2 2 2 2 2 7 7 7 7 14 14 14 14 14 14 14 14 22 22 22 25 25 25 25
2 2 2 2 2 7 7 7 7 15 15 15 15 15 15 15 15 22 22 22 26 26 27 27
2 2 2 2 2 8 8 8 8 8 8 17 17 17 17 17 17 22 22 22 26 26 27 27
2 2 2 2 2 8 8 8 8 8 8 17 17 17 17 17 17 23 23 23 26 26 27 27
3 3 3 3 3 3 11 11 12 12 12 17 17 17 17 17 17 23 23 23 26 26 27 27
3 3 3 3 3 3 11 11 12 12 12 18 18 18 18 18 18 23 23 23 26 26 27 27
3 3 3 3 3 3 11 11 12 12 12 18 18 18 18 18 18 23 23 23 26 26 28 28
4 4 4 4 4 4 11 11 12 12 12 19 19 19 19 19 19 19 24 24 24 24 28 28
5 5 5 5 5 9 9 9 12 12 12 20 20 20 20 20 20 20 24 24 24 24 28 28
5 5 5 5 5 9 9 9 12 12 12 20 20 20 20 20 20 20 24 24 24 24 28 28