17 17
1 7 7 7 7 24 24 24 24 39 39 39 50 50 50 50 50
1 8 8 8 21 21 21 30 34 39 39 39 51 57 57 57 57
1 8 8 8 21 21 21 30 34 40 40 40 51 58 58 64 64
2 8 8 8 22 22 26 30 34 40 40 40 52 52 59 64 64
2 9 9 16 16 16 26 30 34 41 41 41 52 52 59 64 64
2 9 9 16 16 16 27 27 27 42 42 42 52 52 59 64 64
2 10 11 17 17 17 17 17 17 17 17 48 53 53 59 64 64
3 10 11 18 18 18 28 28 35 35 45 48 54 54 54 65 65
3 10 11 18 18 18 28 28 35 35 45 48 55 55 60 60 60
4 10 12 12 23 25 29 31 36 36 45 49 55 55 61 66 66
4 10 12 12 23 25 29 31 37 37 45 49 55 55 61 66 66
4 10 12 12 23 25 29 32 37 37 45 49 56 56 56 56 67
5 10 13 13 13 25 29 32 38 43 45 49 56 56 56 56 67
5 10 14 19 19 19 19 32 38 43 46 46 46 46 62 62 67
6 6 14 20 20 20 20 32 38 43 47 47 47 47 62 62 68
6 6 14 20 20 20 20 33 38 44 47 47 47 47 62 62 68
6 6 15 15 15 15 15 33 38 44 47 47 47 47 63 63 63