17 17
1 1 1 1 1 1 23 26 26 32 36 40 40 40 40 40 54
1 1 1 1 1 1 23 26 26 32 36 40 40 40 40 40 54
2 2 2 2 19 19 23 26 26 32 37 37 37 37 37 37 54
3 3 3 3 19 19 23 27 30 30 30 30 45 45 50 50 54
4 8 13 13 13 13 23 27 31 33 33 33 33 48 48 48 54
4 8 13 13 13 13 23 27 31 33 33 33 33 48 48 48 54
4 8 13 13 13 13 24 24 24 24 24 41 46 46 46 52 55
5 8 14 14 14 14 24 24 24 24 24 41 46 46 46 52 55
5 9 15 15 15 21 24 24 24 24 24 41 47 47 47 52 55
6 9 16 16 16 21 24 24 24 24 24 42 42 42 42 52 56
6 9 16 16 16 21 24 24 24 24 24 42 42 42 42 53 56
7 9 16 16 16 21 25 25 25 25 25 25 25 25 25 53 57
7 9 17 17 17 17 17 28 28 34 34 43 43 43 51 53 57
7 9 18 18 20 22 22 22 22 34 34 44 44 49 51 53 57
7 10 10 10 20 22 22 22 22 34 34 44 44 49 51 53 57
7 11 11 11 11 11 11 29 29 35 38 38 38 38 51 53 57
7 12 12 12 12 12 12 29 29 35 39 39 39 39 39 39 57