17 17
1 4 4 9 9 9 9 9 15 15 15 20 22 22 22 22 25
1 4 4 9 9 9 9 9 16 16 16 20 22 22 22 22 25
1 4 4 9 9 9 9 9 16 16 16 20 23 23 23 23 25
1 4 4 10 10 10 10 10 16 16 16 20 23 23 23 23 25
1 5 5 11 11 11 11 11 16 16 16 20 23 23 23 23 25
1 5 5 11 11 11 11 11 16 16 16 20 23 23 23 23 25
1 5 5 11 11 11 11 11 16 16 16 20 23 23 23 23 25
1 5 5 11 11 11 11 11 16 16 16 20 23 23 23 23 25
2 2 2 2 2 2 13 13 16 16 16 21 23 23 23 23 26
2 2 2 2 2 2 13 13 16 16 16 21 24 24 24 24 26
2 2 2 2 2 2 13 13 16 16 16 21 24 24 24 24 26
3 6 6 6 12 12 13 13 17 17 17 17 24 24 24 24 26
3 6 6 6 12 12 13 13 17 17 17 17 24 24 24 24 26
3 7 7 7 12 12 13 13 18 18 19 19 19 19 19 19 26
3 7 7 7 12 12 13 13 18 18 19 19 19 19 19 19 26
3 7 7 7 12 12 13 13 18 18 19 19 19 19 19 19 26
3 8 8 8 8 8 8 14 14 14 14 14 14 14 14 14 14