17 17
1 1 10 15 15 20 20 20 20 20 20 46 46 46 46 46 46
1 1 10 15 15 21 21 21 36 36 36 36 48 48 48 48 48
1 1 10 16 16 16 27 27 27 27 42 42 49 49 49 59 62
1 1 10 16 16 16 28 28 28 28 43 43 49 49 49 59 62
2 6 6 6 6 6 6 33 33 33 43 43 50 53 53 59 62
2 7 7 7 7 7 29 29 29 29 43 43 50 53 53 60 62
2 8 8 8 17 22 29 29 29 29 44 44 50 54 54 60 63
2 8 8 8 17 22 30 30 37 37 37 37 50 55 57 57 63
3 3 11 11 17 22 30 30 38 38 38 38 50 55 57 57 63
3 3 11 11 17 22 30 30 39 39 39 39 50 55 57 57 63
3 3 12 12 18 23 23 23 23 23 23 47 47 55 57 57 64
4 4 13 13 18 24 24 34 34 40 40 47 47 56 56 56 64
4 4 13 13 18 25 25 34 34 41 41 41 51 51 51 51 64
5 9 13 13 18 25 25 34 34 41 41 41 52 52 52 61 61
5 9 13 13 19 25 25 35 35 35 35 35 35 35 35 61 61
5 9 14 14 19 26 31 31 31 31 31 31 31 31 58 58 58
5 9 14 14 19 26 32 32 32 32 45 45 45 45 58 58 58