17 17
1 1 1 1 1 1 1 15 15 20 20 20 20 20 20 20 20
1 1 1 1 1 1 1 15 15 21 21 21 25 25 27 27 27
2 2 2 2 9 9 9 16 16 21 21 21 25 25 27 27 27
2 2 2 2 9 9 9 16 16 21 21 21 26 26 26 26 31
2 2 2 2 10 10 10 16 16 21 21 21 26 26 26 26 31
3 3 3 3 10 10 10 16 16 21 21 21 26 26 26 26 31
4 4 7 7 7 7 12 16 16 22 22 22 22 22 28 28 31
4 4 7 7 7 7 12 16 16 22 22 22 22 22 28 28 31
4 4 8 8 8 8 12 17 17 17 17 17 17 17 28 28 31
4 4 8 8 8 8 12 17 17 17 17 17 17 17 28 28 32
4 4 8 8 8 8 12 18 18 18 18 18 18 18 28 28 32
4 4 8 8 8 8 12 18 18 18 18 18 18 18 28 28 32
5 6 6 6 11 11 13 13 13 13 13 23 23 23 23 30 32
5 6 6 6 11 11 13 13 13 13 13 23 23 23 23 30 32
5 6 6 6 11 11 13 13 13 13 13 24 24 24 29 29 32
5 6 6 6 11 11 14 14 19 19 19 24 24 24 29 29 32
5 6 6 6 11 11 14 14 19 19 19 24 24 24 29 29 32