14 24
1 1 1 1 1 1 1 1 1 24 24 24 24 24 33 33 38 41 41 48 48 48 48 56
2 2 2 2 2 2 19 19 19 24 24 24 24 24 33 33 38 41 41 48 48 48 48 56
3 7 7 7 7 7 19 19 19 24 24 24 24 24 33 33 38 42 42 48 48 48 48 56
3 8 8 12 12 12 12 12 12 12 12 29 29 29 34 34 34 34 34 34 34 34 53 53
4 8 8 13 13 13 20 20 20 25 25 29 29 29 35 35 35 43 43 43 43 51 53 53
4 9 9 13 13 13 21 21 21 25 25 30 30 30 35 35 35 44 44 44 44 51 53 53
4 9 9 13 13 13 21 21 21 25 25 30 30 30 35 35 35 44 44 44 44 51 53 53
4 9 9 13 13 13 21 21 21 25 25 30 30 30 36 36 39 39 39 49 49 51 53 53
5 5 10 10 10 16 16 16 16 26 26 26 26 31 36 36 39 39 39 49 49 52 53 53
5 5 11 14 14 14 14 14 23 23 28 28 28 31 36 36 40 40 45 49 49 52 54 54
5 5 11 14 14 14 14 14 23 23 28 28 28 32 37 37 40 40 45 50 50 50 54 54
6 6 6 15 15 17 17 22 23 23 28 28 28 32 37 37 40 40 45 50 50 50 55 55
6 6 6 15 15 17 17 22 23 23 28 28 28 32 37 37 40 40 46 46 46 46 55 55
6 6 6 15 15 18 18 18 18 27 27 27 27 32 37 37 40 40 47 47 47 47 47 47