14 24
1 1 1 1 1 1 1 1 1 1 28 28 28 28 39 39 39 39 39 39 55 55 55 55
2 2 2 2 2 17 17 17 17 17 17 33 33 33 33 33 33 46 46 46 46 56 56 62
3 3 3 3 12 12 12 12 12 27 27 27 35 35 35 41 41 41 41 51 51 56 56 62
3 3 3 3 13 13 18 18 18 18 29 29 29 29 40 40 43 47 50 51 51 57 57 62
4 7 7 7 13 13 19 19 19 19 29 29 29 29 40 40 43 47 50 51 51 57 57 62
4 8 8 10 10 10 20 20 25 25 25 25 36 37 37 37 43 47 50 51 51 57 57 62
4 8 8 10 10 10 20 20 25 25 25 25 36 37 37 37 44 47 50 51 51 57 57 62
4 9 9 11 14 14 20 20 26 26 30 30 30 38 38 42 44 47 50 52 52 52 60 60
4 9 9 11 14 14 20 20 26 26 30 30 30 38 38 42 44 47 50 53 53 58 60 60
4 9 9 11 15 15 15 22 22 22 30 30 30 38 38 42 44 48 50 53 53 58 60 60
5 5 5 5 15 15 15 23 23 23 23 23 23 38 38 42 45 48 50 53 53 59 59 59
5 5 5 5 15 15 15 24 24 24 24 34 34 34 34 34 45 48 50 54 54 54 61 61
5 5 5 5 16 16 16 16 16 16 31 31 31 31 31 31 45 48 50 54 54 54 61 61
6 6 6 6 6 6 21 21 21 21 32 32 32 32 32 32 45 49 49 54 54 54 61 61