14 24
1 1 1 1 1 1 17 17 17 25 28 28 28 28 39 39 39 39 39 39 55 55 55 61
2 2 2 11 11 16 17 17 17 25 29 29 29 29 29 29 44 44 44 44 55 55 55 61
2 2 2 11 11 16 18 21 21 25 30 30 34 34 34 34 44 44 44 44 55 55 55 61
3 3 9 11 11 16 18 21 21 25 30 30 34 34 34 34 45 48 48 52 52 52 52 61
3 3 9 11 11 16 18 21 21 26 30 30 35 35 40 40 45 48 48 53 53 58 58 61
3 3 9 12 12 12 18 21 21 26 31 31 35 35 40 40 45 48 48 53 53 58 58 61
3 3 10 10 13 13 13 13 13 13 31 31 35 35 40 40 45 49 50 53 53 58 58 62
4 4 4 4 14 14 14 14 24 24 31 31 36 36 36 36 36 49 50 54 56 56 59 62
4 4 4 4 15 15 15 22 24 24 32 32 37 37 37 37 37 49 50 54 56 56 59 62
4 4 4 4 15 15 15 22 24 24 32 32 37 37 37 37 37 49 50 54 56 56 59 62
5 7 7 7 7 7 19 23 23 27 32 32 38 38 41 41 46 46 46 54 57 57 57 62
5 7 7 7 7 7 19 23 23 27 32 32 38 38 41 41 47 47 47 47 57 57 57 62
5 8 8 8 8 8 8 23 23 27 33 33 33 33 42 42 42 42 51 51 51 51 51 51
6 6 6 6 6 6 20 20 20 20 33 33 33 33 43 43 43 43 43 43 43 43 60 60