14 24
1 4 4 4 4 4 4 4 4 4 13 13 13 14 14 14 20 20 20 20 20 20 20 20
1 5 5 9 9 9 9 11 11 11 13 13 13 14 14 14 21 21 21 21 23 23 23 23
1 5 5 9 9 9 9 11 11 11 13 13 13 14 14 14 21 21 21 21 23 23 23 23
1 6 6 6 6 6 6 11 11 11 13 13 13 14 14 14 21 21 21 21 23 23 23 23
1 6 6 6 6 6 6 11 11 11 13 13 13 15 16 16 16 16 22 22 22 22 25 26
1 6 6 6 6 6 6 11 11 11 13 13 13 15 16 16 16 16 22 22 22 22 25 26
1 6 6 6 6 6 6 11 11 11 13 13 13 15 16 16 16 16 22 22 22 22 25 26
1 7 7 7 7 7 7 11 11 11 13 13 13 15 17 17 17 17 17 17 17 24 25 26
2 2 8 8 8 8 8 8 8 8 8 8 8 15 17 17 17 17 17 17 17 24 25 26
2 2 8 8 8 8 8 8 8 8 8 8 8 15 17 17 17 17 17 17 17 24 25 26
2 2 8 8 8 8 8 8 8 8 8 8 8 15 17 17 17 17 17 17 17 24 25 26
3 3 3 3 10 10 10 10 12 12 12 12 12 15 17 17 17 17 17 17 17 24 25 26
3 3 3 3 10 10 10 10 12 12 12 12 12 15 18 18 18 18 18 18 18 18 25 26
3 3 3 3 10 10 10 10 12 12 12 12 12 15 19 19 19 19 19 19 19 19 25 26