14 24
1 3 7 10 10 10 10 19 20 22 24 25 25 29 31 31 31 31 40 43 43 43 50 51
1 3 7 10 10 10 10 19 20 22 24 25 25 29 31 31 31 31 40 43 43 43 50 51
1 3 7 11 12 12 12 19 20 22 24 25 25 29 32 32 32 32 41 43 43 43 50 51
1 3 7 11 12 12 12 19 20 22 24 25 25 29 32 32 32 32 41 43 43 43 50 51
1 4 7 11 13 15 17 19 20 22 24 26 26 29 33 33 33 33 41 44 45 45 50 51
1 4 7 11 13 15 17 19 20 22 24 26 26 29 33 33 33 33 41 44 45 45 50 51
2 4 8 8 8 15 17 19 21 23 24 26 26 29 34 34 34 37 42 44 45 45 50 51
2 4 8 8 8 15 17 19 21 23 24 26 26 29 34 34 34 37 42 44 45 45 50 51
2 4 9 9 9 16 16 16 21 23 24 27 27 29 34 34 34 38 38 44 46 46 50 52
2 4 9 9 9 16 16 16 21 23 24 27 27 29 34 34 34 38 38 44 46 46 50 52
2 5 9 9 9 16 16 16 21 23 24 27 27 30 35 36 36 36 36 44 47 48 48 52
2 5 9 9 9 16 16 16 21 23 24 27 27 30 35 36 36 36 36 44 47 48 48 52
2 6 6 6 14 14 18 18 18 18 18 28 28 28 28 28 28 39 39 44 47 49 49 53
2 6 6 6 14 14 18 18 18 18 18 28 28 28 28 28 28 39 39 44 47 49 49 53