17 17
1 1 1 1 1 1 26 30 30 30 30 30 30 30 30 64 64
2 5 5 5 16 23 26 31 31 40 40 48 54 58 58 64 64
2 5 5 5 16 23 26 31 31 40 40 48 54 58 58 64 64
2 5 5 5 16 23 27 32 35 35 35 35 54 58 58 65 68
2 6 6 13 16 23 27 32 36 36 36 49 49 49 49 65 68
3 6 6 13 17 17 28 32 37 37 44 44 44 44 61 65 68
3 7 10 13 18 18 28 32 37 37 45 50 55 55 61 65 68
3 7 10 13 18 18 28 32 38 38 45 50 55 55 62 66 68
3 7 10 14 18 18 28 32 38 38 45 51 55 55 62 66 68
3 8 10 14 19 19 28 33 39 41 45 51 56 59 62 67 69
3 8 11 14 20 24 24 33 39 41 46 46 56 59 62 67 69
3 9 11 14 20 24 24 33 39 41 46 46 56 59 63 63 69
3 9 11 15 15 25 25 33 39 41 47 47 57 59 63 63 69
3 9 11 15 15 25 25 33 39 41 47 47 57 59 63 63 69
3 9 12 12 21 21 21 21 39 42 42 52 57 59 63 63 69
4 4 12 12 22 22 29 34 34 42 42 52 57 60 60 60 60
4 4 12 12 22 22 29 34 34 43 43 53 53 53 53 53 53