17 17
1 1 1 9 9 9 9 9 9 19 19 19 19 19 19 19 19
1 1 1 10 10 10 10 10 10 10 10 10 28 28 32 32 32
1 1 1 10 10 10 10 10 10 10 10 10 28 28 32 32 32
1 1 1 11 11 12 12 14 14 14 14 26 28 28 32 32 32
1 1 1 11 11 12 12 14 14 14 14 26 28 28 32 32 32
2 4 4 11 11 13 13 14 14 14 14 27 27 27 27 33 33
2 5 5 5 5 13 13 15 15 20 20 20 20 20 20 33 33
2 5 5 5 5 13 13 15 15 20 20 20 20 20 20 33 33
2 5 5 5 5 13 13 15 15 21 24 24 24 29 29 29 29
2 5 5 5 5 13 13 16 16 21 24 24 24 30 30 34 34
2 5 5 5 5 13 13 16 16 21 24 24 24 30 30 34 34
3 3 6 6 6 13 13 16 16 21 24 24 24 30 30 34 34
3 3 7 7 7 13 13 16 16 22 22 22 22 30 30 34 34
3 3 7 7 7 13 13 17 17 22 22 22 22 30 30 34 34
3 3 7 7 7 13 13 18 18 22 22 22 22 31 31 34 34
3 3 8 8 8 13 13 18 18 23 25 25 25 31 31 34 34
3 3 8 8 8 13 13 18 18 23 25 25 25 31 31 34 34