17 17
1 5 5 11 11 18 22 22 28 28 28 36 36 36 36 43 43
1 5 5 11 11 18 22 22 28 28 28 36 36 36 36 43 43
1 5 5 11 11 18 23 23 23 30 30 30 30 39 39 43 43
1 5 5 11 11 18 23 23 23 30 30 30 30 39 39 43 43
1 5 5 12 12 12 24 24 24 24 34 34 34 39 39 44 44
1 6 6 12 12 12 24 24 24 24 34 34 34 39 39 44 44
2 6 6 13 15 15 15 15 15 15 35 35 35 35 42 44 44
2 7 7 13 16 19 19 19 19 31 31 31 31 40 42 45 45
2 7 7 13 16 20 20 25 25 25 25 25 25 40 42 45 45
2 7 7 13 16 20 20 26 26 32 32 32 32 40 42 46 46
2 8 8 8 17 17 17 26 26 32 32 32 32 40 42 46 46
2 8 8 8 17 17 17 27 27 27 27 37 37 37 42 46 46
2 9 9 9 9 9 9 27 27 27 27 37 37 37 42 46 46
2 10 10 10 10 10 10 10 10 10 10 37 37 37 42 47 47
3 3 3 14 14 14 14 14 29 29 29 38 38 38 38 47 47
3 3 3 14 14 14 14 14 29 29 29 38 38 38 38 48 48
4 4 4 4 4 21 21 21 21 33 33 33 33 41 41 41 41