17 17
1 1 1 1 1 1 1 1 23 23 23 23 34 38 38 38 38
2 2 2 2 2 2 2 20 23 23 23 23 34 38 38 38 38
2 2 2 2 2 2 2 20 24 24 24 24 34 38 38 38 38
3 3 8 8 8 16 16 20 24 24 24 24 35 35 35 42 42
3 3 8 8 8 16 16 20 24 24 24 24 35 35 35 42 42
4 5 5 5 14 16 16 20 25 26 26 33 33 33 33 42 42
4 6 9 9 14 16 16 20 25 27 31 31 31 39 39 42 42
4 6 9 9 14 17 17 17 25 27 31 31 31 39 39 43 43
4 6 10 10 14 17 17 17 25 27 32 32 32 39 39 43 43
4 6 10 10 15 15 15 21 21 27 32 32 32 39 39 43 43
4 6 10 10 15 15 15 22 22 28 28 28 28 28 28 28 28
4 6 11 11 11 18 18 22 22 29 29 29 29 40 40 44 44
4 6 12 12 12 18 18 22 22 30 30 30 36 36 36 44 44
4 6 12 12 12 18 18 22 22 30 30 30 36 36 36 44 44
4 7 7 13 13 18 18 22 22 30 30 30 36 36 36 44 44
4 7 7 13 13 19 19 19 19 30 30 30 37 37 41 41 41
4 7 7 13 13 19 19 19 19 30 30 30 37 37 41 41 41