17 17
1 1 1 13 13 13 13 13 13 34 34 34 34 34 34 34 34
1 1 1 14 14 19 19 19 19 35 35 35 35 35 48 53 53
2 2 2 14 14 20 24 24 24 35 35 35 35 35 48 53 53
2 2 2 15 18 20 25 27 27 27 27 40 40 45 49 53 53
2 2 2 15 18 20 25 28 28 28 28 40 40 45 49 54 54
3 7 7 15 18 20 25 28 28 28 28 40 40 45 49 54 54
3 7 7 15 18 21 25 29 29 29 29 40 40 45 49 54 54
3 8 8 8 18 21 26 26 26 26 38 40 40 45 50 50 50
3 9 9 9 18 22 22 22 22 36 38 40 40 46 50 50 50
3 10 10 10 10 10 10 30 30 36 38 41 41 46 50 50 50
3 10 10 10 10 10 10 31 31 36 38 41 41 46 51 51 56
4 4 4 16 16 23 23 31 31 36 38 41 41 46 51 51 56
4 4 4 16 16 23 23 31 31 36 38 42 42 46 51 51 56
5 5 11 11 11 23 23 32 33 36 39 42 42 47 47 47 47
5 5 12 17 17 23 23 32 33 36 39 43 43 43 52 52 52
5 5 12 17 17 23 23 32 33 36 39 44 44 44 44 55 55
6 6 6 6 6 23 23 32 33 37 37 37 37 37 37 55 55