14 24
1 1 1 9 9 9 9 9 19 19 19 24 24 24 24 24 36 36 36 36 36 48 48 48
1 1 1 10 10 10 10 10 19 19 19 24 24 24 24 24 37 37 37 37 37 37 51 51
1 1 1 10 10 10 10 10 19 19 19 25 28 28 28 28 28 40 43 43 43 49 51 51
2 2 6 6 11 11 15 15 19 19 19 25 28 28 28 28 28 40 43 43 43 49 51 51
2 2 6 6 11 11 15 15 20 20 20 25 29 32 32 32 32 40 43 43 43 49 51 51
2 2 6 6 11 11 15 15 21 23 23 25 29 32 32 32 32 40 43 43 43 49 51 51
2 2 6 6 12 13 15 15 21 23 23 26 29 33 34 34 38 38 38 46 47 47 47 47
3 3 6 6 12 13 16 16 21 23 23 26 29 33 34 34 38 38 38 46 47 47 47 47
3 3 6 6 12 13 16 16 21 23 23 26 29 33 34 34 38 38 38 46 47 47 47 47
3 3 7 7 7 7 16 16 22 22 22 22 29 33 35 35 35 41 41 41 41 50 52 52
4 4 8 8 8 14 16 16 22 22 22 22 30 30 30 30 30 42 44 44 44 50 52 52
5 5 8 8 8 14 17 17 17 17 17 27 30 30 30 30 30 42 44 44 44 50 52 52
5 5 8 8 8 14 17 17 17 17 17 27 31 31 31 31 39 39 44 44 44 50 52 52
5 5 8 8 8 14 18 18 18 18 18 18 31 31 31 31 39 39 45 45 45 45 45 45