14 24
1 1 1 1 8 8 9 9 9 9 9 9 9 9 9 9 9 9 25 25 26 26 29 29
1 1 1 1 8 8 10 10 10 10 15 16 17 17 17 17 17 17 25 25 26 26 29 29
1 1 1 1 8 8 10 10 10 10 15 16 17 17 17 17 17 17 25 25 26 26 29 29
2 4 4 4 4 4 11 13 13 13 15 16 17 17 17 17 17 17 25 25 26 26 30 30
2 4 4 4 4 4 11 13 13 13 15 16 18 19 20 20 20 20 25 25 26 26 30 30
2 4 4 4 4 4 11 13 13 13 15 16 18 19 21 24 24 24 25 25 26 26 30 30
2 4 4 4 4 4 11 13 13 13 15 16 18 19 21 24 24 24 25 25 26 26 30 30
2 4 4 4 4 4 12 12 12 14 14 16 18 19 21 24 24 24 25 25 27 27 27 27
2 5 5 5 5 5 12 12 12 14 14 16 18 19 21 24 24 24 25 25 27 27 27 27
2 5 5 5 5 5 12 12 12 14 14 16 18 19 22 22 22 22 25 25 27 27 27 27
2 6 6 6 6 6 6 6 6 14 14 16 18 19 22 22 22 22 25 25 27 27 27 27
2 6 6 6 6 6 6 6 6 14 14 16 18 19 22 22 22 22 25 25 28 28 28 28
2 7 7 7 7 7 7 7 7 7 7 16 18 19 23 23 23 23 23 23 23 23 23 23
3 3 3 3 3 3 3 3 3 3 3 3 18 19 23 23 23 23 23 23 23 23 23 23