14 24
1 1 4 10 10 10 10 10 10 10 10 10 28 28 28 28 28 28 40 40 40 40 40 40
1 1 4 11 12 12 12 12 12 12 12 24 24 30 32 32 32 32 40 40 40 40 40 40
1 1 4 11 12 12 12 12 12 12 12 24 24 30 32 32 32 32 41 41 41 47 47 47
1 1 4 11 13 13 13 18 18 18 18 24 24 30 33 33 33 33 41 41 41 47 47 47
2 2 2 2 13 13 13 18 18 18 18 25 25 25 25 25 25 39 39 39 39 47 47 47
3 3 5 5 5 5 14 14 14 21 21 21 21 31 31 34 34 34 42 42 42 42 42 42
3 3 6 6 6 6 14 14 14 21 21 21 21 31 31 34 34 34 42 42 42 42 42 42
3 3 6 6 6 6 15 19 19 19 19 26 26 31 31 35 37 37 37 37 46 46 46 46
3 3 6 6 6 6 15 19 19 19 19 26 26 31 31 35 37 37 37 37 46 46 46 46
3 3 7 7 7 7 15 19 19 19 19 27 27 27 27 35 37 37 37 37 46 46 46 46
3 3 8 8 8 8 8 20 20 22 22 22 22 22 22 35 38 38 38 38 46 46 46 46
3 3 8 8 8 8 8 20 20 23 23 23 29 29 29 36 36 36 43 43 43 43 48 48
3 3 9 9 9 9 16 16 16 16 16 16 29 29 29 36 36 36 44 45 45 45 45 45
3 3 9 9 9 9 17 17 17 17 17 17 29 29 29 36 36 36 44 45 45 45 45 45