14 24
1 1 1 1 1 12 12 12 12 12 12 22 22 22 22 22 30 32 35 38 38 41 43 46
1 1 1 1 1 12 12 12 12 12 12 22 22 22 22 22 30 32 35 38 38 41 43 46
2 5 5 10 10 10 14 14 14 19 20 20 24 24 24 24 24 32 36 36 36 41 43 46
2 5 5 10 10 10 14 14 14 19 20 20 24 24 24 24 24 32 36 36 36 41 43 46
2 5 5 10 10 10 14 14 14 19 20 20 25 25 27 27 27 32 36 36 36 41 44 47
2 5 5 10 10 10 14 14 14 19 20 20 25 25 27 27 27 32 36 36 36 41 44 47
2 6 7 7 7 7 7 16 16 19 20 20 25 25 27 27 27 32 37 39 39 41 44 48
2 6 7 7 7 7 7 16 16 19 20 20 25 25 27 27 27 32 37 39 39 41 44 48
2 6 8 8 11 11 11 17 18 19 21 21 25 25 28 28 28 33 37 39 39 41 44 49
2 6 8 8 11 11 11 17 18 19 21 21 25 25 28 28 28 33 37 39 39 41 44 49
3 3 3 3 3 3 15 15 15 15 15 15 26 26 29 29 29 34 37 39 39 42 42 42
3 3 3 3 3 3 15 15 15 15 15 15 26 26 29 29 29 34 37 39 39 42 42 42
4 4 9 9 9 13 13 13 13 13 13 23 23 23 23 23 31 34 37 40 40 40 45 45
4 4 9 9 9 13 13 13 13 13 13 23 23 23 23 23 31 34 37 40 40 40 45 45