17 17
1 6 6 10 12 12 12 23 27 27 34 34 41 41 41 49 49
1 6 6 10 12 12 12 23 27 27 34 34 41 41 41 49 49
1 6 6 10 13 16 16 16 16 32 34 34 41 41 41 49 49
1 6 6 10 13 17 20 20 20 32 35 35 35 46 46 49 49
1 6 6 10 13 17 20 20 20 32 35 35 35 46 46 50 50
1 6 6 10 13 17 21 24 24 32 35 35 35 46 46 50 50
2 2 9 10 13 17 21 24 24 32 36 37 42 42 42 50 50
2 2 9 10 13 18 18 18 18 32 36 37 42 42 42 50 50
2 2 9 11 11 18 18 18 18 33 33 37 43 43 43 43 43
2 2 9 11 11 19 22 25 28 33 33 37 43 43 43 43 43
3 7 7 7 7 19 22 25 28 33 33 38 38 38 48 51 51
3 7 7 7 7 19 22 25 28 33 33 38 38 38 48 51 51
3 7 7 7 7 19 22 25 29 29 29 38 38 38 48 51 51
3 8 8 8 14 14 14 25 29 29 29 39 39 47 47 47 47
4 4 4 4 14 14 14 25 30 30 30 30 44 44 44 44 44
4 4 4 4 15 15 15 26 31 31 31 40 44 44 44 44 44
5 5 5 5 15 15 15 26 31 31 31 40 45 45 45 45 45