17 17
1 1 1 1 12 12 12 20 20 20 20 20 20 36 39 39 39
1 1 1 1 12 12 12 21 21 21 21 33 33 36 39 39 39
2 7 7 7 12 12 12 21 21 21 21 33 33 36 39 39 39
2 7 7 7 12 12 12 22 22 28 28 33 33 36 40 41 41
2 8 8 11 12 12 12 22 22 28 28 34 34 34 40 41 41
2 8 8 11 13 15 15 15 15 28 28 34 34 34 40 42 42
2 8 8 11 13 15 15 15 15 29 29 35 35 35 40 42 42
2 8 8 11 13 15 15 15 15 30 30 30 30 30 40 42 42
3 3 9 9 13 16 16 23 23 30 30 30 30 30 40 43 43
4 4 4 4 14 16 16 24 24 24 31 31 31 31 31 44 44
4 4 4 4 14 16 16 24 24 24 31 31 31 31 31 44 44
4 4 4 4 14 17 19 19 27 27 31 31 31 31 31 44 44
5 5 10 10 14 17 19 19 27 27 31 31 31 31 31 45 45
5 5 10 10 14 17 19 19 27 27 31 31 31 31 31 45 45
6 6 10 10 14 18 18 25 25 25 32 32 32 37 37 37 37
6 6 10 10 14 18 18 25 25 25 32 32 32 37 37 37 37
6 6 10 10 14 18 18 26 26 26 32 32 32 38 38 38 38