17 17
1 1 1 1 13 15 15 15 15 15 15 15 15 15 15 15 15
2 4 4 9 13 16 16 16 16 16 16 28 28 35 35 38 39
2 4 4 9 13 17 20 20 24 24 24 28 28 35 35 38 39
2 4 4 9 13 17 20 20 24 24 24 28 28 35 35 38 39
2 4 4 9 13 17 21 21 21 21 21 21 30 30 30 38 39
2 5 5 9 13 17 21 21 21 21 21 21 30 30 30 38 39
2 6 6 9 13 17 21 21 21 21 21 21 30 30 30 38 39
3 6 6 10 13 17 21 21 21 21 21 21 31 31 31 31 31
3 6 6 10 14 14 22 22 22 22 27 29 31 31 31 31 31
3 6 6 10 14 14 22 22 22 22 27 29 32 32 32 32 32
3 6 6 10 14 14 22 22 22 22 27 29 33 33 36 36 40
3 6 6 11 11 18 22 22 22 22 27 29 33 33 36 36 40
3 6 6 11 11 18 22 22 22 22 27 29 33 33 36 36 40
3 7 7 11 11 18 23 23 23 25 27 29 33 33 37 37 40
3 7 7 12 12 18 23 23 23 25 27 29 34 34 34 34 40
3 7 7 12 12 19 19 19 19 25 27 29 34 34 34 34 40
3 8 8 8 8 8 8 8 8 26 26 26 26 26 26 26 26