17 17
1 1 1 1 14 14 19 19 19 19 19 37 37 37 46 46 46
2 2 9 9 15 15 19 19 19 19 19 37 37 37 46 46 46
2 2 9 9 15 15 20 20 26 26 26 26 39 42 42 48 51
2 2 10 10 15 15 21 21 27 29 29 29 39 42 42 48 51
3 6 10 10 15 15 21 21 27 29 29 29 39 42 42 48 51
3 6 10 10 16 16 16 24 27 30 34 34 39 42 42 49 49
3 6 10 10 16 16 16 24 27 30 34 34 40 40 40 49 49
3 6 10 10 16 16 16 24 27 30 34 34 41 41 41 41 41
3 6 11 11 16 16 16 24 27 31 34 34 41 41 41 41 41
3 6 11 11 16 16 16 25 25 31 35 38 38 43 47 47 47
4 7 7 12 16 16 16 25 25 31 35 38 38 43 47 47 47
4 7 7 12 16 16 16 25 25 31 35 38 38 43 47 47 47
4 7 7 12 17 17 22 22 22 22 35 38 38 44 44 44 44
4 7 7 12 17 17 23 23 28 32 36 36 36 36 36 50 50
4 8 8 13 13 13 23 23 28 32 36 36 36 36 36 50 50
4 8 8 13 13 13 23 23 28 32 36 36 36 36 36 50 50
5 5 5 5 18 18 18 18 28 33 33 33 33 45 45 50 50