14 24
1 1 1 13 14 14 14 14 14 14 14 14 36 36 39 39 39 48 48 56 57 57 57 57
1 1 1 13 15 18 18 22 22 22 22 22 36 36 39 39 39 48 48 56 57 57 57 57
2 2 2 2 15 18 18 23 23 29 29 32 32 32 40 40 44 49 49 49 49 60 60 60
2 2 2 2 15 19 19 23 23 30 30 32 32 32 40 40 44 49 49 49 49 60 60 60
3 5 5 5 5 19 19 23 23 30 30 32 32 32 40 40 44 50 51 51 51 51 51 51
3 5 5 5 5 19 19 24 26 30 30 33 33 37 40 40 44 50 52 52 58 61 63 63
3 6 6 6 6 19 19 24 26 30 30 33 33 37 40 40 45 45 52 52 58 61 63 63
3 7 10 10 10 19 19 24 27 27 27 33 33 37 40 40 45 45 52 52 58 61 63 63
3 7 11 11 16 16 20 20 20 20 31 31 31 37 41 41 45 45 53 53 59 59 63 63
3 7 11 11 17 17 17 25 28 28 28 28 28 38 41 41 46 46 46 46 59 59 64 64
4 7 11 11 17 17 17 25 28 28 28 28 28 38 42 42 42 42 54 54 54 54 64 64
4 8 11 11 17 17 17 25 28 28 28 28 28 38 42 42 42 42 55 55 55 55 64 64
4 8 12 12 12 12 21 21 21 21 21 34 34 34 34 34 47 47 47 47 47 62 62 62
4 9 9 9 9 9 21 21 21 21 21 35 35 35 35 43 43 43 43 43 43 62 62 62