14 24
1 7 7 7 15 15 15 15 15 15 27 27 27 27 39 39 39 47 47 47 47 47 47 59
1 7 7 7 16 16 16 16 16 16 27 27 27 27 39 39 39 47 47 47 47 47 47 59
1 8 8 13 13 13 13 13 13 25 25 32 33 36 36 43 43 43 43 53 54 54 54 59
1 9 11 11 11 11 19 19 23 25 25 32 33 36 36 43 43 43 43 53 54 54 54 59
1 9 11 11 11 11 19 19 23 26 28 28 28 36 36 44 46 46 48 48 48 48 57 59
1 9 12 12 12 12 19 19 23 26 28 28 28 37 37 44 46 46 48 48 48 48 57 59
2 2 2 2 2 2 20 20 23 26 28 28 28 37 37 44 46 46 49 49 55 55 55 55
3 3 3 3 3 3 20 20 24 26 29 29 29 29 29 29 46 46 49 49 56 56 58 60
4 4 4 14 17 17 20 20 24 26 30 30 30 38 40 40 40 40 49 49 56 56 58 60
4 4 4 14 17 17 20 20 24 26 30 30 30 38 40 40 40 40 49 49 56 56 58 60
4 4 4 14 17 17 21 21 21 26 31 31 34 38 41 45 45 45 49 49 56 56 58 60
5 5 5 5 17 17 21 21 21 26 31 31 34 38 41 45 45 45 50 50 50 50 58 60
6 10 10 10 17 17 22 22 22 22 22 22 22 22 42 42 42 42 51 51 51 51 58 60
6 10 10 10 18 18 18 18 18 18 18 18 35 35 35 35 35 35 52 52 52 52 52 52