14 24
1 1 1 9 12 12 12 12 23 23 23 23 23 23 36 39 39 39 39 39 39 54 57 57
1 1 1 9 12 12 12 12 24 24 24 31 31 31 36 39 39 39 39 39 39 54 57 57
1 1 1 10 10 10 10 20 20 20 20 31 31 31 36 40 40 40 48 48 48 54 57 57
2 2 2 2 13 13 13 13 13 13 13 13 13 13 37 37 37 37 48 48 48 55 55 60
3 3 3 11 11 16 17 17 17 17 29 29 29 29 37 37 37 37 48 48 48 55 55 60
3 3 3 11 11 16 17 17 17 17 29 29 29 29 38 38 38 45 45 45 52 52 52 60
3 3 3 11 11 16 18 21 21 21 30 30 30 30 38 38 38 46 46 46 52 52 52 60
4 4 6 6 14 14 18 22 25 28 28 32 32 32 32 32 44 44 44 44 44 56 56 56
4 4 6 6 15 15 18 22 25 28 28 33 33 34 34 41 41 47 47 47 53 56 56 56
4 4 7 7 15 15 18 22 25 28 28 33 33 34 34 41 41 47 47 47 53 56 56 56
4 4 7 7 15 15 19 22 25 28 28 33 33 35 35 42 42 42 49 51 51 51 58 58
4 4 7 7 15 15 19 22 26 26 26 26 26 35 35 42 42 42 49 51 51 51 59 59
5 5 8 8 8 8 19 22 26 26 26 26 26 35 35 43 43 43 50 51 51 51 59 59
5 5 8 8 8 8 19 22 27 27 27 27 27 27 27 43 43 43 50 51 51 51 59 59