14 24
1 5 8 8 8 8 8 8 24 25 29 29 36 36 36 36 36 36 50 50 50 50 64 65
1 5 9 9 9 9 9 22 24 25 30 30 30 30 30 44 44 48 51 55 55 55 64 65
1 5 10 14 14 17 18 22 24 25 31 32 37 39 39 44 44 48 51 55 55 55 64 65
1 5 10 14 14 17 18 22 24 25 31 32 37 39 39 44 44 48 51 56 56 56 56 65
1 6 10 14 14 17 18 22 24 25 31 32 37 40 40 40 40 48 51 57 57 57 57 65
1 6 10 14 14 17 18 22 24 25 31 32 37 40 40 40 40 49 52 52 52 61 61 65
2 6 11 11 11 17 19 19 19 19 31 33 37 41 42 45 45 49 52 52 52 61 61 66
2 6 11 11 11 17 20 20 20 20 31 33 37 41 42 45 45 49 53 53 59 61 61 66
2 7 12 12 12 17 21 23 23 26 26 33 37 41 42 45 45 49 54 58 59 62 62 66
2 7 12 12 12 17 21 23 23 26 26 33 37 41 43 45 45 49 54 58 59 62 62 66
2 7 13 13 13 13 21 23 23 27 27 27 38 41 43 46 46 46 54 58 59 62 62 66
2 7 13 13 13 13 21 23 23 27 27 27 38 41 43 46 46 46 54 58 59 62 62 66
3 3 3 3 16 16 16 23 23 28 28 34 34 34 43 47 47 47 54 58 59 63 63 63
4 4 4 15 15 15 15 15 15 28 28 35 35 35 35 47 47 47 54 58 60 60 60 60