20 36
1 1 10 10 10 10 10 27 27 30 30 37 37 43 43 43 55 55 64 66 66 73 77 77 77 77 77 77 93 95 99 99 99 99 99 115
1 1 10 10 10 10 10 27 27 30 30 37 37 43 43 43 55 55 64 66 66 73 77 77 77 77 77 77 93 95 99 99 99 99 99 115
1 1 11 15 15 15 15 15 15 30 30 38 42 42 48 51 56 61 64 66 66 74 78 81 81 81 81 81 93 95 100 100 105 105 112 115
1 1 11 15 15 15 15 15 15 30 30 38 42 42 48 51 56 61 64 66 66 74 78 81 81 81 81 81 93 95 100 100 105 105 112 115
2 7 7 7 17 22 22 22 22 22 34 39 39 44 48 51 56 61 64 67 69 74 78 82 82 82 89 91 93 96 100 100 105 105 112 116
2 7 7 7 17 22 22 22 22 22 34 39 39 44 48 51 56 61 64 67 69 74 78 82 82 82 89 91 93 96 100 100 105 105 112 116
2 7 7 7 17 23 23 23 23 31 31 31 31 44 48 51 56 62 64 67 69 74 78 82 82 82 89 91 93 97 100 100 106 106 112 116
2 7 7 7 17 23 23 23 23 31 31 31 31 44 48 51 56 62 64 67 69 74 78 82 82 82 89 91 93 97 100 100 106 106 112 116
2 8 12 12 12 12 12 12 29 32 35 40 40 45 48 52 57 62 64 67 69 74 79 83 84 84 89 91 94 97 101 101 107 110 110 116
2 8 12 12 12 12 12 12 29 32 35 40 40 45 48 52 57 62 64 67 69 74 79 83 84 84 89 91 94 97 101 101 107 110 110 116
2 9 9 9 18 18 25 25 29 32 35 40 40 45 48 53 53 62 64 67 70 74 79 83 84 84 90 91 94 97 101 101 107 110 110 117
2 9 9 9 18 18 25 25 29 32 35 40 40 45 48 53 53 62 64 67 70 74 79 83 84 84 90 91 94 97 101 101 107 110 110 117
3 3 3 3 19 19 26 26 26 26 26 40 40 46 46 54 58 62 65 67 71 74 79 83 85 85 90 91 94 97 101 101 107 111 113 117
3 3 3 3 19 19 26 26 26 26 26 40 40 46 46 54 58 62 65 67 71 74 79 83 85 85 90 91 94 97 101 101 107 111 113 117
4 4 13 13 13 13 13 28 28 28 28 28 28 47 47 54 59 59 59 59 59 75 80 83 85 85 90 91 94 97 102 104 107 111 114 117
4 4 13 13 13 13 13 28 28 28 28 28 28 47 47 54 59 59 59 59 59 75 80 83 85 85 90 91 94 97 102 104 107 111 114 117
5 5 14 14 20 20 20 20 20 20 36 41 41 41 49 54 60 63 63 63 72 76 76 83 86 87 90 92 92 98 102 104 108 111 114 117
5 5 14 14 20 20 20 20 20 20 36 41 41 41 49 54 60 63 63 63 72 76 76 83 86 87 90 92 92 98 102 104 108 111 114 117
6 6 6 16 21 24 24 24 24 33 33 33 33 33 50 50 50 50 50 68 68 68 68 68 68 88 88 92 92 98 103 104 109 111 114 118
6 6 6 16 21 24 24 24 24 33 33 33 33 33 50 50 50 50 50 68 68 68 68 68 68 88 88 92 92 98 103 104 109 111 114 118