14 24
1 3 3 3 3 3 9 9 9 9 9 9 9 9 9 9 25 25 25 29 31 31 31 31
1 3 3 3 3 3 10 10 12 12 14 14 14 21 21 21 25 25 25 29 31 31 31 31
1 4 4 4 4 4 10 10 12 12 14 14 14 21 21 21 25 25 25 29 31 31 31 31
1 4 4 4 4 4 10 10 12 12 14 14 14 21 21 21 25 25 25 29 31 31 31 31
2 4 4 4 4 4 10 10 12 12 15 15 15 15 15 15 15 15 15 29 31 31 31 31
2 4 4 4 4 4 10 10 12 12 16 16 16 16 16 22 22 22 26 26 26 26 26 32
2 4 4 4 4 4 11 11 11 11 16 16 16 16 16 22 22 22 26 26 26 26 26 32
2 4 4 4 4 4 11 11 11 11 16 16 16 16 16 22 22 22 26 26 26 26 26 32
2 5 5 5 5 5 11 11 11 11 17 17 19 19 19 23 23 23 26 26 26 26 26 32
2 6 6 6 7 7 7 7 13 13 17 17 19 19 19 23 23 23 27 27 27 27 27 32
2 6 6 6 7 7 7 7 13 13 17 17 19 19 19 24 24 24 24 30 30 30 30 30
2 6 6 6 7 7 7 7 13 13 17 17 19 19 19 24 24 24 24 30 30 30 30 30
2 6 6 6 7 7 7 7 13 13 18 18 18 18 18 18 18 18 28 28 28 28 28 28
2 6 6 6 8 8 8 8 8 8 8 8 20 20 20 20 20 20 28 28 28 28 28 28