17 17
1 1 1 13 13 13 13 25 29 29 29 39 39 39 39 39 39
1 1 1 13 13 13 13 25 29 29 29 40 42 42 48 48 48
1 1 1 14 14 14 14 14 14 34 34 40 43 43 48 48 48
2 6 6 6 6 23 23 26 26 26 26 40 43 43 48 48 48
2 6 6 6 6 23 23 26 26 26 26 40 43 43 48 48 48
2 7 12 12 17 17 17 17 17 35 35 40 43 43 49 49 49
2 7 12 12 17 17 17 17 17 35 35 40 44 44 44 44 52
3 3 3 3 3 3 3 3 30 30 37 37 44 44 44 44 52
4 8 8 8 18 18 18 18 30 30 37 37 45 46 46 46 52
4 8 8 8 19 19 19 19 19 19 37 37 45 46 46 46 52
4 9 9 15 20 20 20 20 31 31 31 31 45 47 47 47 47
4 9 9 15 20 20 20 20 32 32 32 32 32 32 50 50 50
4 9 9 15 21 21 21 21 33 33 33 33 33 33 50 50 50
4 9 9 16 16 16 16 27 27 36 36 36 36 36 36 51 51
4 10 10 10 10 24 24 24 24 24 24 41 41 41 41 51 51
4 11 11 11 11 11 11 28 28 28 38 38 38 38 38 51 51
5 5 5 5 22 22 22 22 22 22 38 38 38 38 38 51 51