17 17
1 1 5 5 5 5 9 9 9 9 9 9 9 9 9 18 18
1 1 5 5 5 5 9 9 9 9 9 9 9 9 9 18 18
1 1 5 5 5 5 10 10 10 10 10 15 15 15 15 18 18
1 1 5 5 5 5 10 10 10 10 10 15 15 15 15 18 18
1 1 6 6 6 6 6 6 6 6 13 13 13 13 17 19 19
1 1 6 6 6 6 6 6 6 6 13 13 13 13 17 19 19
1 1 6 6 6 6 6 6 6 6 13 13 13 13 17 19 19
2 2 2 8 8 8 8 11 11 11 13 13 13 13 17 19 19
2 2 2 8 8 8 8 11 11 11 13 13 13 13 17 19 19
3 3 7 7 7 7 7 11 11 11 13 13 13 13 17 19 19
3 3 7 7 7 7 7 11 11 11 14 16 16 16 16 19 19
3 3 7 7 7 7 7 11 11 11 14 16 16 16 16 20 20
4 4 7 7 7 7 7 11 11 11 14 16 16 16 16 20 20
4 4 7 7 7 7 7 11 11 11 14 16 16 16 16 20 20
4 4 7 7 7 7 7 11 11 11 14 16 16 16 16 20 20
4 4 7 7 7 7 7 12 12 12 12 16 16 16 16 20 20
4 4 7 7 7 7 7 12 12 12 12 16 16 16 16 20 20