17 17
1 1 1 12 17 17 17 28 28 40 46 46 46 46 46 46 46
1 1 1 12 17 17 17 29 29 40 46 46 46 46 46 46 46
1 1 1 12 17 17 17 29 29 40 47 51 51 57 62 62 67
2 2 10 12 18 18 27 30 36 40 47 51 51 57 62 62 67
2 2 10 13 18 18 27 30 36 41 47 51 51 58 63 63 67
3 6 11 13 19 19 27 31 36 41 47 52 52 58 63 63 68
3 6 11 13 19 19 27 31 37 37 48 52 52 59 64 64 68
3 6 11 13 20 20 20 20 37 37 48 52 52 59 64 64 68
3 6 11 13 21 21 21 32 32 42 42 42 42 59 64 64 68
3 7 7 13 21 21 21 33 38 38 49 49 49 49 64 64 69
3 7 7 14 14 14 14 33 38 38 50 53 53 53 65 65 69
4 4 4 4 22 22 22 34 39 43 50 54 54 60 60 60 69
5 8 8 15 15 15 15 34 39 43 50 55 55 61 61 61 70
5 8 8 16 23 24 24 24 39 43 50 55 55 61 61 61 70
5 9 9 16 23 24 24 24 39 44 44 56 56 56 56 66 66
5 9 9 16 23 25 25 35 35 44 44 56 56 56 56 66 66
5 9 9 16 23 26 26 26 26 45 45 56 56 56 56 66 66