17 17
1 1 1 1 1 1 20 20 27 31 31 34 34 34 42 42 47
2 2 10 10 14 14 20 20 27 31 31 34 34 34 42 42 47
2 2 10 10 14 14 20 20 27 31 31 34 34 34 42 42 47
2 2 10 10 14 14 20 20 27 31 31 34 34 34 42 42 47
3 6 10 10 15 15 15 15 28 28 28 34 34 34 43 43 48
3 6 11 11 15 15 15 15 28 28 28 34 34 34 43 43 48
3 6 11 11 16 16 16 24 24 24 24 35 35 40 43 43 48
3 6 11 11 17 17 21 21 29 32 32 35 35 40 43 43 48
4 4 11 11 18 18 22 25 29 32 32 35 35 40 44 45 48
4 4 12 12 18 18 22 25 30 30 30 36 36 40 44 45 48
4 4 12 12 18 18 22 25 30 30 30 37 37 40 44 45 49
5 7 7 13 13 13 13 25 30 30 30 37 37 40 44 45 49
5 7 7 13 13 13 13 26 26 26 26 38 38 38 38 38 38
5 7 7 13 13 13 13 26 26 26 26 38 38 38 38 38 38
5 8 8 8 8 8 23 23 23 23 23 23 39 41 41 46 46
5 8 8 8 8 8 23 23 23 23 23 23 39 41 41 46 46
5 9 9 9 9 19 19 19 19 33 33 33 33 41 41 46 46