17 17
1 1 1 1 15 15 23 23 23 33 38 38 38 38 51 51 59
2 2 2 13 15 15 23 23 23 33 39 39 45 45 45 45 59
2 2 2 13 15 15 24 24 30 33 39 39 45 45 45 45 59
2 2 2 13 15 15 25 25 30 33 39 39 45 45 45 45 59
3 3 10 13 16 16 25 25 30 34 34 34 46 46 52 56 56
4 4 10 13 16 16 25 25 30 35 35 35 47 49 52 56 56
4 4 10 13 17 20 20 20 30 35 35 35 47 49 52 56 56
4 4 10 14 17 21 26 26 26 36 40 43 43 49 52 56 56
5 5 10 14 17 21 26 26 26 36 40 43 43 49 53 53 53
6 7 10 14 17 21 27 27 31 36 40 44 44 44 53 53 53
6 7 11 11 18 18 27 27 31 36 40 44 44 44 54 57 57
6 7 12 12 12 12 27 27 31 36 41 41 48 48 54 58 58
6 7 12 12 12 12 28 28 31 36 41 41 48 48 54 58 58
6 8 8 8 8 22 29 29 31 37 37 37 48 48 55 55 55
6 8 8 8 8 22 29 29 31 37 37 37 48 48 55 55 55
6 9 9 9 19 19 29 29 32 32 42 42 42 50 50 50 50
6 9 9 9 19 19 29 29 32 32 42 42 42 50 50 50 50