14 24
1 1 9 9 9 17 20 20 25 25 25 35 35 35 43 43 43 52 52 59 59 59 66 66
1 1 9 9 9 17 20 20 25 25 25 35 35 35 44 44 50 52 52 59 59 59 66 66
2 5 5 5 5 17 20 20 26 28 28 36 36 41 44 44 50 53 53 53 61 61 66 66
2 6 6 12 12 12 20 20 26 28 28 36 36 41 44 44 50 53 53 53 61 61 67 67
2 6 6 12 12 12 21 21 26 29 29 29 29 41 45 45 45 45 57 57 61 61 67 67
2 7 10 10 14 14 22 22 26 30 30 37 39 39 39 39 39 39 57 57 62 64 64 70
2 7 10 10 14 14 22 22 27 30 30 37 40 40 46 48 48 48 57 57 62 65 65 70
2 7 11 11 11 18 18 18 27 31 32 37 40 40 46 48 48 48 58 58 62 65 65 70
3 7 11 11 11 18 18 18 27 31 32 37 40 40 46 49 51 54 58 58 63 63 68 70
3 8 8 8 15 15 15 15 27 31 32 38 38 38 46 49 51 54 58 58 63 63 68 70
3 8 8 8 16 16 16 23 23 31 32 38 38 38 47 47 51 54 58 58 63 63 68 70
3 8 8 8 16 16 16 23 23 31 33 33 33 33 47 47 51 55 55 55 63 63 69 69
4 4 4 13 13 19 19 23 23 31 34 34 34 42 42 42 42 56 56 60 60 60 69 69
4 4 4 13 13 19 19 24 24 24 34 34 34 42 42 42 42 56 56 60 60 60 69 69