14 24
1 3 3 3 3 3 3 3 3 3 14 14 14 14 14 14 14 25 25 25 25 30 30 30
1 3 3 3 3 3 3 3 3 3 14 14 14 14 14 14 14 25 25 25 25 30 30 30
1 4 4 6 8 8 11 11 11 11 14 14 14 14 14 14 14 25 25 25 25 30 30 30
1 4 4 6 8 8 11 11 11 11 15 15 15 15 20 23 23 23 23 23 23 23 23 23
1 4 4 6 8 8 11 11 11 11 15 15 15 15 20 24 24 26 26 28 28 28 31 31
1 4 4 6 8 8 11 11 11 11 15 15 15 15 20 24 24 27 27 28 28 28 31 31
1 4 4 6 8 8 12 12 12 12 12 16 16 16 20 24 24 27 27 28 28 28 32 32
1 4 4 6 8 8 12 12 12 12 12 17 17 17 17 24 24 27 27 28 28 28 32 32
2 4 4 6 8 8 12 12 12 12 12 17 17 17 17 24 24 27 27 29 29 29 32 32
2 4 4 6 9 9 12 12 12 12 12 17 17 17 17 24 24 27 27 29 29 29 32 32
2 4 4 7 7 7 7 7 7 13 13 13 18 18 21 21 21 21 21 29 29 29 32 32
2 5 5 5 5 10 10 10 10 13 13 13 19 19 21 21 21 21 21 29 29 29 32 32
2 5 5 5 5 10 10 10 10 13 13 13 19 19 21 21 21 21 21 29 29 29 32 32
2 5 5 5 5 10 10 10 10 13 13 13 19 19 22 22 22 22 22 22 22 22 32 32