14 24
1 5 5 9 13 13 13 13 13 25 28 28 28 35 35 35 35 35 49 49 49 49 58 58
1 5 5 9 13 13 13 13 13 25 28 28 28 36 36 36 44 44 44 44 54 54 58 58
1 5 5 9 14 14 14 21 21 21 21 31 31 36 36 36 45 45 50 50 54 54 58 58
1 5 5 10 10 10 10 10 10 26 26 31 31 36 36 36 45 45 50 50 55 55 55 55
1 6 6 6 15 15 15 15 15 15 29 29 29 29 40 40 40 47 50 50 55 55 55 55
2 6 6 6 16 16 16 16 22 22 22 22 22 37 37 37 37 47 50 50 55 55 55 55
2 6 6 6 16 16 16 16 23 23 23 23 23 37 37 37 37 47 50 50 56 56 56 61
2 7 7 7 7 17 17 17 17 17 30 30 30 38 41 41 41 47 51 51 56 56 56 61
2 8 8 11 11 11 20 20 24 27 27 32 32 38 41 41 41 47 51 51 57 57 59 61
3 8 8 11 11 11 20 20 24 27 27 32 32 38 41 41 41 48 48 48 57 57 59 61
3 8 8 11 11 11 20 20 24 27 27 32 32 39 39 39 39 48 48 48 57 57 59 62
3 8 8 12 12 12 12 12 12 27 27 33 33 33 42 43 43 43 52 53 53 53 53 62
4 4 4 4 4 18 18 18 18 18 18 33 33 33 42 43 43 43 52 53 53 53 53 62
4 4 4 4 4 19 19 19 19 19 19 34 34 34 34 34 46 46 46 46 46 46 60 60