14 24
1 3 3 3 8 8 8 8 8 15 15 15 15 15 15 15 15 23 23 23 23 23 23 32
1 3 3 3 8 8 8 8 8 16 16 16 16 19 19 22 22 23 23 23 23 23 23 32
1 4 4 4 4 4 4 4 4 16 16 16 16 19 19 22 22 24 24 24 27 27 31 32
1 4 4 4 4 4 4 4 4 16 16 16 16 19 19 22 22 24 24 24 27 27 31 32
1 5 5 5 5 9 10 10 10 16 16 16 16 19 19 22 22 24 24 24 27 27 31 32
1 5 5 5 5 9 10 10 10 17 17 17 17 19 19 22 22 24 24 24 27 27 31 32
1 5 5 5 5 9 10 10 10 17 17 17 17 19 19 22 22 25 25 25 25 29 31 32
1 5 5 5 5 9 10 10 10 17 17 17 17 19 19 22 22 25 25 25 25 29 31 32
2 2 2 6 6 9 11 11 11 17 17 17 17 20 20 20 20 25 25 25 25 29 31 32
2 2 2 6 6 9 12 12 13 13 13 13 13 20 20 20 20 26 26 26 28 29 31 32
2 2 2 6 6 9 12 12 13 13 13 13 13 20 20 20 20 26 26 26 28 30 30 30
2 2 2 6 6 9 12 12 13 13 13 13 13 21 21 21 21 26 26 26 28 30 30 30
2 2 2 6 6 9 12 12 14 14 14 14 14 14 14 14 14 14 14 14 28 30 30 30
2 2 2 7 7 7 7 7 7 7 7 18 18 18 18 18 18 18 18 18 18 30 30 30