20 36
1 6 6 6 6 6 21 21 26 29 29 29 40 43 43 49 51 55 55 55 68 68 68 68 68 68 80 80 80 87 91 91 97 97 97 104
1 6 6 6 6 6 21 21 26 29 29 29 40 43 43 49 51 55 55 55 68 68 68 68 68 68 80 80 80 87 91 91 97 97 97 104
1 7 7 7 7 7 7 24 26 29 29 29 40 44 46 49 51 56 56 56 69 69 69 69 69 69 80 80 80 88 91 91 97 97 97 104
1 7 7 7 7 7 7 24 26 29 29 29 40 44 46 49 51 56 56 56 69 69 69 69 69 69 80 80 80 88 91 91 97 97 97 104
2 2 8 11 15 15 15 15 26 30 30 30 40 44 47 49 51 57 61 63 63 63 63 63 63 77 77 81 83 88 91 91 98 100 102 104
2 2 8 11 15 15 15 15 26 30 30 30 40 44 47 49 51 57 61 63 63 63 63 63 63 77 77 81 83 88 91 91 98 100 102 104
2 2 8 12 16 19 22 22 26 31 31 38 38 44 47 49 51 57 61 64 64 64 64 64 64 77 77 81 83 88 92 94 98 100 102 105
2 2 8 12 16 19 22 22 26 31 31 38 38 44 47 49 51 57 61 64 64 64 64 64 64 77 77 81 83 88 92 94 98 100 102 105
2 2 8 12 16 20 20 25 26 32 35 35 41 44 47 50 52 57 61 65 65 71 71 71 71 78 78 81 83 89 92 94 98 101 102 105
2 2 8 12 16 20 20 25 26 32 35 35 41 44 47 50 52 57 61 65 65 71 71 71 71 78 78 81 83 89 92 94 98 101 102 105
3 3 3 13 17 17 17 17 17 17 36 36 41 45 47 50 52 58 58 66 66 72 73 73 73 78 78 81 83 89 92 94 98 101 102 106
3 3 3 13 17 17 17 17 17 17 36 36 41 45 47 50 52 58 58 66 66 72 73 73 73 78 78 81 83 89 92 94 98 101 102 106
3 3 3 13 18 18 18 18 18 33 37 39 39 39 39 50 52 58 58 66 66 72 73 73 73 78 78 81 83 90 92 95 95 101 102 107
3 3 3 13 18 18 18 18 18 33 37 39 39 39 39 50 52 58 58 66 66 72 73 73 73 78 78 81 83 90 92 95 95 101 102 107
4 4 4 4 4 4 23 23 23 34 34 34 34 34 34 50 53 59 59 67 70 72 74 74 76 79 79 81 84 90 92 95 95 101 103 107
4 4 4 4 4 4 23 23 23 34 34 34 34 34 34 50 53 59 59 67 70 72 74 74 76 79 79 81 84 90 92 95 95 101 103 107
5 5 9 9 9 9 9 9 27 27 27 27 42 42 42 42 42 60 60 60 70 72 74 74 76 79 79 82 85 90 93 93 99 101 103 108
5 5 9 9 9 9 9 9 27 27 27 27 42 42 42 42 42 60 60 60 70 72 74 74 76 79 79 82 85 90 93 93 99 101 103 108
5 5 10 14 14 14 14 14 28 28 28 28 28 28 48 48 54 54 62 62 62 72 75 75 75 75 75 75 86 86 86 96 96 96 103 109
5 5 10 14 14 14 14 14 28 28 28 28 28 28 48 48 54 54 62 62 62 72 75 75 75 75 75 75 86 86 86 96 96 96 103 109