15 15
1 1 1 7 7 15 15 19 22 22 27 27 27 32 32
1 1 1 7 7 15 15 19 22 22 27 27 27 32 32
1 1 1 7 7 15 15 19 23 23 23 23 23 32 32
2 2 2 8 8 8 8 19 23 23 23 23 23 32 32
3 3 3 8 8 8 8 19 24 24 28 31 31 31 31
3 3 3 8 8 8 8 19 24 24 28 31 31 31 31
3 3 3 8 8 8 8 20 20 20 20 31 31 31 31
3 3 3 9 11 11 11 21 21 25 25 25 25 33 33
3 3 3 9 12 16 17 17 17 25 25 25 25 33 33
4 4 4 4 12 16 18 18 18 18 29 29 29 33 33
4 4 4 4 12 16 18 18 18 18 30 30 30 33 33
5 5 5 10 13 13 13 13 13 26 30 30 30 33 33
6 6 6 10 13 13 13 13 13 26 30 30 30 33 33
6 6 6 10 14 14 14 14 14 14 30 30 30 34 34
6 6 6 10 14 14 14 14 14 14 30 30 30 34 34