15 15
1 1 1 1 1 1 19 19 19 19 19 19 36 38 40
2 2 7 7 7 7 7 22 22 22 22 22 36 38 40
2 2 8 8 8 8 20 20 24 25 29 29 36 38 40
2 2 9 12 12 17 20 20 24 25 29 29 36 38 40
2 2 9 12 12 17 21 23 23 25 29 29 36 39 40
2 2 9 12 12 18 21 23 23 25 29 29 36 39 40
3 3 9 13 13 18 21 23 23 25 30 30 30 30 40
3 3 9 14 14 14 21 23 23 25 31 35 35 35 35
3 3 9 14 14 14 21 23 23 26 31 35 35 35 35
3 3 10 14 14 14 21 23 23 26 31 35 35 35 35
3 3 10 15 15 15 21 23 23 27 27 27 27 27 27
4 6 10 16 16 16 21 23 23 28 32 32 37 37 37
4 6 10 16 16 16 21 23 23 28 32 32 37 37 37
4 6 11 11 11 11 11 11 11 28 33 33 37 37 37
5 5 5 5 5 5 5 5 5 28 34 34 34 34 34