15 15
1 1 8 15 15 15 15 26 26 26 34 34 34 41 43
1 1 8 16 16 16 16 27 27 31 34 34 34 41 43
2 2 2 16 16 16 16 27 27 31 34 34 34 41 43
3 7 9 9 9 19 19 19 19 31 34 34 34 41 43
3 7 9 9 9 20 20 20 20 32 32 32 32 41 44
3 7 10 10 10 10 25 25 25 25 35 35 38 42 44
3 7 11 11 11 11 11 11 11 11 35 35 38 42 44
3 7 12 12 12 12 12 12 12 12 12 12 38 42 45
3 7 13 17 17 21 21 21 21 33 36 36 38 42 45
4 7 13 17 17 21 21 21 21 33 36 36 39 39 45
4 7 13 17 17 22 22 22 30 30 30 30 39 39 45
4 7 14 17 17 23 23 23 30 30 30 30 39 39 46
5 5 14 17 17 24 24 28 30 30 30 30 40 40 46
6 6 14 18 18 18 18 28 30 30 30 30 40 40 46
6 6 14 18 18 18 18 29 29 29 29 37 37 37 46