17 17
1 1 1 11 15 15 15 20 20 20 20 33 35 37 39 39 43
1 1 1 11 15 15 15 20 20 20 20 33 35 37 39 39 43
2 6 6 11 15 15 15 21 21 24 26 33 35 37 39 39 43
2 6 6 11 15 15 15 21 21 24 26 33 36 37 39 39 43
2 7 7 7 7 7 7 21 21 24 27 27 36 37 39 39 43
2 7 7 7 7 7 7 21 21 25 27 27 36 37 40 42 44
3 3 9 12 12 16 19 21 21 25 27 27 36 37 40 42 44
3 3 9 12 12 16 19 21 21 25 27 27 36 37 40 42 44
3 3 9 12 12 16 19 22 22 25 28 28 36 37 40 42 44
3 3 9 12 12 17 17 22 22 25 29 29 36 38 38 42 44
4 8 9 13 13 17 17 22 22 25 29 29 36 38 38 42 44
4 8 9 14 14 18 18 22 22 25 29 29 36 38 38 42 44
4 8 9 14 14 18 18 22 22 25 30 30 30 30 41 41 44
4 8 9 14 14 18 18 22 22 25 30 30 30 30 41 41 44
4 8 10 10 10 18 18 23 23 23 31 31 31 31 41 41 44
4 8 10 10 10 18 18 23 23 23 32 34 34 34 34 34 44
5 5 5 5 5 5 5 23 23 23 32 34 34 34 34 34 44