15 15
1 1 1 7 7 7 7 14 14 14 14 14 19 19 19
1 1 1 7 7 7 7 14 14 14 14 14 19 19 19
1 1 1 7 7 7 7 14 14 14 14 14 19 19 19
2 2 2 7 7 7 7 14 14 14 14 14 20 20 20
2 2 2 8 8 8 8 14 14 14 14 14 20 20 20
2 2 2 9 9 9 9 9 15 15 15 15 20 20 20
2 2 2 10 10 13 13 13 13 13 13 18 18 18 18
2 2 2 10 10 13 13 13 13 13 13 18 18 18 18
3 3 3 10 10 13 13 13 13 13 13 18 18 18 18
4 4 4 4 12 12 12 12 12 12 12 18 18 18 18
5 5 5 11 11 11 11 11 16 16 16 16 21 21 21
5 5 5 11 11 11 11 11 17 17 17 17 21 21 21
5 5 5 11 11 11 11 11 17 17 17 17 22 22 22
6 6 6 11 11 11 11 11 17 17 17 17 22 22 22
6 6 6 11 11 11 11 11 17 17 17 17 22 22 22