15 15
1 1 1 1 1 13 13 19 21 21 21 21 21 21 21
1 1 1 1 1 13 13 19 21 21 21 21 21 21 21
1 1 1 1 1 13 13 19 22 22 25 28 29 29 29
2 2 2 2 9 13 13 19 22 22 25 28 29 29 29
3 3 8 8 9 14 14 20 22 22 25 28 30 30 30
3 3 8 8 9 14 14 20 22 22 25 28 30 30 30
4 4 8 8 10 14 14 20 22 22 25 28 30 30 30
4 4 8 8 10 15 16 16 16 16 26 28 31 31 31
4 4 8 8 10 15 16 16 16 16 26 28 31 31 31
5 5 8 8 11 15 16 16 16 16 27 28 32 33 33
5 5 8 8 11 15 17 17 23 23 27 28 32 33 33
5 5 8 8 11 15 17 17 23 23 27 28 32 33 33
6 6 6 6 12 12 12 12 12 12 12 12 32 33 33
7 7 7 7 7 7 18 18 24 24 24 24 32 33 33
7 7 7 7 7 7 18 18 24 24 24 24 32 33 33