15 15
1 5 5 5 5 5 5 5 25 25 25 32 32 32 32
1 6 8 8 8 8 8 8 26 29 30 33 33 33 42
1 6 8 8 8 8 8 8 26 29 30 33 33 33 42
1 6 8 8 8 8 8 8 26 29 30 33 33 33 42
1 6 8 8 8 8 8 8 26 29 30 34 34 38 42
1 7 9 12 13 13 13 13 13 13 13 34 34 38 42
1 7 9 12 14 17 17 24 24 24 31 35 36 36 42
1 7 9 12 14 18 18 18 27 27 31 35 37 39 42
2 2 2 12 14 19 19 19 28 28 28 35 37 39 42
3 3 10 10 15 15 15 15 28 28 28 35 37 39 42
3 3 10 10 16 20 20 20 20 20 20 20 20 40 42
3 3 10 10 16 21 22 22 22 22 22 22 22 40 42
3 3 11 11 16 21 22 22 22 22 22 22 22 41 42
3 3 11 11 16 21 22 22 22 22 22 22 22 41 42
4 4 4 4 4 4 23 23 23 23 23 23 23 41 42