16 16
1 8 8 8 21 21 27 27 27 27 27 27 27 27 53 53
1 9 9 16 22 22 22 22 30 33 33 40 40 48 48 48
1 10 12 16 22 22 22 22 30 33 33 41 41 41 41 41
1 10 12 17 17 17 17 17 30 33 33 42 42 49 49 49
1 10 13 13 13 13 13 13 30 33 33 43 43 43 43 43
1 10 14 14 23 23 23 23 30 34 36 36 36 36 54 55
1 10 14 14 23 23 23 23 30 34 36 36 36 36 54 55
1 11 11 11 11 25 25 25 30 34 37 37 37 37 54 55
2 2 2 2 2 2 28 29 30 35 35 35 46 46 54 55
3 3 15 15 15 15 28 29 31 31 38 38 38 38 54 56
3 3 15 15 15 15 28 29 31 31 38 38 38 38 54 56
4 4 4 18 18 18 18 29 31 31 39 44 47 50 54 56
5 5 5 19 19 26 26 29 31 31 39 44 47 50 54 56
6 6 6 20 24 26 26 29 32 32 32 44 47 51 51 56
6 6 6 20 24 26 26 29 32 32 32 45 45 51 51 56
7 7 7 7 24 26 26 29 32 32 32 45 45 52 52 52