15 20
1  1  3  3  3  3  3  3 54 54 54 54 40 40 40 40 38 38 38 38
1  1  4  4  4  4 43 43 42 42 42 57 57 57 57 52 52 52 37 37
1  1  5  5  5 44 43 43 42 42 42 56 25 25 25 52 52 52 37 37
1  1  5  5  5 44 46 26 26 26 55 56 25 25 25 22 22 22 35 36
2  2  2  2 45 44 46 26 26 26 55 56 25 25 25 59 59 34 35 36
2  2  2  2 45 44 46 26 26 26 55 56  0  0  0  0  0 34 35 36
6 41 41 41 47 47 47 47 47 47 47 47 47 17 17 17 32 34 35 24
6 11 18 30 30 30 53 16 16 16 19 48 50 50 50 33 32 34 35 24
6 11 18 30 30 30 53 16 16 16 19 48 50 50 50 33 32 29 29 24
6 11 18 30 30 30 53 16 16 16 19 48 50 50 50 33 32 29 29 24
6  9 18 12 12 12 12 20 28 28 28 48 27 51 51 51 51 29 29 24
6  9 18 10 10 10 10 20 21 21 21 48 27 13 13 13 31 29 29 24
6  9 61 61  8  8 14 20 21 21 21 48 27 13 13 13 31 58 58 24
6  9 61 61  8  8 14 20 49 49 49 49 49 13 13 13 31 58 58 24
7  7  7  7  8  8 14 15 15 15 15 15 15 23 23 23 31 58 58 24
unit 30