16 16
1 1 1 12 16 17 22 22 25 25 25 25 25 25 25 25
1 1 1 12 16 17 22 22 26 31 31 34 34 37 37 37
1 1 1 12 16 17 22 22 26 31 31 34 34 37 37 37
2 5 5 13 16 18 18 18 26 31 31 35 35 38 41 41
2 5 5 13 16 18 18 18 26 31 31 35 35 38 41 41
2 6 6 13 16 19 19 23 23 23 23 36 36 36 41 41
2 6 6 13 16 19 19 23 23 23 23 36 36 36 42 42
2 6 6 13 16 19 19 23 23 23 23 36 36 36 42 42
3 7 7 7 7 19 19 24 27 27 27 27 27 27 43 44
3 7 7 7 7 19 19 24 28 28 28 28 28 39 43 44
4 4 8 8 8 8 8 24 28 28 28 28 28 39 43 44
4 4 9 14 14 14 14 24 29 29 33 33 33 39 43 44
4 4 9 14 14 14 14 24 29 29 33 33 33 39 43 44
4 4 10 15 15 20 20 20 20 20 20 20 20 40 40 44
4 4 10 15 15 21 21 21 30 32 32 32 32 32 32 44
4 4 11 11 11 11 11 11 30 32 32 32 32 32 32 44