15 15
1 1 1 1 1 1 1 1 27 30 30 30 39 42 42
2 8 8 8 16 16 16 16 27 30 30 30 39 43 43
2 9 11 14 14 14 14 14 27 31 31 35 35 43 43
2 9 11 14 14 14 14 14 27 31 31 35 35 43 43
2 9 12 12 17 17 17 17 27 31 31 36 36 43 43
2 9 12 12 18 21 21 25 25 31 31 37 37 43 43
2 10 10 10 18 21 21 26 26 26 33 37 37 44 44
2 10 10 10 18 21 21 26 26 26 33 37 37 45 46
3 3 3 3 19 19 22 26 26 26 34 37 37 45 46
4 4 4 4 4 4 22 26 26 26 34 37 37 45 46
5 5 5 5 20 20 20 20 20 32 32 38 38 38 46
6 6 6 6 6 6 6 6 6 6 6 6 40 40 46
7 7 13 15 15 15 23 23 28 28 28 28 40 40 46
7 7 13 15 15 15 23 23 29 29 29 29 41 41 46
7 7 13 15 15 15 24 24 24 24 24 24 24 24 46