15 15
1 5 5 5 5 5 5 24 24 24 24 33 33 33 33
1 6 10 10 10 10 10 25 25 25 25 34 34 34 38
1 6 11 11 11 17 17 17 17 17 31 31 31 36 38
1 6 11 11 11 17 17 17 17 17 31 31 31 36 38
1 7 11 11 11 17 17 17 17 17 31 31 31 36 38
1 7 11 11 11 18 19 19 26 26 31 31 31 36 39
2 7 11 11 11 18 20 20 20 20 31 31 31 36 39
2 7 12 12 13 13 13 13 13 29 29 29 35 35 39
2 8 12 12 13 13 13 13 13 30 30 30 30 30 30
2 8 12 12 14 14 21 21 27 27 27 27 27 27 40
3 8 12 12 14 14 22 22 22 22 22 22 22 37 40
3 8 12 12 15 15 15 15 15 15 15 15 15 37 40
3 8 12 12 15 15 15 15 15 15 15 15 15 37 40
3 9 9 9 16 16 16 16 28 28 28 28 28 37 40
4 4 4 4 4 4 23 23 23 23 32 32 32 32 40