15 15
1 6 6 6 11 16 16 16 16 25 25 25 25 34 37
1 6 6 6 11 16 16 16 16 26 26 26 26 34 37
1 6 6 6 11 17 18 18 22 22 22 22 22 34 37
1 6 6 6 11 17 19 19 22 22 22 22 22 34 38
2 2 2 2 2 17 19 19 22 22 22 22 22 34 38
3 3 3 3 12 12 19 19 23 27 27 32 32 32 38
4 7 9 9 12 12 19 19 23 27 27 32 32 32 38
4 7 9 9 12 12 19 19 23 27 27 33 33 35 38
4 7 9 9 12 12 20 20 24 27 27 33 33 35 39
4 7 9 9 13 13 13 13 24 28 28 33 33 35 39
4 7 9 9 14 14 14 14 24 29 29 29 29 35 39
5 8 9 9 15 15 15 21 24 29 29 29 29 36 40
5 8 9 9 15 15 15 21 24 29 29 29 29 36 40
5 8 9 9 15 15 15 21 24 30 30 30 30 36 40
5 8 10 10 10 10 10 10 10 10 31 31 31 36 40