16 16
1 1 1 1 1 12 12 12 12 12 12 12 24 24 27 27
2 6 6 6 6 12 12 12 12 12 12 12 24 24 27 27
2 6 6 6 6 12 12 12 12 12 12 12 25 25 27 27
2 6 6 6 6 12 12 12 12 12 12 12 25 25 27 27
3 3 3 9 9 9 9 9 19 19 19 19 25 25 27 27
3 3 3 10 10 13 13 13 13 13 13 13 13 13 27 27
3 3 3 10 10 14 14 18 18 18 18 18 18 18 27 27
3 3 3 10 10 14 14 18 18 18 18 18 18 18 27 27
3 3 3 10 10 14 14 18 18 18 18 18 18 18 27 27
4 4 4 10 10 15 15 15 15 20 20 22 22 22 27 27
4 4 4 11 11 15 15 15 15 20 20 22 22 22 27 27
4 4 4 11 11 16 16 16 16 21 21 21 21 26 27 27
5 7 7 7 7 7 7 7 7 7 7 23 23 26 28 28
5 7 7 7 7 7 7 7 7 7 7 23 23 26 28 28
5 7 7 7 7 7 7 7 7 7 7 23 23 26 28 28
5 8 8 8 8 8 17 17 17 17 17 17 17 26 28 28