15 20
1 7 14 14 14 14 32 32 32 32 32 56 56 56 56 56 56 82 82 82
1 7 15 15 15 28 33 36 36 36 49 49 49 49 66 66 66 66 88 90
1 7 15 15 15 28 33 37 37 37 37 57 57 57 67 71 71 71 88 90
2 7 16 18 18 18 33 38 42 42 50 50 50 50 67 72 72 83 88 91
2 8 16 19 19 29 33 38 42 42 51 51 51 65 67 72 72 83 89 91
2 8 16 19 19 29 33 38 43 43 52 52 52 65 67 73 77 83 89 91
3 3 3 20 20 20 20 39 39 47 47 47 47 65 68 73 77 84 84 84
4 9 9 9 27 27 34 34 44 44 53 58 58 58 68 73 78 78 78 92
4 10 10 21 21 21 21 40 44 44 53 59 62 62 68 73 79 85 85 92
4 11 17 22 22 30 30 40 45 48 53 59 62 62 69 74 79 85 85 93
5 11 17 23 23 23 23 40 45 48 54 59 63 63 69 74 80 80 80 93
5 11 17 24 24 24 35 35 45 48 54 60 64 64 69 75 81 86 86 93
6 12 12 25 25 25 35 35 46 46 46 60 64 64 70 75 81 86 86 93
6 12 12 26 26 26 26 41 41 41 55 60 64 64 70 75 81 87 87 94
6 13 13 13 13 31 31 31 31 31 55 61 61 61 61 76 76 76 76 94