16 16
1 1 1 14 14 22 26 26 34 34 34 34 34 34 60 60
1 1 1 14 14 22 26 26 35 35 35 35 54 54 60 60
2 6 6 6 17 22 27 27 27 38 38 38 54 54 61 61
2 7 9 15 17 22 27 27 27 39 39 47 47 47 61 61
2 7 9 15 17 22 28 28 28 39 39 48 48 57 61 61
2 7 9 15 18 23 23 32 36 40 43 43 43 57 62 63
2 7 9 15 18 23 23 32 36 40 44 49 49 57 62 63
2 7 9 15 18 24 29 32 36 40 44 49 49 58 58 63
3 7 10 10 18 24 29 32 36 40 44 49 49 58 58 64
3 8 10 10 19 19 29 33 36 41 44 50 50 59 59 64
3 8 10 10 20 20 20 33 37 41 45 45 55 59 59 64
3 8 11 11 21 25 25 25 37 41 45 45 55 59 59 64
4 4 11 11 21 25 25 25 37 41 46 51 55 59 59 64
4 4 12 12 12 12 30 30 37 42 46 51 56 56 56 64
4 4 13 13 13 13 13 13 37 42 46 52 52 52 52 52
5 5 5 16 16 16 31 31 31 31 46 53 53 53 53 53