17 17
1 8 8 8 18 18 18 18 30 35 35 42 42 42 42 42 42
1 8 8 8 18 18 18 18 30 35 35 43 43 50 53 53 57
1 9 12 12 12 21 21 21 21 35 35 43 43 50 53 53 57
1 9 12 12 12 21 21 21 21 36 36 36 47 47 53 53 57
2 9 13 13 19 19 25 25 25 36 36 36 47 47 53 53 57
2 9 13 13 19 19 26 26 31 37 37 37 47 47 54 54 58
2 10 10 17 17 17 26 26 31 37 37 37 48 48 54 54 58
2 10 10 17 17 17 26 26 32 32 38 38 48 48 54 54 58
3 11 11 11 11 22 27 27 32 32 39 44 44 44 54 54 58
3 11 11 11 11 22 27 27 32 32 39 44 44 44 55 55 59
4 4 4 4 20 20 20 20 20 20 39 45 45 45 45 56 59
5 5 14 14 14 23 28 28 28 28 39 45 45 45 45 56 59
5 5 14 14 14 23 29 29 33 33 40 40 49 49 49 56 59
6 6 15 15 15 23 29 29 33 33 40 40 49 49 49 56 60
7 7 15 15 15 23 29 29 33 33 41 46 46 51 51 51 60
7 7 16 16 16 23 29 29 34 34 41 46 46 51 51 51 60
7 7 16 16 16 24 24 24 24 24 24 46 46 52 52 52 52