17 17
1 1 1 1 1 1 27 33 33 33 33 33 33 55 55 62 62
2 2 10 16 19 23 27 34 34 34 34 34 34 56 56 62 62
2 2 10 16 19 23 28 28 38 41 41 47 47 56 56 63 63
3 3 3 16 19 23 28 28 38 41 41 47 47 57 57 64 64
3 3 3 16 19 24 28 28 38 42 42 48 50 57 57 64 64
4 7 11 11 20 24 28 28 38 42 42 48 50 57 57 65 65
4 7 12 12 20 24 29 35 38 42 42 48 51 51 58 65 65
4 8 12 12 20 24 29 35 38 43 43 48 51 51 58 65 65
4 8 13 13 20 25 29 35 38 43 43 48 52 52 59 65 65
4 8 13 13 21 25 30 35 38 43 43 48 52 52 59 65 65
4 8 13 13 21 25 30 35 39 39 39 49 49 49 49 49 49
4 8 13 13 22 25 30 35 40 40 40 40 53 53 60 60 60
4 8 14 14 22 26 30 36 36 44 44 44 44 44 60 60 60
4 8 15 17 17 26 31 31 31 31 31 31 54 54 60 60 60
5 8 15 17 17 26 32 37 37 37 46 46 54 54 61 66 66
5 9 9 9 9 26 32 37 37 37 46 46 54 54 61 66 66
6 6 6 18 18 18 18 18 18 45 45 45 45 45 45 66 66