17 17
1 1 1 1 1 1 26 26 26 26 26 46 46 46 46 59 64
2 2 12 14 14 14 26 26 26 26 26 47 47 54 54 59 64
2 2 12 14 14 14 27 30 30 37 40 48 48 48 48 59 64
2 2 12 14 14 14 27 30 30 37 40 48 48 48 48 59 64
3 3 12 15 18 18 18 31 34 37 40 48 48 48 48 60 64
4 4 12 15 18 18 18 31 34 38 41 41 41 41 58 60 64
4 4 13 13 19 23 23 31 34 38 42 42 50 55 58 60 64
5 5 5 16 19 23 23 32 32 38 42 42 50 55 58 60 64
5 5 5 16 20 23 23 32 32 39 43 43 43 55 58 61 61
5 5 5 16 20 24 24 33 33 39 43 43 43 55 58 61 61
6 6 6 6 20 24 24 33 33 39 44 44 51 51 51 61 61
7 10 10 10 10 10 10 33 33 39 44 44 52 56 56 62 65
7 11 11 17 17 25 25 25 25 25 25 25 52 57 57 62 65
8 8 8 8 8 8 28 28 28 28 45 45 53 57 57 63 65
8 8 8 8 8 8 29 29 35 35 45 45 53 57 57 63 65
9 9 9 9 21 21 21 21 36 36 36 49 53 57 57 63 65
9 9 9 9 22 22 22 22 36 36 36 49 53 57 57 63 65