17 17
1 1 1 1 1 1 28 28 36 36 36 36 50 50 60 60 63
2 2 11 11 20 20 28 28 37 41 43 43 50 50 60 60 63
2 2 11 11 20 20 28 28 37 41 43 43 51 51 51 51 63
2 2 11 11 20 20 29 29 37 41 43 43 51 51 51 51 63
3 6 11 11 21 21 30 30 30 30 44 44 44 55 55 62 63
3 6 12 15 21 21 31 31 38 38 44 44 44 55 55 62 63
3 6 12 15 22 22 31 31 38 38 45 45 52 52 52 62 64
3 6 12 15 23 23 23 23 38 38 45 45 53 56 56 62 64
4 4 13 13 24 24 24 24 24 24 46 46 53 56 56 62 64
4 4 13 13 25 25 25 25 39 39 46 46 54 56 56 62 64
4 4 14 14 26 26 26 26 39 39 46 46 54 57 57 57 57
5 7 7 16 16 16 16 33 39 39 47 47 47 47 61 61 65
5 7 7 17 17 17 32 33 40 40 48 48 48 48 61 61 65
5 8 8 17 17 17 32 34 34 34 34 34 34 58 58 58 65
5 8 8 18 18 18 18 18 18 42 49 49 49 58 58 58 65
5 9 9 19 19 27 27 27 27 42 49 49 49 59 59 59 65
5 10 10 10 10 10 10 35 35 35 35 35 35 59 59 59 65