17 17
1 1 1 1 11 11 11 11 20 20 20 20 20 20 32 32 32
1 1 1 1 11 11 11 11 21 21 22 22 22 22 32 32 32
1 1 1 1 11 11 11 11 21 21 23 23 23 23 32 32 32
2 4 6 6 6 14 14 15 15 15 23 23 23 23 32 32 32
2 4 6 6 6 14 14 15 15 15 24 27 27 27 27 27 34
2 4 6 6 6 14 14 15 15 15 24 27 27 27 27 27 34
2 4 6 6 6 14 14 15 15 15 24 27 27 27 27 27 34
2 4 7 10 10 10 10 15 15 15 24 28 28 29 29 29 29
2 4 7 10 10 10 10 16 16 16 16 28 28 29 29 29 29
3 4 7 10 10 10 10 16 16 16 16 28 28 30 30 30 35
3 4 8 8 12 12 12 16 16 16 16 28 28 30 30 30 35
3 5 8 8 12 12 12 17 17 17 25 25 25 30 30 30 35
3 5 8 8 13 13 13 17 17 17 25 25 25 30 30 30 35
3 5 9 9 13 13 13 17 17 17 26 26 26 26 33 33 35
3 5 9 9 13 13 13 18 18 18 26 26 26 26 33 33 35
3 5 9 9 13 13 13 19 19 19 19 19 19 31 31 31 35
3 5 9 9 13 13 13 19 19 19 19 19 19 31 31 31 35