17 17
1 5 5 12 12 12 12 27 27 33 37 37 37 37 48 48 48
1 6 6 12 12 12 12 27 27 33 37 37 37 37 49 49 57
1 6 6 13 13 21 21 28 28 28 38 41 41 44 49 49 57
1 6 6 13 13 21 21 28 28 28 38 41 41 44 49 49 57
2 2 2 2 2 21 21 28 28 28 38 41 41 45 45 52 52
3 7 7 7 7 21 21 29 29 29 29 29 29 45 45 52 52
3 8 8 14 20 20 20 20 20 20 39 39 39 45 45 53 53
3 8 8 14 20 20 20 20 20 20 39 39 39 46 46 53 53
3 8 8 15 15 22 22 30 30 34 34 34 34 46 46 54 54
3 9 9 15 15 22 22 30 30 35 35 42 42 42 42 54 54
3 9 9 16 16 23 23 30 30 35 35 42 42 42 42 54 54
3 10 10 17 17 17 17 17 17 35 35 42 42 42 42 55 55
3 11 11 18 18 18 18 31 31 35 35 43 43 43 43 55 55
3 11 11 19 19 24 25 31 31 36 36 36 36 47 50 55 55
3 11 11 19 19 24 25 31 31 36 36 36 36 47 50 56 56
4 4 4 4 4 24 26 26 32 32 40 40 40 47 50 56 56
4 4 4 4 4 24 26 26 32 32 40 40 40 47 51 51 51