17 17
1 1 1 1 1 1 1 1 1 1 32 32 32 42 42 42 50
2 2 2 2 2 2 20 20 25 25 25 25 25 42 42 42 50
3 3 9 9 9 9 20 20 25 25 25 25 25 43 43 43 50
3 3 9 9 9 9 20 20 26 26 33 33 39 43 43 43 50
4 4 10 10 10 16 20 20 26 26 33 33 39 44 44 49 49
4 4 11 11 11 16 20 20 26 26 34 34 39 44 44 49 49
4 4 11 11 11 16 20 20 26 26 35 36 39 45 45 45 45
4 4 11 11 11 17 21 21 21 21 35 36 39 46 46 46 46
4 4 12 12 12 17 22 22 27 27 27 36 39 46 46 46 46
5 5 5 5 15 17 22 22 27 27 27 36 40 40 40 40 40
5 5 5 5 15 17 23 23 28 28 28 28 40 40 40 40 40
6 7 7 13 13 17 23 23 28 28 28 28 40 40 40 40 40
6 7 7 13 13 17 23 23 28 28 28 28 41 41 47 47 47
6 7 7 13 13 18 18 24 29 31 31 31 41 41 47 47 47
6 7 7 14 14 14 14 24 29 31 31 31 41 41 48 48 48
6 8 8 8 8 19 19 24 30 30 30 37 37 37 48 48 48
6 8 8 8 8 19 19 24 30 30 30 38 38 38 38 38 38