17 17
1 7 7 7 16 16 22 26 26 26 26 36 36 45 45 45 45
1 7 7 7 16 16 22 27 27 27 27 36 36 46 46 46 46
1 7 7 7 16 16 22 27 27 27 27 36 36 46 46 46 46
1 8 8 14 14 18 22 28 29 29 34 34 34 34 34 51 51
1 8 8 14 14 18 22 28 29 29 35 35 35 35 48 48 48
2 2 2 14 14 18 22 28 29 29 35 35 35 35 48 48 48
2 2 2 15 15 18 23 23 23 23 23 37 42 42 48 48 48
2 2 2 15 15 19 23 23 23 23 23 37 43 43 43 52 52
3 3 3 3 3 19 24 24 24 31 31 38 43 43 43 52 52
3 3 3 3 3 20 20 20 20 31 31 38 43 43 43 52 52
4 4 9 9 9 9 9 9 30 31 31 39 39 39 39 52 52
4 4 9 9 9 9 9 9 30 31 31 40 40 47 49 49 49
5 5 10 10 10 10 10 10 30 32 32 40 40 47 49 49 49
5 5 11 11 17 17 17 17 30 32 32 40 40 47 49 49 49
5 5 11 11 17 17 17 17 30 32 32 40 40 47 49 49 49
6 6 12 12 12 12 25 25 30 33 33 33 44 44 50 50 50
6 6 13 13 13 21 21 21 21 21 21 41 41 41 41 41 41