20 25
1  1  1  1  4  4  4  4 63 63 63 53 53 53 76 76 76 58 58 58 58 61 61 61 60
93 93  3  3  3  8  8  9 63 63 63 53 53 53 101 101 101 58 58 58 58 61 61 61 60
93 93  3  3  3  8  8  9 63 63 63 54 54 54 54 55 55 55 57  0  0  0  0  0 60
93 93  7  7  7  7  7  9 49 49 52 52 52 52 52 55 55 55 57 59 85 85 85 85 60
93 93  6  6  6  6 10  9 50 50 50 50 98 98 98 55 55 55 56 59 85 85 85 85 60
5  2  2 11 11 11 10 12 12 12 12 12 12 12 97 97 96 64 56 59 89 65 65 66 60
5  2  2 11 11 11 10 45 45 45 47 47 43 27 97 97 96 64 56 59 89 65 65 66 67
5 13 13 13 13 13 10 45 45 45 47 47 43 27 88 77 77 64 56 59 89 68 68 66 67
5 51 51 51 35 24 24 24 24 24 24 24 43 27 88 77 77 64 56 102 89 68 68 66 67
15 51 51 51 35 29 29 29 29 44 44 44 43 27 88 77 77 64 56 102 89 68 68 69 67
15 51 51 51 35 29 29 29 29 42 42 42 43 27 94 77 77 64 56 102 84 84 84 69 67
15 19 19 19 25 25 25 48 48 48 48 48 48 48 94 91 91 64 56 102 86 86 83 69 67
15 20 20 21 21 26 26 26 38 38 92 40 40 41 94 90 90 90 56 102 86 86 83 69 70
15 20 20 21 21 26 26 26 38 38 92 40 40 41 94 81 81 81 100 100 86 86 83 69 70
17 20 20 30 30 30 30 30 14 14 92 39 39 39 94 81 81 81 46 46 46 46 46 69 70
17 18 18 18 18 32 32 32 80 80 92 39 39 39 94 81 81 81 87 87 87 82 73 73 70
17 18 18 18 18 31 31 31 80 80 92 39 39 39 94 79 79 78 87 87 87 82 73 73 70
16 16 16 28 28 28 34 34 80 80 37 37 37 74 94 79 79 78 23 23 23 23 73 73 70
16 16 16 28 28 28 34 34 80 80 37 37 37 74 94 79 79 78 23 23 23 23 72 72 72
16 16 16 33 33 33 33 33 33 36 36 36 36 36 75 75 75 62 62 62 62 71 71 71 71
unit 27