17 17
1 1 7 7 14 14 14 14 14 28 28 28 28 28 28 28 28
1 1 7 7 14 14 14 14 14 28 28 28 28 28 28 28 28
1 1 8 11 15 15 21 21 21 29 29 34 38 38 42 46 46
1 1 8 11 15 15 21 21 21 29 29 34 38 38 42 46 46
1 1 8 11 16 16 16 16 25 25 32 32 38 38 42 46 46
2 2 8 11 16 16 16 16 25 25 32 32 38 38 42 47 47
3 6 6 6 16 16 16 16 25 25 32 32 39 39 43 43 43
3 6 6 6 16 16 16 16 26 26 32 32 39 39 43 43 43
3 6 6 6 17 20 20 20 26 26 33 33 40 40 43 43 43
3 6 6 6 17 20 20 20 27 27 27 35 35 35 43 43 43
4 4 4 12 12 12 12 12 12 30 30 35 35 35 43 43 43
4 4 4 13 18 18 18 22 22 30 30 36 36 36 36 36 36
4 4 4 13 19 19 19 22 22 30 30 36 36 36 36 36 36
5 5 9 13 19 19 19 22 22 30 30 37 37 37 44 44 48
5 5 9 13 19 19 19 23 23 31 31 31 41 41 44 44 48
5 5 10 10 19 19 19 23 23 31 31 31 41 41 44 44 48
5 5 10 10 19 19 19 24 24 31 31 31 41 41 45 45 48