17 17
1 1 1 11 11 11 11 11 28 28 28 28 28 28 47 47 51
1 1 1 11 11 11 11 11 29 29 37 37 37 37 37 37 51
1 1 1 12 18 18 18 18 30 30 38 38 38 38 48 48 51
2 2 2 12 18 18 18 18 30 30 38 38 38 38 48 48 51
2 2 2 12 19 19 23 23 23 23 23 23 23 23 48 48 52
3 3 8 8 19 19 24 24 24 24 39 39 39 39 48 48 52
3 3 8 8 20 20 20 20 31 31 31 31 31 31 48 48 52
3 3 9 13 13 13 25 25 32 32 32 32 32 32 32 32 52
4 7 9 14 14 21 25 25 33 34 34 34 43 44 44 44 44
4 7 9 14 14 21 26 26 33 34 34 34 43 44 44 44 44
5 7 9 14 14 21 26 26 33 35 35 35 35 45 45 45 45
5 7 10 15 15 21 26 26 33 36 36 40 40 46 46 46 46
5 7 10 15 15 21 27 27 27 36 36 40 40 46 46 46 46
5 7 10 16 16 21 27 27 27 36 36 41 41 41 41 49 49
6 6 10 16 16 22 22 22 22 36 36 41 41 41 41 50 50
6 6 10 16 16 22 22 22 22 36 36 41 41 41 41 50 50
6 6 10 17 17 17 17 17 17 36 36 42 42 42 42 50 50