17 17
1 1 10 11 11 21 21 21 30 30 30 30 30 30 49 49 54
1 1 10 12 12 21 21 21 31 31 31 31 43 43 49 49 54
1 1 10 12 12 21 21 21 32 34 34 40 43 43 50 50 54
1 1 10 12 12 22 22 22 32 34 34 40 43 43 50 50 54
2 6 6 12 12 22 22 22 32 34 34 41 41 44 50 50 54
2 6 6 13 13 13 13 13 13 13 13 41 41 44 50 50 54
2 6 6 14 18 18 25 25 33 33 33 41 41 45 50 50 55
2 6 6 14 18 18 25 25 33 33 33 42 42 45 50 50 55
3 3 3 15 18 18 26 27 27 35 35 42 42 46 51 51 55
3 3 3 15 19 19 26 27 27 35 35 42 42 46 51 51 55
4 7 7 7 19 19 26 28 28 36 36 42 42 47 51 51 56
4 7 7 7 19 19 26 29 29 29 37 37 37 47 51 51 56
4 8 8 16 20 20 20 29 29 29 37 37 37 48 52 52 56
4 9 9 16 20 20 20 29 29 29 37 37 37 48 52 52 56
5 9 9 17 17 23 23 29 29 29 38 38 38 38 52 52 57
5 9 9 17 17 24 24 24 24 24 38 38 38 38 53 53 57
5 9 9 17 17 24 24 24 24 24 39 39 39 39 53 53 57