17 17
1 1 1 1 1 1 22 22 22 22 22 22 43 43 43 43 50
2 6 6 6 6 6 23 26 30 30 30 30 30 30 30 30 50
2 6 6 6 6 6 23 26 31 31 31 31 31 46 46 49 50
2 7 7 7 7 18 23 27 27 27 27 39 39 46 46 49 50
3 8 8 13 14 18 23 28 28 28 37 39 39 46 46 49 50
3 8 8 13 14 18 24 28 28 28 37 40 40 40 40 49 50
3 9 12 13 14 18 24 28 28 28 37 41 41 41 48 48 48
3 9 12 13 14 18 24 28 28 28 37 41 41 41 48 48 48
3 10 12 13 15 18 24 29 29 34 34 34 34 34 48 48 48
3 10 12 13 15 19 19 29 29 35 35 35 35 35 35 35 35
3 10 12 13 15 19 19 29 29 36 36 42 42 47 47 47 47
3 10 12 13 15 20 20 20 20 20 20 42 42 47 47 47 47
4 10 12 13 15 21 21 21 32 32 32 32 44 44 44 44 51
4 10 12 13 15 21 21 21 33 33 38 38 44 44 44 44 51
4 11 11 11 16 16 16 16 33 33 38 38 45 45 45 45 51
4 11 11 11 17 17 17 17 33 33 38 38 45 45 45 45 51
5 5 5 5 5 5 25 25 25 25 25 25 45 45 45 45 51