17 17
1 1 1 11 11 17 17 17 17 17 17 35 35 42 42 42 42
1 1 1 11 11 18 20 20 27 27 27 35 35 42 42 42 42
1 1 1 11 11 18 20 20 27 27 27 35 35 43 43 43 43
1 1 1 11 11 19 20 20 27 27 27 36 38 38 44 44 49
2 6 6 6 12 19 20 20 27 27 27 36 38 38 44 44 49
2 6 6 6 12 19 21 23 28 28 28 28 38 38 44 44 49
3 3 7 7 12 19 21 23 28 28 28 28 38 38 44 44 49
3 3 7 7 13 13 21 23 29 29 32 32 38 38 45 45 50
3 3 7 7 13 13 21 23 29 29 32 32 39 39 45 45 50
3 3 8 8 8 8 22 23 29 29 33 33 39 39 46 46 50
3 3 8 8 8 8 22 23 29 29 33 33 39 39 46 46 50
4 4 4 4 14 14 14 24 24 30 30 30 40 40 46 46 51
5 5 9 9 14 14 14 24 24 30 30 30 40 40 47 47 51
5 5 10 10 15 15 15 15 15 15 34 34 40 40 47 47 51
5 5 10 10 16 16 16 25 25 31 31 37 40 40 48 48 51
5 5 10 10 16 16 16 25 25 31 31 37 41 41 48 48 51
5 5 10 10 16 16 16 26 26 26 26 37 41 41 48 48 51