17 17
1 1 1 1 1 1 1 1 28 28 28 28 41 47 47 51 51
2 2 13 13 13 13 13 13 28 28 28 28 41 47 47 51 51
2 2 14 14 14 14 23 23 23 33 36 36 42 47 47 51 51
3 3 15 15 15 15 23 23 23 33 36 36 42 47 47 52 54
4 8 8 8 8 8 8 27 27 33 37 37 42 47 47 52 54
4 9 9 9 9 20 20 20 20 33 37 37 42 47 47 52 54
4 10 10 16 16 16 16 16 29 33 37 37 43 43 48 48 48
4 10 10 16 16 16 16 16 29 33 37 37 43 43 48 48 48
4 10 10 17 18 21 21 21 30 30 30 30 43 43 49 49 55
4 10 10 17 18 22 24 24 31 34 38 39 43 43 49 49 55
5 5 5 17 18 22 24 24 31 34 38 39 44 44 50 50 55
5 5 5 17 18 22 24 24 32 34 38 39 45 45 50 50 56
6 11 11 17 18 22 25 25 32 34 38 39 45 45 50 50 56
6 11 11 17 18 22 26 26 32 35 35 39 46 46 46 46 56
6 11 11 17 19 19 26 26 32 35 35 39 46 46 46 46 56
6 12 12 17 19 19 26 26 32 35 35 40 40 40 40 53 53
7 7 7 7 7 7 26 26 32 35 35 40 40 40 40 53 53