17 17
1 1 1 1 17 19 19 19 19 19 19 41 41 41 51 51 51
1 1 1 1 17 20 20 20 20 20 20 41 41 41 51 51 51
2 8 8 13 13 21 21 30 30 34 34 34 34 49 49 49 49
2 9 11 13 13 21 21 31 31 31 37 42 42 49 49 49 49
2 9 11 13 13 22 22 31 31 31 37 43 43 43 52 54 54
2 9 11 13 13 23 23 23 32 32 37 43 43 43 52 54 54
2 10 12 12 18 23 23 23 32 32 37 43 43 43 52 54 54
2 10 12 12 18 23 23 23 32 32 38 43 43 43 52 54 54
3 3 3 3 3 3 3 3 32 32 38 43 43 43 53 55 55
4 4 4 14 14 14 14 14 14 14 14 14 14 50 53 55 55
4 4 4 15 15 15 15 15 15 35 35 44 44 50 53 56 57
4 4 4 16 16 24 24 24 33 33 39 39 45 45 53 56 57
5 5 5 16 16 24 24 24 33 33 39 39 46 46 46 46 57
5 5 5 16 16 25 27 27 33 33 39 39 47 47 47 47 57
6 6 6 16 16 25 27 27 33 33 40 40 47 47 47 47 57
7 7 7 16 16 26 28 28 28 28 28 28 48 48 48 48 57
7 7 7 16 16 26 29 29 29 36 36 36 36 36 36 36 36