17 17
1 1 1 10 10 18 18 18 18 18 33 33 33 45 49 49 49
1 1 1 10 10 18 18 18 18 18 34 34 34 45 49 49 49
1 1 1 11 11 11 11 25 26 26 34 34 34 45 49 49 49
2 4 4 4 4 19 20 25 26 26 35 37 37 45 49 49 49
2 4 4 4 4 19 20 25 26 26 35 38 38 38 38 38 38
2 5 6 6 6 6 20 25 26 26 35 39 39 46 46 46 46
2 5 6 6 6 6 20 25 26 26 36 39 39 46 46 46 46
2 5 7 12 12 12 12 25 27 27 36 40 40 46 46 46 46
2 5 7 13 13 13 21 21 27 27 36 40 40 47 47 47 47
3 3 8 13 13 13 21 21 28 28 28 28 28 28 50 50 50
3 3 8 14 14 14 21 21 29 30 30 41 41 41 50 50 50
3 3 9 14 14 14 22 22 29 30 30 41 41 41 50 50 50
3 3 9 14 14 14 22 22 29 30 30 42 42 48 48 48 51
3 3 9 15 15 15 23 23 23 31 31 42 42 48 48 48 51
3 3 9 16 16 16 23 23 23 32 32 32 32 48 48 48 51
3 3 9 16 16 16 24 24 24 24 24 24 44 44 44 44 51
3 3 9 17 17 17 17 17 17 17 17 43 43 43 43 43 43