17 17
1 1 8 8 8 8 8 24 24 24 24 24 24 45 45 45 45
1 1 8 8 8 8 8 25 31 31 34 34 34 34 34 34 34
2 2 9 13 13 13 13 25 31 31 34 34 34 34 34 34 34
2 2 9 14 14 14 19 25 31 31 35 39 39 39 49 49 51
2 2 9 14 14 14 19 25 32 32 35 39 39 39 49 49 51
2 2 9 14 14 14 19 26 26 26 26 26 26 46 46 46 46
3 3 3 3 3 3 19 27 27 27 27 40 40 46 46 46 46
3 3 3 3 3 3 20 28 28 28 28 28 28 47 47 47 47
4 4 4 4 4 17 20 29 29 29 36 41 41 47 47 47 47
4 4 4 4 4 17 20 29 29 29 36 41 41 47 47 47 47
5 5 10 10 10 18 21 29 29 29 37 42 42 47 47 47 47
5 5 10 10 10 18 21 29 29 29 37 42 42 47 47 47 47
5 5 11 11 15 15 21 30 30 30 30 42 42 48 48 48 48
6 6 12 12 15 15 22 22 22 33 38 38 43 43 43 43 43
7 7 12 12 15 15 22 22 22 33 38 38 43 43 43 43 43
7 7 12 12 15 15 23 23 23 23 38 38 44 44 44 50 50
7 7 12 12 16 16 16 16 16 16 16 16 16 16 16 50 50