17 17
1 1 1 1 15 15 15 15 15 15 31 31 31 42 42 42 48
2 2 8 8 8 8 21 21 21 21 31 31 31 42 42 42 48
2 2 9 9 9 9 9 23 23 23 31 31 31 42 42 42 48
2 2 9 9 9 9 9 23 23 23 32 32 39 39 39 39 48
3 3 9 9 9 9 9 24 24 24 24 24 24 43 43 43 43
3 3 10 10 16 16 16 25 25 30 33 33 33 44 44 47 49
3 3 10 10 16 16 16 25 25 30 34 34 34 44 44 47 49
3 3 10 10 17 17 17 17 28 30 34 34 34 44 44 47 49
4 4 10 10 17 17 17 17 28 30 35 35 40 45 45 45 49
4 4 11 11 11 11 22 22 28 30 35 35 40 45 45 45 49
5 6 11 11 11 11 22 22 28 30 35 35 40 45 45 45 49
5 6 12 12 12 18 18 26 29 29 35 35 41 41 46 46 46
5 6 12 12 12 18 18 26 29 29 36 36 36 36 46 46 46
5 7 13 13 13 13 13 26 29 29 36 36 36 36 46 46 46
5 7 13 13 13 13 13 27 27 27 27 37 37 37 46 46 46
5 7 14 14 14 19 19 27 27 27 27 37 37 37 46 46 46
5 7 14 14 14 20 20 20 20 20 20 38 38 38 38 38 38