17 17
1 6 6 6 16 16 21 24 24 31 31 31 42 42 42 51 51
1 6 6 6 16 16 21 24 24 31 31 31 42 42 42 51 51
1 6 6 6 16 16 21 25 25 32 32 32 43 45 45 52 52
2 2 2 11 11 17 21 25 25 32 32 32 43 45 45 52 52
2 2 2 11 11 17 21 25 25 33 33 33 43 45 45 52 52
2 2 2 11 11 18 21 25 25 33 33 33 43 45 45 53 53
3 3 3 11 11 18 21 26 26 34 34 38 38 45 45 53 53
3 3 3 12 12 18 21 26 26 34 34 38 38 46 47 53 53
4 4 4 4 4 4 21 27 29 29 29 39 39 46 47 53 53
5 7 7 7 7 7 7 27 30 30 30 39 39 46 48 48 48
5 8 8 13 13 19 19 19 30 30 30 39 39 46 48 48 48
5 8 8 13 13 19 19 19 30 30 30 40 40 40 40 40 40
5 8 8 14 14 14 22 22 22 35 37 37 44 44 49 49 49
5 9 9 14 14 14 22 22 22 35 37 37 44 44 49 49 49
5 9 9 15 15 15 23 23 23 35 37 37 44 44 50 54 54
5 9 9 15 15 15 23 23 23 36 36 41 41 41 50 54 54
5 10 10 10 10 20 20 28 28 28 28 41 41 41 50 54 54