17 17
1 1 8 11 11 16 18 18 18 18 29 29 29 29 29 41 41
1 1 8 11 11 16 18 18 18 18 29 29 29 29 29 41 41
1 1 8 11 11 16 19 19 22 22 22 30 30 36 36 36 36
1 1 8 11 11 16 19 19 22 22 22 30 30 36 36 36 36
2 6 6 6 6 16 19 19 22 22 22 30 30 37 37 37 44
2 6 6 6 6 16 19 19 23 23 23 23 23 37 37 37 44
2 7 7 7 7 17 17 17 17 28 28 31 32 32 32 32 44
2 7 7 7 7 17 17 17 17 28 28 31 32 32 32 32 44
3 3 9 9 9 17 17 17 17 28 28 31 33 33 38 42 42
3 3 10 12 13 13 20 21 24 24 24 31 33 33 38 42 42
4 4 10 12 13 13 20 21 25 25 25 31 33 33 38 43 43
4 4 10 12 13 13 20 21 25 25 25 31 34 34 38 43 43
4 4 10 12 13 13 20 21 26 26 26 31 34 34 39 39 39
4 4 10 12 14 14 20 21 26 26 26 31 35 35 39 39 39
5 5 5 12 15 15 20 21 27 27 27 27 35 35 40 40 40
5 5 5 12 15 15 20 21 27 27 27 27 35 35 40 40 40
5 5 5 12 15 15 20 21 27 27 27 27 35 35 40 40 40