17 17
1 1 1 1 1 1 1 1 1 1 30 30 30 30 30 41 41
2 2 10 10 10 10 10 10 10 10 30 30 30 30 30 41 41
2 2 11 11 14 14 18 18 18 18 18 18 37 37 37 37 44
2 2 11 11 14 14 19 23 23 23 31 33 33 33 33 42 44
2 2 11 11 14 14 19 23 23 23 31 33 33 33 33 42 44
3 3 11 11 14 14 19 24 24 24 24 33 33 33 33 42 44
3 3 11 11 15 15 19 25 25 25 25 25 25 39 39 42 45
4 4 4 4 16 16 20 20 20 28 28 28 38 38 38 42 45
4 4 4 4 16 16 20 20 20 28 28 28 38 38 38 42 45
4 4 4 4 17 17 20 20 20 29 29 34 34 34 34 34 45
5 5 5 5 17 17 20 20 20 29 29 34 34 34 34 34 45
5 5 5 5 17 17 21 21 26 29 29 35 35 40 40 43 43
6 8 8 12 12 12 21 21 26 29 29 35 35 40 40 43 43
6 9 9 12 12 12 21 21 27 27 32 35 35 40 40 43 43
6 9 9 12 12 12 21 21 27 27 32 35 35 40 40 43 43
6 9 9 13 13 13 13 13 13 13 13 13 13 13 13 43 43
7 7 7 7 7 7 22 22 22 22 22 36 36 36 36 43 43