17 17
1 1 1 1 18 20 20 20 20 32 32 32 41 41 41 49 49
1 1 1 1 18 20 20 20 20 32 32 32 41 41 41 49 49
2 2 10 10 18 21 21 26 26 33 33 33 33 43 43 50 50
2 2 10 10 18 21 21 26 26 33 33 33 33 43 43 50 50
2 2 11 11 11 21 21 26 26 33 33 33 33 44 44 50 50
2 2 12 12 12 12 23 23 27 27 34 38 38 38 38 51 51
3 3 12 12 12 12 23 23 27 27 34 38 38 38 38 51 51
4 8 8 8 8 22 23 23 27 27 34 39 39 45 45 45 45
4 8 8 8 8 22 23 23 28 28 34 39 39 46 46 52 53
4 9 13 13 13 22 24 24 28 28 35 39 39 46 46 52 53
4 9 13 13 13 22 24 24 29 29 35 39 39 46 46 52 53
5 5 5 5 5 5 24 24 29 29 36 36 36 36 36 52 53
6 6 14 16 16 16 16 16 16 16 37 37 37 37 37 52 53
6 6 14 16 16 16 16 16 16 16 37 37 37 37 37 52 53
6 6 15 15 19 19 19 19 30 30 30 30 42 42 48 48 53
7 7 7 17 17 17 25 25 31 31 31 40 40 47 47 47 53
7 7 7 17 17 17 25 25 31 31 31 40 40 47 47 47 53