17 17
1 1 1 1 9 9 12 15 15 15 19 19 19 19 19 19 26
1 1 1 1 9 9 12 15 15 15 20 20 20 20 20 20 26
1 1 1 1 9 9 12 15 15 15 20 20 20 20 20 20 26
1 1 1 1 9 9 13 13 13 18 18 18 18 18 18 25 25
2 2 2 7 9 9 13 13 13 18 18 18 18 18 18 25 25
2 2 2 7 9 9 13 13 13 18 18 18 18 18 18 25 25
2 2 2 7 9 9 13 13 13 18 18 18 18 18 18 25 25
2 2 2 7 10 10 10 10 10 10 10 10 10 10 23 23 23
2 2 2 7 10 10 10 10 10 10 10 10 10 10 23 23 23
2 2 2 7 11 11 11 11 11 11 11 11 11 22 23 23 23
2 2 2 8 8 8 8 8 8 8 8 8 8 22 23 23 23
3 4 4 4 4 4 14 14 14 14 14 14 14 22 24 24 24
3 4 4 4 4 4 14 14 14 14 14 14 14 22 24 24 24
3 4 4 4 4 4 14 14 14 14 14 14 14 22 24 24 24
3 5 5 5 5 5 5 16 17 17 17 21 21 22 24 24 24
3 5 5 5 5 5 5 16 17 17 17 21 21 22 24 24 24
3 6 6 6 6 6 6 6 6 6 6 21 21 22 24 24 24