17 17
1 1 9 9 9 9 21 21 26 26 26 26 39 39 39 39 47
1 1 9 9 9 9 21 21 27 27 27 35 35 43 45 45 47
2 2 10 10 14 14 14 14 27 27 27 35 35 43 45 45 47
3 3 10 10 14 14 14 14 28 28 28 35 35 43 45 45 47
3 3 10 10 14 14 14 14 28 28 28 36 36 36 36 36 36
3 3 10 10 15 15 15 15 15 15 15 15 40 40 40 40 40
3 3 10 10 16 16 16 16 29 30 30 37 37 37 37 37 37
3 3 11 11 17 17 22 22 29 30 30 37 37 37 37 37 37
4 4 11 11 17 17 22 22 29 31 33 33 33 33 46 46 48
4 4 11 11 17 17 22 22 29 31 33 33 33 33 46 46 48
5 5 11 11 17 17 23 23 23 31 34 34 34 44 44 44 48
5 5 12 12 12 12 23 23 23 31 34 34 34 44 44 44 48
5 5 13 13 18 18 23 23 23 31 34 34 34 44 44 44 48
6 7 13 13 18 18 23 23 23 32 32 32 41 41 41 41 48
6 7 13 13 19 19 19 19 19 19 19 19 41 41 41 41 49
6 7 13 13 20 20 24 24 24 24 24 24 42 42 42 42 49
6 8 8 8 8 8 8 25 25 25 25 38 38 38 38 38 38