17 17
1 1 1 1 1 1 1 1 29 32 32 32 39 42 42 42 42
2 2 2 2 15 15 24 24 29 32 32 32 39 43 45 45 50
2 2 2 2 15 15 24 24 29 32 32 32 39 43 45 45 50
3 3 9 12 15 15 24 24 29 33 33 33 39 43 45 45 50
3 3 9 12 16 16 25 25 25 33 33 33 39 43 45 45 50
3 3 9 12 16 16 25 25 25 33 33 33 40 40 40 40 50
3 3 9 12 17 21 21 21 30 30 35 35 35 35 46 46 50
4 4 10 12 17 21 21 21 30 30 36 36 41 41 46 46 51
4 4 10 12 18 18 18 18 30 30 36 36 41 41 46 46 51
5 5 10 13 13 13 26 26 31 31 31 31 41 41 46 46 52
5 5 10 13 13 13 26 26 31 31 31 31 41 41 46 46 52
5 5 11 11 11 11 26 26 31 31 31 31 41 41 47 47 47
6 6 6 14 14 22 27 27 27 34 34 34 34 44 44 48 48
6 6 6 14 14 22 27 27 27 34 34 34 34 44 44 48 48
7 7 7 7 19 19 19 28 28 28 28 37 37 44 44 49 49
7 7 7 7 20 23 23 23 23 23 23 37 37 44 44 49 49
8 8 8 8 20 23 23 23 23 23 23 38 38 38 38 49 49