17 17
1 1 1 1 16 18 18 26 26 26 40 40 48 48 48 48 57
1 1 1 1 16 18 18 26 26 26 40 40 48 48 48 48 57
2 2 2 2 2 19 21 21 32 32 32 43 43 51 51 51 57
2 2 2 2 2 19 21 21 32 32 32 43 43 51 51 51 58
3 6 6 6 6 19 22 27 27 35 35 44 44 44 52 52 58
3 7 11 11 11 19 22 27 27 36 36 44 44 44 52 52 58
3 7 11 11 11 20 22 28 33 36 36 45 45 45 52 52 58
3 7 11 11 11 20 22 28 33 37 37 45 45 45 53 54 58
4 7 12 14 14 20 22 29 29 37 37 46 49 49 53 54 58
4 8 12 14 14 20 22 29 29 37 37 46 49 49 53 54 58
4 8 12 14 14 20 23 23 23 23 23 23 49 49 53 54 58
4 8 12 14 14 20 24 24 24 24 41 41 49 49 53 55 55
4 8 13 13 13 13 25 25 34 34 34 34 34 34 53 55 55
5 9 9 15 15 15 15 30 30 38 38 47 47 47 47 47 47
5 9 9 15 15 15 15 30 30 39 39 39 39 39 39 56 56
5 10 10 10 17 17 17 31 31 31 42 42 50 50 50 56 56
5 10 10 10 17 17 17 31 31 31 42 42 50 50 50 56 56