17 17
1 5 5 5 5 20 20 20 20 20 20 40 40 40 40 40 40
1 6 6 6 18 18 18 18 27 34 34 34 34 34 34 51 51
1 7 12 12 12 21 21 21 27 35 35 35 35 46 46 51 51
1 7 12 12 12 21 21 21 27 35 35 35 35 46 46 52 52
1 8 8 8 8 21 21 21 28 28 28 28 43 46 46 52 52
1 8 8 8 8 21 21 21 28 28 28 28 43 47 47 47 47
2 2 13 17 17 17 17 26 26 36 36 36 43 48 48 48 55
2 2 13 17 17 17 17 26 26 36 36 36 43 48 48 48 55
2 2 14 14 19 19 23 23 29 29 39 41 44 44 44 53 55
3 9 9 9 19 19 23 23 30 30 39 41 44 44 44 53 55
3 9 9 9 19 19 23 23 30 30 39 42 42 49 49 49 55
3 10 10 10 10 22 23 23 31 31 31 42 42 49 49 49 55
3 10 10 10 10 22 23 23 31 31 31 42 42 50 50 50 55
3 11 15 15 15 22 23 23 32 37 37 37 37 50 50 50 55
3 11 15 15 15 22 24 24 32 38 38 38 38 38 38 54 54
4 4 16 16 16 16 24 24 33 33 33 33 45 45 45 54 54
4 4 16 16 16 16 25 25 25 25 25 25 45 45 45 54 54