17 17
1 1 1 1 1 1 1 1 22 22 22 22 22 22 22 39 39
2 6 6 10 10 10 16 16 22 22 22 22 22 22 22 39 39
2 6 6 10 10 10 16 16 23 23 23 23 35 35 35 39 39
2 7 7 10 10 10 16 16 24 24 24 24 35 35 35 39 39
2 7 7 10 10 10 17 17 17 17 27 31 31 31 36 36 36
2 7 7 11 11 11 11 20 20 20 27 31 31 31 36 36 36
2 7 7 11 11 11 11 20 20 20 27 32 32 32 36 36 36
3 7 7 11 11 11 11 21 21 21 27 33 33 33 33 40 40
3 7 7 11 11 11 11 21 21 21 27 33 33 33 33 40 40
3 8 8 12 12 15 18 18 25 25 27 33 33 33 33 40 40
3 8 8 12 12 15 18 18 25 25 28 28 28 28 37 37 37
4 8 8 12 12 15 18 18 25 25 28 28 28 28 37 37 37
4 8 8 13 13 15 18 18 25 25 29 34 34 34 38 38 38
4 9 9 9 9 15 19 19 25 25 29 34 34 34 38 38 38
4 9 9 9 9 15 19 19 26 26 26 26 26 26 38 38 38
5 5 5 5 14 14 14 14 14 14 30 30 30 30 30 41 41
5 5 5 5 14 14 14 14 14 14 30 30 30 30 30 41 41