17 17
1 1 8 12 12 12 19 19 19 31 31 31 31 31 31 48 48
1 1 8 12 12 12 19 19 19 32 32 36 39 39 39 48 48
1 1 8 12 12 12 20 20 20 32 32 36 39 39 39 48 48
1 1 8 12 12 12 21 24 24 24 24 24 24 42 42 48 48
1 1 9 12 12 12 21 24 24 24 24 24 24 43 43 43 43
2 6 9 13 13 13 13 13 13 33 33 33 33 43 43 43 43
2 6 9 14 14 14 22 22 22 22 22 22 40 40 40 40 51
2 6 9 14 14 14 23 25 25 25 25 37 37 44 44 44 51
2 6 10 10 10 10 23 26 26 26 26 37 37 44 44 44 51
2 7 7 7 7 15 23 27 29 29 29 37 37 45 45 49 49
2 7 7 7 7 15 23 27 29 29 29 38 41 45 45 49 49
3 3 3 3 3 3 3 27 30 30 35 38 41 45 45 49 49
3 3 3 3 3 3 3 27 30 30 35 38 41 45 45 49 49
4 4 4 4 4 4 4 4 30 30 35 38 41 45 45 50 50
5 5 11 11 11 16 16 16 16 34 34 34 34 46 47 50 50
5 5 11 11 11 17 17 28 28 28 28 28 28 46 47 50 50
5 5 11 11 11 18 18 18 18 18 18 18 18 46 47 50 50