17 17
1 1 9 9 9 9 21 21 21 21 35 35 41 42 42 42 50
1 1 10 10 10 10 10 10 10 10 35 35 41 42 42 42 50
2 6 6 6 6 19 22 22 29 29 35 35 41 43 43 43 50
2 6 6 6 6 19 22 22 30 30 30 30 41 43 43 43 50
2 6 6 6 6 19 23 23 23 31 31 37 41 44 44 48 50
2 6 6 6 6 19 23 23 23 31 31 37 41 44 44 48 50
3 3 3 13 13 13 13 13 13 31 31 37 41 44 44 48 51
3 3 3 14 14 14 14 24 24 31 31 37 41 44 44 48 51
4 4 11 14 14 14 14 24 24 32 32 32 32 45 45 45 51
5 7 11 14 14 14 14 25 25 33 33 38 38 45 45 45 51
5 7 11 15 15 15 15 15 15 15 15 38 38 46 47 47 47
5 7 11 16 16 16 16 26 26 34 34 38 38 46 47 47 47
5 7 11 17 18 18 18 26 26 34 34 39 39 39 39 39 52
5 7 11 17 18 18 18 26 26 34 34 39 39 39 39 39 52
5 7 12 12 12 20 20 27 27 27 36 36 36 36 36 49 52
5 8 12 12 12 20 20 27 27 27 36 36 36 36 36 49 52
5 8 12 12 12 20 20 28 28 28 28 40 40 40 40 40 40