17 17
1 1 1 14 14 14 14 28 28 35 35 39 39 39 50 56 56
1 1 1 14 14 14 14 29 29 35 35 39 39 39 50 56 56
2 8 8 15 15 23 23 29 29 35 35 40 40 40 40 56 56
2 8 8 16 16 16 16 29 29 35 35 41 45 45 51 51 51
2 9 9 9 18 18 18 18 30 35 35 41 45 45 51 51 51
2 9 9 9 19 19 24 24 30 35 35 41 45 45 52 52 59
3 3 3 3 19 19 24 24 31 31 31 41 46 46 46 57 59
3 3 3 3 19 19 25 25 25 36 36 36 46 46 46 57 59
4 4 10 10 20 20 25 25 25 36 36 36 47 47 47 47 59
4 4 11 11 11 11 25 25 25 37 37 37 48 48 53 53 59
4 4 11 11 11 11 26 26 26 37 37 37 48 48 54 54 59
4 4 12 12 21 21 21 21 32 38 38 42 42 42 54 54 59
5 5 5 17 21 21 21 21 32 38 38 42 42 42 54 54 59
5 5 5 17 21 21 21 21 33 38 38 43 43 49 55 58 58
6 6 13 17 22 22 27 27 33 38 38 43 43 49 55 58 58
6 6 13 17 22 22 27 27 34 34 34 44 44 44 55 58 58
7 7 7 7 7 7 7 7 34 34 34 44 44 44 55 58 58