17 17
1 1 7 7 7 7 7 14 14 14 15 15 15 19 19 19 19
1 1 7 7 7 7 7 14 14 14 15 15 15 19 19 19 19
1 1 7 7 7 7 7 14 14 14 16 16 16 16 16 16 16
1 1 7 7 7 7 7 14 14 14 16 16 16 16 16 16 16
2 6 6 6 8 8 12 14 14 14 17 17 17 20 22 22 22
2 6 6 6 8 8 12 14 14 14 17 17 17 20 22 22 22
2 6 6 6 8 8 12 14 14 14 17 17 17 20 22 22 22
2 6 6 6 8 8 12 14 14 14 17 17 17 20 22 22 22
2 6 6 6 8 8 12 14 14 14 17 17 17 20 22 22 22
2 6 6 6 8 8 12 14 14 14 17 17 17 20 23 23 23
3 3 3 3 8 8 12 14 14 14 17 17 17 21 23 23 23
4 4 4 4 8 8 12 14 14 14 17 17 17 21 23 23 23
4 4 4 4 8 8 13 13 13 13 18 18 18 21 23 23 23
4 4 4 4 9 9 9 9 9 9 18 18 18 21 24 24 24
4 4 4 4 9 9 9 9 9 9 18 18 18 21 24 24 24
5 5 5 5 5 10 10 10 10 10 10 10 10 21 24 24 24
5 5 5 5 5 11 11 11 11 11 11 11 11 11 11 11 11