17 17
1 1 1 1 1 19 19 23 23 23 23 23 23 45 45 45 45
1 1 1 1 1 19 19 24 24 32 32 32 41 45 45 45 45
2 7 7 7 13 19 19 24 24 33 36 36 41 46 47 47 47
2 7 7 7 13 19 19 24 24 33 36 36 41 46 48 48 51
2 7 7 7 14 14 14 14 14 14 36 36 41 46 48 48 51
2 8 8 8 8 8 8 25 25 25 25 25 25 46 48 48 51
2 9 9 9 9 20 21 21 21 21 21 21 42 42 48 48 51
2 9 9 9 9 20 22 26 26 34 34 34 42 42 49 49 49
3 3 3 12 12 20 22 26 26 34 34 34 42 42 49 49 49
3 3 3 12 12 20 22 27 27 35 35 38 43 43 49 49 49
4 4 10 10 15 15 22 27 27 35 35 38 43 43 50 50 52
5 5 10 10 16 16 16 28 28 35 35 38 43 43 50 50 52
5 5 10 10 16 16 16 28 28 35 35 38 43 43 50 50 52
6 6 10 10 17 17 17 17 17 17 37 37 37 37 50 50 52
6 6 10 10 18 18 18 29 30 30 30 39 44 44 44 44 52
6 6 10 10 18 18 18 29 31 31 31 39 44 44 44 44 52
6 6 11 11 11 11 11 11 31 31 31 40 40 40 40 40 40