17 17
1 1 8 8 11 11 11 11 16 16 16 16 16 16 16 16 16
1 1 8 8 11 11 11 11 17 17 17 19 19 19 19 19 19
2 2 8 8 12 12 12 12 17 17 17 19 19 19 19 19 19
2 2 8 8 12 12 12 12 18 18 18 19 19 19 19 19 19
2 2 8 8 12 12 12 12 18 18 18 20 20 20 20 25 25
3 3 3 3 12 12 12 12 18 18 18 20 20 20 20 25 25
3 3 3 3 12 12 12 12 18 18 18 20 20 20 20 25 25
3 3 3 3 12 12 12 12 18 18 18 20 20 20 20 25 25
4 5 5 5 5 5 5 14 14 14 14 14 14 23 23 25 25
4 6 9 9 9 9 9 14 14 14 14 14 14 23 23 26 26
4 6 9 9 9 9 9 14 14 14 14 14 14 23 23 26 26
4 6 9 9 9 9 9 14 14 14 14 14 14 23 23 26 26
4 6 9 9 9 9 9 15 15 15 15 21 21 21 21 26 26
4 6 10 10 10 13 13 15 15 15 15 21 21 21 21 26 26
4 6 10 10 10 13 13 15 15 15 15 22 22 22 22 22 22
4 7 7 7 7 7 7 7 7 7 7 7 7 24 24 24 24
4 7 7 7 7 7 7 7 7 7 7 7 7 24 24 24 24