17 17
1 1 1 1 1 1 1 1 23 23 26 26 26 36 37 42 42
2 2 2 12 12 18 18 18 23 23 26 26 26 36 37 42 42
2 2 2 12 12 18 18 18 23 23 27 27 27 27 37 43 43
2 2 2 12 12 18 18 18 24 24 27 27 27 27 37 43 43
2 2 2 13 13 18 18 18 25 25 28 28 28 28 38 43 43
3 3 3 3 3 18 18 18 25 25 28 28 28 28 38 43 43
3 3 3 3 3 19 19 19 25 25 29 29 29 29 39 39 44
4 4 4 4 4 4 4 4 25 25 29 29 29 29 39 39 44
5 5 5 5 5 5 5 5 5 5 29 29 29 29 40 40 44
6 8 8 8 17 17 20 20 20 20 29 29 29 29 40 40 44
6 8 8 8 17 17 20 20 20 20 30 30 35 35 35 35 44
6 9 9 14 14 14 21 21 21 21 30 30 35 35 35 35 44
6 9 9 15 15 15 21 21 21 21 31 31 31 31 41 41 41
7 10 10 15 15 15 21 21 21 21 32 33 33 33 41 41 41
7 10 10 16 16 16 16 22 22 22 32 33 33 33 41 41 41
7 10 10 16 16 16 16 22 22 22 32 34 34 34 34 34 34
7 11 11 11 11 11 11 22 22 22 32 34 34 34 34 34 34