17 17
1 1 1 14 14 14 14 26 29 29 29 29 29 29 50 50 55
1 1 1 14 14 14 14 26 30 30 30 30 44 44 44 54 55
2 6 6 6 6 21 21 26 30 30 30 30 44 44 44 54 55
2 6 6 6 6 21 21 26 31 33 33 33 33 33 33 54 55
2 7 7 7 18 22 22 26 31 34 36 36 45 45 45 54 55
2 8 8 8 18 22 22 26 31 34 37 37 37 37 37 37 55
3 3 3 3 18 22 22 26 31 34 38 38 38 47 47 47 47
4 9 9 9 9 22 22 26 32 34 39 39 46 48 51 51 56
4 10 10 10 10 23 23 26 32 34 39 39 46 48 51 51 56
4 11 11 11 19 19 19 27 32 34 40 40 46 48 52 52 56
4 11 11 11 19 19 19 27 32 35 40 40 46 48 53 53 56
5 11 11 11 20 20 25 25 25 35 40 40 46 48 53 53 56
5 11 11 11 20 20 25 25 25 35 40 40 46 48 53 53 56
5 12 13 15 15 24 24 24 24 35 41 41 41 41 41 41 56
5 12 13 16 16 24 24 24 24 35 42 42 42 49 49 49 49
5 12 13 16 16 24 24 24 24 35 42 42 42 49 49 49 49
5 12 13 17 17 17 17 28 28 28 28 43 43 43 43 43 43