17 17
1 1 8 13 13 13 13 13 13 13 13 30 30 30 30 30 40
1 1 8 14 14 18 18 21 21 21 21 30 30 30 30 30 40
1 1 8 14 14 18 18 21 21 21 21 30 30 30 30 30 40
1 1 8 14 14 18 18 21 21 21 21 31 34 37 37 37 37
1 1 8 14 14 18 18 22 22 26 27 31 34 37 37 37 37
2 2 8 15 15 15 15 22 22 26 27 31 34 37 37 37 37
2 2 9 9 9 9 19 19 19 26 27 31 34 38 38 38 41
2 2 9 9 9 9 19 19 19 26 27 31 34 38 38 38 41
3 3 9 9 9 9 20 20 23 26 28 28 28 28 28 28 41
3 3 10 10 10 10 20 20 23 26 28 28 28 28 28 28 41
4 4 10 10 10 10 20 20 23 26 29 32 32 32 32 39 39
4 4 11 11 11 11 20 20 23 26 29 32 32 32 32 39 39
4 4 12 12 12 12 12 12 24 24 24 24 35 35 35 39 39
5 5 5 5 17 17 17 17 24 24 24 24 35 35 35 39 39
6 6 6 6 17 17 17 17 24 24 24 24 36 36 36 36 36
6 6 6 6 17 17 17 17 25 25 25 25 36 36 36 36 36
7 7 7 16 16 16 16 16 16 16 16 33 33 33 33 33 33