17 17
1 1 10 10 13 13 13 13 26 31 31 31 31 44 49 49 49
1 1 10 10 14 17 17 17 26 31 31 31 31 44 49 49 49
1 1 11 11 14 17 17 17 27 27 27 27 39 44 49 49 49
1 1 11 11 14 18 18 18 18 32 35 35 39 45 45 45 45
1 1 11 11 14 18 18 18 18 32 35 35 39 45 45 45 45
2 2 11 11 15 15 22 22 28 32 35 35 40 40 40 40 40
3 3 3 3 3 3 22 22 28 32 35 35 41 46 46 46 46
3 3 3 3 3 3 22 22 28 33 33 33 41 47 47 50 51
4 4 4 4 16 16 16 16 28 34 34 34 41 47 47 50 51
5 7 7 12 12 19 23 23 29 34 34 34 42 47 47 50 51
5 7 7 12 12 19 24 24 29 34 34 34 42 47 47 50 51
5 8 8 12 12 19 24 24 30 30 36 36 42 48 48 48 51
5 8 8 12 12 19 24 24 30 30 37 37 42 48 48 48 51
6 8 8 12 12 20 20 25 25 25 37 37 42 48 48 48 52
6 9 9 9 9 20 20 25 25 25 37 37 42 48 48 48 52
6 9 9 9 9 20 20 25 25 25 37 37 43 43 43 43 52
6 9 9 9 9 21 21 25 25 25 38 38 38 38 38 38 52