17 17
1 3 3 3 3 8 8 8 8 8 8 23 23 23 23 23 23
1 3 3 3 3 9 9 9 9 17 17 23 23 23 23 23 23
1 3 3 3 3 9 9 9 9 17 17 24 24 24 24 24 24
1 3 3 3 3 9 9 9 9 18 18 18 18 27 27 27 30
1 3 3 3 3 10 10 10 10 10 10 10 10 27 27 27 30
1 3 3 3 3 11 11 11 11 19 19 19 19 27 27 27 30
1 3 3 3 3 11 11 11 11 19 19 19 19 28 29 29 30
1 3 3 3 3 11 11 11 11 20 20 20 20 28 29 29 30
1 4 4 4 4 4 4 4 4 4 4 25 25 28 29 29 30
1 5 5 5 5 5 12 12 12 12 12 25 25 28 29 29 30
1 5 5 5 5 5 12 12 12 12 12 25 25 28 29 29 30
1 5 5 5 5 5 13 13 16 16 16 16 16 16 29 29 30
2 2 2 6 6 6 13 13 16 16 16 16 16 16 29 29 30
2 2 2 6 6 6 14 14 14 14 22 22 26 26 26 26 30
2 2 2 6 6 6 14 14 14 14 22 22 26 26 26 26 30
2 2 2 6 6 6 15 15 15 21 21 21 26 26 26 26 30
2 2 2 7 7 7 7 7 7 21 21 21 26 26 26 26 30