17 17
1 7 7 7 15 19 19 19 19 34 34 34 46 48 48 56 56
1 7 7 7 15 19 19 19 19 34 34 34 46 48 48 56 56
2 2 2 2 2 2 23 23 30 30 30 30 46 49 49 56 56
2 2 2 2 2 2 24 24 24 24 37 37 46 50 50 50 59
3 8 8 8 16 20 20 27 27 35 37 37 47 50 50 50 59
3 8 8 8 16 20 20 27 27 35 37 37 47 50 50 50 59
3 9 9 14 14 20 20 27 27 35 38 38 38 38 53 53 59
4 4 4 14 14 21 21 21 31 35 38 38 38 38 53 53 59
4 4 4 14 14 21 21 21 31 35 39 42 42 51 54 54 59
4 4 4 14 14 21 21 21 31 35 39 42 42 51 55 55 55
5 5 10 10 10 10 25 25 25 36 39 42 42 51 55 55 55
5 5 11 11 17 17 26 28 28 36 39 42 42 52 52 57 57
6 6 11 11 17 17 26 29 32 32 40 43 43 52 52 58 58
6 6 12 12 12 12 26 29 32 32 40 44 44 44 44 58 58
6 6 12 12 12 12 26 29 32 32 40 44 44 44 44 58 58
6 6 13 13 18 22 22 22 33 33 40 45 45 45 45 58 58
6 6 13 13 18 22 22 22 33 33 41 41 41 41 41 41 41