17 17
1 1 6 6 6 14 14 14 14 26 26 26 26 26 26 35 35
1 1 6 6 6 14 14 14 14 27 27 27 27 32 32 35 35
2 2 6 6 6 15 15 22 22 27 27 27 27 32 32 35 35
2 2 6 6 6 15 15 22 22 27 27 27 27 32 32 35 35
2 2 6 6 6 15 15 23 23 23 23 23 23 32 32 35 35
2 2 7 9 9 9 9 9 9 9 9 9 9 32 32 35 35
2 2 7 10 12 12 19 19 19 19 29 29 29 29 29 36 36
2 2 7 10 12 12 20 20 20 20 29 29 29 29 29 36 36
3 3 7 10 12 12 20 20 20 20 29 29 29 29 29 37 37
4 4 4 10 13 13 13 13 13 13 13 13 13 33 33 33 38
4 4 4 11 11 16 21 21 24 24 24 24 24 33 33 33 38
4 4 4 11 11 16 21 21 24 24 24 24 24 33 33 33 38
4 4 4 11 11 16 21 21 25 28 28 30 30 33 33 33 38
5 5 8 8 8 16 21 21 25 28 28 30 30 33 33 33 38
5 5 8 8 8 17 17 17 25 28 28 30 30 33 33 33 38
5 5 8 8 8 17 17 17 25 28 28 31 31 34 34 34 34
5 5 8 8 8 18 18 18 18 18 18 31 31 34 34 34 34