17 17
1 1 10 10 10 10 10 10 25 25 25 25 25 25 46 46 46
2 5 5 5 16 16 16 16 26 26 34 34 34 34 46 46 46
2 5 5 5 17 18 18 18 26 26 35 35 40 40 40 48 48
2 5 5 5 17 18 18 18 26 26 35 35 40 40 40 48 48
2 6 11 11 17 18 18 18 26 26 36 36 36 42 42 42 50
3 6 11 11 17 18 18 18 27 27 36 36 36 42 42 42 50
3 6 11 11 17 19 19 19 28 28 28 28 41 41 47 47 50
3 6 11 11 17 20 20 20 29 29 29 29 41 41 47 47 50
3 6 12 13 13 20 20 20 29 29 29 29 41 41 47 47 50
3 6 12 13 13 20 20 20 30 30 30 38 38 43 43 43 50
3 7 7 13 13 21 21 21 30 30 30 38 38 44 44 44 44
4 7 7 13 13 21 21 21 31 31 37 38 38 44 44 44 44
4 7 7 14 14 22 22 24 24 24 37 38 38 44 44 44 44
4 7 7 14 14 22 22 24 24 24 37 38 38 44 44 44 44
4 8 8 14 14 22 22 24 24 24 37 38 38 45 45 49 49
4 9 9 14 14 23 23 23 23 32 32 32 32 45 45 49 49
4 9 9 15 15 15 15 15 15 33 33 39 39 39 39 39 39