17 17
1 6 6 6 6 6 6 21 23 23 30 30 34 34 34 41 44
1 7 7 7 14 14 17 21 23 23 30 30 34 34 34 41 44
1 7 7 7 14 14 17 21 23 23 30 30 35 35 35 41 44
1 7 7 7 14 14 17 21 23 23 30 30 35 35 35 41 44
2 2 2 2 14 14 17 21 24 24 30 30 36 36 36 41 45
3 3 3 3 14 14 18 21 25 25 30 30 36 36 36 41 45
3 3 3 3 14 14 18 21 25 25 30 30 37 37 39 39 45
4 8 9 11 11 11 18 21 26 26 26 26 37 37 39 39 45
4 8 9 11 11 11 18 21 26 26 26 26 37 37 40 42 45
4 8 10 12 12 12 12 21 27 27 31 31 37 37 40 42 45
4 8 10 12 12 12 12 21 27 27 31 31 38 38 40 42 46
4 8 10 13 15 15 19 21 27 27 31 31 38 38 40 42 46
4 8 10 13 15 15 19 22 22 28 31 31 38 38 40 42 46
5 5 10 13 15 15 19 22 22 28 32 32 32 32 40 42 46
5 5 10 13 15 15 19 22 22 28 33 33 33 33 40 43 43
5 5 10 13 15 15 20 20 20 28 33 33 33 33 40 43 43
5 5 10 13 16 16 20 20 20 29 29 29 29 29 29 43 43