17 17
1 6 9 9 9 16 16 22 25 25 29 29 29 35 35 35 46
1 6 9 9 9 16 16 22 25 25 29 29 29 35 35 35 46
1 6 9 9 9 16 16 22 25 25 29 29 29 35 35 35 46
1 6 10 12 12 12 18 18 18 18 29 29 29 36 36 42 46
1 6 10 12 12 12 19 23 23 26 29 29 29 36 36 42 46
1 7 7 13 15 15 19 23 23 26 30 30 33 36 36 42 46
1 7 7 13 15 15 19 23 23 26 30 30 33 36 36 43 43
1 7 7 13 15 15 19 23 23 26 30 30 33 37 37 43 43
2 7 7 14 14 14 19 23 23 26 30 30 33 37 37 43 43
2 8 8 14 14 14 19 24 24 26 31 31 31 31 31 43 43
2 8 8 14 14 14 19 24 24 27 27 27 27 38 38 43 43
3 3 11 11 11 11 19 24 24 27 27 27 27 38 38 44 44
3 3 11 11 11 11 20 20 20 20 20 20 34 38 38 44 44
3 3 11 11 11 11 20 20 20 20 20 20 34 39 39 44 44
4 4 4 4 4 17 17 17 17 28 32 32 32 39 39 45 45
4 4 4 4 4 17 17 17 17 28 32 32 32 40 40 45 45
5 5 5 5 5 5 21 21 21 21 32 32 32 41 41 41 41