17 17
1 6 6 9 9 9 16 16 16 16 16 26 26 26 26 26 26
1 6 6 9 9 9 16 16 16 16 16 26 26 26 26 26 26
1 6 6 10 10 13 13 13 13 13 13 13 13 13 33 33 33
1 6 6 10 10 13 13 13 13 13 13 13 13 13 33 33 33
2 2 2 10 10 14 17 17 17 17 17 17 17 29 29 35 35
2 2 2 10 10 14 17 17 17 17 17 17 17 29 29 35 35
2 2 2 10 10 14 18 19 19 19 19 27 27 29 29 35 35
3 3 3 3 3 14 18 20 24 24 24 27 27 29 29 36 36
3 3 3 3 3 14 18 20 24 24 24 27 27 30 30 30 30
4 7 7 7 7 14 18 20 24 24 24 27 27 30 30 30 30
4 8 8 11 11 11 11 20 24 24 24 27 27 30 30 30 30
4 8 8 11 11 11 11 21 24 24 24 28 28 28 34 34 34
4 8 8 12 12 12 12 21 24 24 24 28 28 28 34 34 34
4 8 8 12 12 12 12 22 22 22 22 22 22 31 31 31 31
4 8 8 12 12 12 12 23 23 23 25 25 25 31 31 31 31
5 5 5 5 5 15 15 15 15 15 25 25 25 32 32 32 32
5 5 5 5 5 15 15 15 15 15 25 25 25 32 32 32 32