17 17
1 1 1 1 1 15 15 23 23 23 23 34 34 34 34 34 34
1 1 1 1 1 16 16 16 16 30 30 34 34 34 34 34 34
2 2 2 2 2 2 2 2 24 30 30 34 34 34 34 34 34
3 3 3 3 13 17 17 17 24 31 31 31 31 31 31 31 31
3 3 3 3 13 17 17 17 25 25 25 35 37 37 37 37 45
3 3 3 3 13 17 17 17 25 25 25 35 37 37 37 37 45
4 7 7 7 7 17 17 17 26 26 26 26 37 37 37 37 45
4 8 10 10 10 10 10 10 26 26 26 26 37 37 37 37 45
5 8 11 11 14 14 14 14 14 14 14 14 14 41 41 43 45
5 9 9 9 9 9 21 21 27 27 27 36 38 38 38 43 45
5 9 9 9 9 9 21 21 27 27 27 36 38 38 38 44 44
5 9 9 9 9 9 22 22 27 27 27 36 39 39 39 39 39
6 6 12 12 12 18 18 18 18 18 18 36 39 39 39 39 39
6 6 12 12 12 19 19 19 28 28 33 36 40 40 42 42 42
6 6 12 12 12 19 19 19 28 28 33 36 40 40 42 42 42
6 6 12 12 12 19 19 19 29 32 32 36 40 40 42 42 42
6 6 12 12 12 20 20 20 29 32 32 36 40 40 42 42 42