17 17
1 1 1 1 1 1 1 1 24 24 24 35 40 40 46 46 46
2 2 2 2 2 15 15 15 24 24 24 35 40 40 46 46 46
2 2 2 2 2 15 15 15 25 25 32 35 41 41 46 46 46
3 3 10 10 10 16 16 16 25 25 32 35 41 41 47 50 50
4 4 10 10 10 17 17 22 25 25 32 36 41 41 47 50 50
4 4 10 10 10 17 17 22 26 30 32 36 41 41 47 51 51
5 5 11 14 14 17 17 22 26 30 33 33 42 42 47 52 52
5 5 11 14 14 17 17 22 26 30 33 33 42 42 47 52 52
5 5 11 14 14 18 18 23 26 30 33 33 42 42 47 52 52
5 5 11 14 14 18 18 23 26 31 31 37 37 37 37 52 52
6 8 12 12 12 18 18 23 26 31 31 37 37 37 37 52 52
6 8 12 12 12 19 19 23 27 27 34 38 43 43 43 43 43
6 9 9 9 9 9 21 21 27 27 34 38 43 43 43 43 43
6 9 9 9 9 9 21 21 28 28 34 39 44 44 48 48 48
7 7 13 13 13 20 20 20 28 28 34 39 45 45 48 48 48
7 7 13 13 13 20 20 20 29 29 29 39 45 45 49 49 49
7 7 13 13 13 20 20 20 29 29 29 39 45 45 49 49 49