17 17
1 1 1 1 1 1 1 1 17 17 17 17 17 17 17 17 17
2 2 2 2 2 2 2 2 17 17 17 17 17 17 17 17 17
3 3 3 3 11 11 11 11 18 18 18 22 22 22 22 22 22
3 3 3 3 11 11 11 11 18 18 18 22 22 22 22 22 22
4 4 4 4 11 11 11 11 19 19 19 22 22 22 22 22 22
4 4 4 4 11 11 11 11 19 19 19 23 23 23 23 27 28
5 7 10 10 11 11 11 11 20 20 20 20 20 26 26 27 28
5 7 10 10 11 11 11 11 20 20 20 20 20 26 26 27 28
5 7 10 10 11 11 11 11 20 20 20 20 20 26 26 27 28
5 7 10 10 12 12 12 12 20 20 20 20 20 26 26 27 28
5 8 8 8 8 8 13 13 13 13 21 24 24 24 24 27 28
5 8 8 8 8 8 13 13 13 13 21 24 24 24 24 27 28
5 8 8 8 8 8 13 13 13 13 21 24 24 24 24 27 28
5 8 8 8 8 8 14 15 15 15 15 15 15 15 15 27 28
5 9 9 9 9 9 14 15 15 15 15 15 15 15 15 27 28
5 9 9 9 9 9 14 16 16 16 16 16 25 25 25 27 28
6 6 6 6 6 6 14 16 16 16 16 16 25 25 25 27 28