14 18
1 1 11 11 11 11 23 23 23 32 32 32 32 32 54 54 54 54
1 1 12 12 16 16 16 16 16 33 38 38 46 46 46 46 46 61
1 1 12 12 17 21 21 28 29 33 39 39 39 50 50 55 55 61
2 2 12 12 17 21 21 28 29 33 39 39 39 50 50 56 59 61
2 2 13 13 13 13 24 28 29 34 34 43 47 47 47 56 59 61
3 5 5 5 5 5 24 28 30 34 34 43 47 47 47 56 59 62
3 6 6 6 18 18 24 28 30 35 35 35 35 35 35 35 59 62
3 6 6 6 19 19 25 28 30 36 36 44 44 44 44 44 59 62
3 7 7 14 19 19 25 28 31 37 40 40 48 51 51 51 59 62
3 7 7 14 19 19 26 26 31 37 41 41 48 52 52 52 60 60
4 7 7 15 15 15 15 15 31 37 41 41 48 52 52 52 60 60
4 8 8 8 20 20 27 27 27 37 41 41 49 49 49 57 57 57
4 9 9 9 9 9 27 27 27 37 42 42 42 53 53 53 53 53
4 10 10 10 10 22 22 22 22 22 22 45 45 45 45 58 58 58