17 17
1 7 7 7 15 15 15 15 28 28 36 36 36 36 52 52 52
1 7 7 7 16 16 16 16 28 28 37 37 46 46 52 52 52
1 8 10 11 11 11 24 25 25 34 38 38 38 50 50 50 50
1 8 10 11 11 11 24 25 25 34 39 39 47 47 53 53 53
1 8 10 11 11 11 24 25 25 34 39 39 47 47 53 53 53
1 8 10 11 11 11 24 25 25 35 35 35 47 47 54 54 57
2 8 10 12 12 22 22 25 25 35 35 35 47 47 54 54 57
2 8 10 12 12 22 22 26 29 29 29 29 29 29 54 54 57
3 3 3 3 17 17 17 26 30 30 30 30 48 48 54 54 58
4 9 9 13 13 23 23 23 31 31 40 43 48 48 54 54 58
4 9 9 13 13 23 23 23 31 31 40 43 49 49 54 54 58
4 9 9 13 13 23 23 23 31 31 40 44 44 44 44 44 44
4 9 9 14 18 18 18 18 18 18 40 44 44 44 44 44 44
5 5 5 14 18 18 18 18 18 18 41 41 41 51 51 55 55
5 5 5 14 19 19 19 27 32 32 41 41 41 51 51 55 55
5 5 5 14 20 20 20 27 32 32 42 42 42 51 51 55 55
6 6 6 6 21 21 21 27 33 33 33 45 45 51 51 56 56