17 17
1 5 5 5 14 14 14 28 30 30 30 30 45 47 47 47 47
1 5 5 5 14 14 14 28 30 30 30 30 45 48 48 48 48
1 5 5 5 15 15 15 15 15 15 36 36 45 48 48 48 48
1 6 10 10 10 10 24 24 24 24 36 36 45 49 52 52 52
1 6 10 10 10 10 25 25 25 33 33 33 33 49 52 52 52
1 6 11 11 16 16 25 25 25 34 37 37 37 49 53 53 57
2 6 11 11 16 16 26 26 26 34 37 37 37 49 54 54 57
2 6 11 11 17 20 27 27 27 34 38 40 40 40 54 54 57
2 6 12 12 17 20 27 27 27 34 38 40 40 40 54 54 57
2 7 7 7 17 21 21 29 31 31 38 41 46 46 46 46 57
3 7 7 7 17 22 22 29 31 31 38 41 46 46 46 46 57
3 8 8 8 8 22 22 29 31 31 39 42 42 50 50 50 50
3 8 8 8 8 22 22 29 31 31 39 42 42 50 50 50 50
3 9 13 13 18 18 18 18 32 35 39 42 42 51 51 56 56
3 9 13 13 18 18 18 18 32 35 39 43 43 43 55 56 56
3 9 13 13 19 23 23 23 23 35 39 43 43 43 55 56 56
4 4 4 4 19 23 23 23 23 35 39 44 44 44 44 56 56