17 17
1 1 1 1 1 15 18 18 18 18 31 31 40 40 40 40 40
1 1 1 1 1 15 18 18 18 18 31 31 40 40 40 40 40
2 2 2 8 8 15 19 19 19 19 31 31 40 40 40 40 40
2 2 2 9 9 15 20 20 20 28 32 32 32 42 42 46 46
2 2 2 9 9 15 20 20 20 28 32 32 32 42 42 46 46
3 3 3 9 9 15 21 21 25 25 32 32 32 42 42 46 46
3 3 3 9 9 15 21 21 26 26 33 35 41 41 41 46 46
4 4 7 10 10 15 21 21 26 26 33 35 41 41 41 46 46
4 4 7 11 11 15 22 22 26 26 33 36 36 36 44 47 47
4 4 7 11 11 15 22 22 26 26 33 37 37 37 44 47 47
4 4 7 11 11 16 22 22 27 27 34 38 38 38 44 48 48
4 4 7 11 11 16 23 23 23 23 34 38 38 38 44 48 48
5 5 7 12 14 17 17 17 17 29 29 38 38 38 44 48 48
5 5 7 12 14 17 17 17 17 29 29 38 38 38 44 48 48
5 5 7 12 14 17 17 17 17 30 30 30 30 43 43 43 43
6 6 6 13 13 13 24 24 24 24 24 39 39 39 45 45 45
6 6 6 13 13 13 24 24 24 24 24 39 39 39 45 45 45