17 17
1 1 1 1 1 1 22 22 22 22 31 34 34 34 34 44 44
1 1 1 1 1 1 22 22 22 22 31 34 34 34 34 44 44
2 2 9 12 12 12 12 12 12 12 12 12 12 41 41 41 41
2 2 9 13 13 13 13 13 13 29 29 29 29 42 42 42 42
2 2 10 10 15 15 15 24 24 24 24 24 24 42 42 42 42
3 3 10 10 16 16 16 16 27 27 27 27 27 27 27 27 47
3 3 10 10 17 17 17 17 17 17 32 32 36 36 36 36 47
3 3 11 11 11 11 11 11 11 11 32 32 37 37 43 45 47
4 4 4 4 4 4 4 4 28 28 28 28 37 37 43 45 47
5 5 5 5 18 18 18 18 18 18 18 18 37 37 43 45 47
5 5 5 5 19 19 19 19 19 30 30 35 37 37 43 45 47
5 5 5 5 19 19 19 19 19 30 30 35 38 38 43 46 46
6 6 6 14 14 20 20 25 25 30 30 35 38 38 43 46 46
7 7 7 14 14 20 20 26 26 26 33 35 39 39 39 46 46
7 7 7 14 14 20 20 26 26 26 33 35 39 39 39 46 46
7 7 7 14 14 21 21 21 21 21 21 35 40 40 40 40 40
8 8 8 8 8 8 23 23 23 23 23 23 40 40 40 40 40