17 17
1 1 1 1 1 1 17 17 22 22 22 22 22 22 38 38 43
2 2 8 8 8 8 17 17 23 26 30 30 34 34 38 38 43
2 2 9 9 9 15 15 21 23 26 30 30 34 34 39 39 43
2 2 9 9 9 15 15 21 23 27 27 32 34 34 39 39 43
3 3 9 9 9 15 15 21 23 27 27 32 35 35 39 39 43
3 3 9 9 9 15 15 21 24 27 27 32 35 35 39 39 43
4 4 4 4 4 4 18 21 24 28 28 32 35 35 40 40 40
4 4 4 4 4 4 18 21 24 28 28 32 35 35 40 40 40
5 5 5 5 5 5 18 21 24 28 28 32 35 35 40 40 40
6 6 10 10 10 16 18 21 24 28 28 32 35 35 41 41 41
6 6 10 10 10 16 19 19 24 29 29 32 35 35 41 41 41
6 6 11 11 11 11 19 19 24 29 29 33 36 36 36 42 44
6 6 11 11 11 11 19 19 24 29 29 33 36 36 36 42 44
6 6 12 12 13 13 19 19 24 29 29 33 36 36 36 42 44
6 6 12 12 13 13 20 20 24 29 29 33 36 36 36 42 44
7 7 12 12 13 13 20 20 25 25 31 31 37 37 37 42 44
7 7 12 12 14 14 14 14 14 14 31 31 37 37 37 42 44