17 17
1 5 7 7 15 15 15 15 15 15 15 15 32 32 32 32 41
1 5 7 7 16 16 16 16 16 16 29 31 32 32 32 32 41
1 5 7 7 16 16 16 16 16 16 29 31 33 33 33 33 41
1 5 8 8 8 17 19 19 24 24 29 31 33 33 33 33 41
2 5 8 8 8 17 19 19 24 24 29 31 33 33 33 33 41
2 5 9 9 9 9 9 9 24 24 29 31 34 34 38 38 38
2 5 9 9 9 9 9 9 25 25 29 31 34 34 38 38 38
2 5 9 9 9 9 9 9 25 25 30 30 34 34 38 38 38
3 5 10 10 10 10 10 10 10 10 30 30 34 34 39 39 39
3 5 11 12 12 12 12 12 12 26 26 26 34 34 39 39 39
3 6 11 13 13 13 20 21 21 26 26 26 35 35 35 35 35
3 6 11 13 13 13 20 21 21 26 26 26 35 35 35 35 35
3 6 11 14 14 18 18 21 21 27 27 27 27 27 27 40 40
3 6 11 14 14 18 18 21 21 28 28 28 28 36 36 36 36
4 4 11 14 14 18 18 21 21 28 28 28 28 36 36 36 36
4 4 11 14 14 18 18 22 22 22 22 22 22 37 37 37 42
4 4 11 14 14 18 18 23 23 23 23 23 23 37 37 37 42