17 17
1 1 1 1 1 1 1 1 27 27 27 27 44 44 44 54 55
2 2 11 11 11 19 24 24 27 27 27 27 44 44 44 54 55
2 2 11 11 11 19 24 24 27 27 27 27 45 45 45 54 55
2 2 12 12 17 19 24 24 28 28 28 28 46 47 47 54 55
2 2 12 12 17 19 24 24 28 28 28 28 46 48 48 48 48
2 2 13 13 18 18 18 18 29 32 32 38 38 38 38 38 38
3 7 7 7 7 20 20 25 29 32 32 39 39 49 49 49 56
3 7 7 7 7 20 20 25 30 33 37 39 39 49 49 49 56
3 8 8 8 8 21 21 21 30 33 37 39 39 50 50 50 56
4 4 4 4 4 21 21 21 30 33 37 40 40 40 40 40 56
4 4 4 4 4 22 22 22 30 33 37 40 40 40 40 40 56
4 4 4 4 4 23 23 23 30 34 34 34 34 51 52 52 56
5 5 14 14 14 23 23 23 30 35 35 41 41 51 53 53 53
6 9 9 15 15 15 15 26 31 35 35 42 42 51 53 53 53
6 10 10 15 15 15 15 26 31 35 35 42 42 51 53 53 53
6 10 10 16 16 16 16 26 31 35 35 43 43 43 43 43 43
6 10 10 16 16 16 16 26 31 36 36 43 43 43 43 43 43