17 17
1 1 1 8 8 10 10 10 10 10 10 10 10 22 22 22 22
1 1 1 8 8 11 11 11 11 11 11 18 18 22 22 22 22
1 1 1 8 8 11 11 11 11 11 11 18 18 22 22 22 22
1 1 1 8 8 11 11 11 11 11 11 19 19 19 19 19 19
1 1 1 8 8 11 11 11 11 11 11 20 20 23 23 23 23
2 2 5 8 8 11 11 11 11 11 11 20 20 23 23 23 23
2 2 5 8 8 11 11 11 11 11 11 20 20 23 23 23 23
2 2 5 8 8 12 12 13 13 13 13 13 13 24 24 24 25
2 2 5 8 8 12 12 13 13 13 13 13 13 24 24 24 25
2 2 5 8 8 12 12 14 14 15 15 15 15 24 24 24 25
3 3 5 9 9 9 9 14 14 16 16 16 16 16 16 16 25
3 3 5 9 9 9 9 14 14 16 16 16 16 16 16 16 25
3 3 5 9 9 9 9 14 14 16 16 16 16 16 16 16 25
3 3 6 6 6 6 6 6 6 6 6 6 6 6 6 6 6
3 3 7 7 7 7 7 7 7 7 17 17 21 21 21 21 21
3 3 7 7 7 7 7 7 7 7 17 17 21 21 21 21 21
4 4 4 4 4 4 4 4 4 4 17 17 21 21 21 21 21