14 18
1 1 1 11 16 18 21 21 21 27 27 32 32 32 32 32 32 32
1 1 1 11 16 18 21 21 21 27 27 33 33 33 33 33 44 44
1 1 1 11 16 18 22 22 22 22 22 22 22 22 22 43 44 44
2 2 2 2 2 19 19 19 19 28 30 34 34 34 34 43 45 46
3 3 3 3 3 3 3 26 26 28 30 35 35 35 35 35 45 46
4 4 4 12 12 12 12 12 12 28 30 36 36 36 36 36 45 46
4 4 4 13 13 13 23 23 23 28 30 37 37 38 40 40 45 46
4 4 4 14 14 14 14 14 14 14 30 37 37 38 40 40 45 46
5 7 7 7 7 20 20 20 20 20 30 37 37 38 40 40 45 46
5 8 8 8 17 17 24 24 24 29 30 37 37 38 41 41 41 46
5 8 8 8 17 17 24 24 24 29 31 31 31 38 41 41 41 46
5 9 9 15 15 15 15 15 15 15 31 31 31 38 42 42 42 47
5 10 10 10 10 10 10 10 10 10 31 31 31 38 42 42 42 47
6 6 6 6 6 6 25 25 25 25 25 25 25 39 39 39 39 39