17 17
1 1 1 9 9 9 9 9 9 9 9 21 21 21 21 21 21
1 1 1 10 10 10 10 10 16 16 16 16 16 25 25 25 25
1 1 1 10 10 10 10 10 16 16 16 16 16 25 25 25 25
1 1 1 10 10 10 10 10 17 17 17 22 22 22 22 26 26
2 2 2 2 2 2 2 2 2 2 19 22 22 22 22 26 26
2 2 2 2 2 2 2 2 2 2 19 22 22 22 22 27 28
3 3 7 7 7 7 11 11 11 11 19 22 22 22 22 27 28
3 3 7 7 7 7 12 12 18 18 19 22 22 22 22 27 28
3 3 7 7 7 7 12 12 18 18 19 22 22 22 22 27 28
3 3 7 7 7 7 12 12 18 18 19 23 23 23 23 23 28
3 3 8 8 8 8 8 15 18 18 19 23 23 23 23 23 28
3 3 8 8 8 8 8 15 18 18 19 24 24 24 24 24 28
4 4 4 4 4 4 13 15 18 18 20 24 24 24 24 24 28
4 4 4 4 4 4 13 15 18 18 20 24 24 24 24 24 28
5 5 5 5 5 5 13 15 18 18 20 24 24 24 24 24 28
6 6 6 6 6 6 13 15 18 18 20 24 24 24 24 24 28
6 6 6 6 6 6 14 14 14 14 14 14 14 14 14 14 28