14 18
1 8 8 8 19 19 27 27 27 35 35 45 45 45 57 57 57 57
1 9 9 16 16 16 16 29 29 36 36 36 48 48 48 48 63 63
1 9 9 17 17 17 17 29 29 37 37 37 37 54 54 54 64 64
2 2 2 2 2 2 2 2 2 2 2 2 49 54 54 54 64 64
3 10 13 13 13 13 13 30 30 38 38 38 49 54 54 54 65 68
3 10 14 14 20 23 23 30 30 39 39 39 49 55 58 58 65 68
3 10 14 14 20 23 23 31 31 40 40 46 49 55 58 58 65 68
4 11 11 11 21 21 21 32 32 32 44 46 50 56 56 60 60 68
4 12 15 15 15 24 24 24 33 41 44 46 50 56 56 61 61 61
4 12 15 15 15 25 25 25 33 41 44 46 51 51 51 51 66 66
5 5 15 15 15 26 26 26 34 41 44 47 51 51 51 51 66 66
5 5 15 15 15 26 26 26 34 42 42 47 51 51 51 51 67 67
6 6 6 6 22 22 22 22 34 42 42 47 52 52 59 59 59 59
7 7 7 18 18 18 28 28 28 43 43 47 53 53 53 62 62 62