12 16
4 4 4 4 4 14 14 14 33 31 31 22 22 22 22 22
5 2 3 3 3 14 14 14 33 28 28 28 35 35 36 36
5 2 3 3 3 14 14 14 33 34 34 19 35 35 36 36
5 30 30 30 32 32 32 32 33 34 34 19 35 35 36 36
5 30 30 30 9 9 9 9 9 9 9 19 21 11 38 38
18 30 30 30 6 23 23 23 20 20 20 19 21 11 38 38
18 10 10 7 6 23 23 23 29 29 27 19 25 11 38 38
18 10 10 7 6 23 23 23 29 29 27 19 25 11 38 38
18 17 17 17 17 17 17 17 17 17 27 19 25 11 40 39
18 24 24 26 26 26 26 26 26 13 13 19 25 11 40 39
18 24 24 15 15 16 16 16 16 13 13 19 25 11 40 39
8 8 8 8 8 16 16 16 16 0 0 0 0 0 0 39