12 16
1 2 2 2 8 8 8 7 57 57 57 56 53 0 0 0
1 3 16 5 5 5 55 7 22 22 22 56 53 54 49 64
1 3 16 52 52 52 55 7 59 13 63 56 53 54 49 64
4 3 16 27 27 27 55 31 59 13 63 62 51 54 49 64
4 19 19 19 6 24 30 31 59 13 63 62 51 41 41 41
4 10 10 10 6 24 30 31 58 58 58 62 51 50 50 50
14 14 14 17 6 24 30 33 33 33 45 40 60 60 60 46
15 15 15 17 21 21 21 34 34 34 45 40 23 47 39 46
12 12 12 17 25 25 25 36 36 36 45 40 23 47 39 46
44 26 26 26 9 29 29 29 32 35 35 35 23 47 39 48
44 20 20 20 9 18 18 18 32 37 37 37 38 38 38 48
44 61 61 61 9 28 28 28 32 43 43 43 42 42 42 48