12 16
7 7 12 31 31 34 34 34 34 34 34 15 15 15 33 33
6 5 12 11 11 11 11 11 11 24 24 15 15 15 33 33
6 5 12 13 13 13 8 29 30 30 30 47 47 47 47 47
6 5 3 3 2 22 8 29 0 28 28 28 32 32 32 32
6 40 1 44 2 22 8 29 0 35 35 35 35 35 35 35
6 40 1 44 16 22 8 23 23 23 23 23 23 23 20 20
4 40 1 44 16 22 8 42 42 42 42 42 38 38 38 37
4 40 49 44 16 22 8 46 46 46 26 26 38 38 38 37
4 40 49 44 16 22 8 10 10 10 26 26 43 43 36 36
4 27 49 44 16 22 17 17 9 9 9 9 9 9 36 36
4 27 41 41 16 21 17 17 14 14 14 14 14 48 48 48
4 27 41 41 16 21 25 25 25 25 18 18 18 39 39 39