14 18
1 1 1 18 18 18 18 18 18 33 33 42 42 49 54 54 54 63
2 2 17 17 17 22 25 25 25 33 33 42 42 49 54 54 54 63
3 3 3 3 3 22 26 28 28 33 33 43 43 49 55 55 55 64
4 4 4 4 4 22 26 28 28 34 38 38 38 49 56 56 56 64
5 5 5 5 5 22 26 28 28 34 39 39 39 39 39 39 39 64
6 11 11 11 11 22 26 29 31 31 31 44 44 50 50 50 50 50
6 12 12 12 12 22 26 29 32 35 40 40 40 40 57 57 57 57
7 7 7 7 7 22 27 27 32 35 41 45 46 51 51 51 51 51
8 13 13 19 19 19 19 19 32 35 41 45 46 52 52 58 61 61
8 14 14 14 14 14 14 14 32 36 36 45 46 52 52 58 62 62
9 9 9 9 9 9 9 30 32 36 36 45 47 47 47 58 62 62
10 15 15 20 20 20 20 30 32 36 36 45 47 47 47 58 62 62
10 16 16 16 21 23 23 23 32 37 37 45 48 53 53 59 59 59
10 16 16 16 21 24 24 24 24 24 24 45 48 53 53 60 60 60