14 18
1 1 1 17 24 24 32 32 32 45 45 57 58 65 65 72 78 82
2 2 2 17 24 24 33 33 33 45 45 57 58 65 65 72 78 82
3 3 14 14 14 27 27 27 42 42 42 57 59 59 59 72 78 83
4 4 4 18 18 28 34 38 38 46 50 50 50 66 70 70 70 83
5 5 15 18 18 28 34 38 38 46 51 51 60 66 71 73 79 83
6 6 15 19 19 19 34 39 39 46 52 52 60 67 71 73 79 83
6 6 15 20 20 20 35 35 35 46 52 52 60 67 71 73 79 83
7 11 11 11 25 25 25 40 40 46 53 53 61 61 71 74 80 80
7 12 12 21 21 29 36 41 41 47 54 54 54 54 54 74 80 80
7 13 13 22 22 29 36 41 41 47 55 55 62 62 62 74 81 81
7 13 13 22 22 30 30 30 43 43 43 43 63 68 68 75 75 75
8 8 16 16 16 31 31 31 44 48 48 48 63 69 69 76 76 84
9 9 9 23 26 26 37 37 44 49 56 56 63 69 69 76 76 84
10 10 10 23 26 26 37 37 44 49 56 56 64 64 64 77 77 77