14 18
1 5 5 5 5 15 15 15 22 22 22 22 22 22 22 22 22 22
1 6 7 7 12 12 12 12 12 12 12 12 12 36 36 42 42 46
1 6 7 7 13 16 16 16 16 16 16 16 16 36 36 43 43 46
1 6 7 7 13 17 17 17 23 24 24 24 24 36 36 43 43 46
1 6 7 7 13 17 17 17 23 25 25 25 25 25 25 25 25 25
2 2 7 7 14 18 18 18 23 26 28 28 28 28 39 39 39 47
2 2 8 8 14 18 18 18 23 26 29 29 29 37 39 39 39 47
2 2 8 8 14 18 18 18 23 26 29 29 29 37 40 40 40 48
2 2 8 8 14 19 20 20 23 26 29 29 29 37 40 40 40 48
2 2 9 9 14 19 20 20 23 26 30 30 34 34 41 41 41 48
3 3 9 9 14 19 21 21 21 26 30 30 35 35 35 44 45 45
3 3 10 10 10 19 21 21 21 26 31 31 31 31 31 44 45 45
3 3 10 10 10 19 21 21 21 27 27 32 32 32 32 44 45 45
4 4 4 11 11 11 11 11 11 11 11 33 33 38 38 38 45 45