14 18
1 1 9 9 9 9 25 25 25 25 37 42 42 50 50 50 50 61
1 1 10 10 10 10 26 30 32 32 37 42 42 51 51 51 51 61
2 6 6 15 19 19 26 30 32 32 37 43 43 52 52 56 56 61
2 6 6 15 19 19 26 30 33 33 37 43 43 52 52 56 56 61
2 7 7 15 20 20 26 30 33 33 38 38 45 45 45 45 58 58
2 7 7 15 20 20 27 27 27 27 38 38 46 46 53 53 58 58
3 3 11 16 16 16 16 31 31 36 39 44 46 46 53 53 59 62
3 3 11 17 17 17 17 31 31 36 39 44 47 47 47 47 59 62
4 8 11 18 18 23 23 23 23 36 39 44 48 48 54 57 59 62
4 8 11 18 18 24 24 24 24 36 39 44 48 48 54 57 59 62
4 8 12 12 12 12 28 28 28 28 40 40 40 40 54 57 60 63
4 8 13 13 21 21 21 21 34 34 34 34 49 49 54 57 60 63
5 5 13 13 22 22 22 22 35 35 35 35 49 49 55 55 60 63
5 5 14 14 14 14 29 29 29 29 41 41 41 41 55 55 60 63