14 18
1 1 10 10 10 17 19 19 19 19 19 19 37 37 37 44 44 44
1 1 10 10 10 17 20 20 20 20 20 20 20 20 20 44 44 44
1 1 11 11 11 11 21 21 21 28 33 33 33 33 41 45 45 45
2 4 12 12 14 18 18 18 18 28 33 33 33 33 41 45 45 45
2 4 12 12 14 18 18 18 18 28 34 34 38 38 38 46 46 46
2 4 12 12 15 15 15 24 24 24 24 24 38 38 38 47 48 49
2 5 12 12 15 15 15 25 25 29 29 29 38 38 38 47 48 49
2 5 13 13 15 15 15 25 25 30 30 30 30 30 42 47 48 49
2 5 13 13 16 16 22 22 22 31 31 31 39 39 42 47 48 49
2 5 13 13 16 16 22 22 22 32 32 32 39 39 42 47 48 49
2 6 6 6 6 6 6 6 27 27 35 35 39 39 42 47 48 49
3 7 7 7 7 7 7 7 7 7 35 35 39 39 43 43 48 50
3 8 8 8 8 8 23 23 23 23 36 36 36 40 40 40 48 50
3 9 9 9 9 9 9 26 26 26 26 26 26 40 40 40 48 50