12 16
27 27 27 29 29 29 26 26 26 23 23 24 24 24  9  9
27 27 27 29 29 29 26 26 26 23 23 24 24 24  9  9
3  1  1  1  8  8  8 20 20 23 23 18 18 18  9  9
3  1  1  1  8  8  8 20 20 25 25 18 18 18  2 22
3  5  5 32 32 33 33 20 20 25 25 30 30 30  2 22
3  5  5 32 32 33 33  4  4 25 25 30 30 30  2 22
3  5  5 32 32 33 33  4  4 28 28 28 10 10  2 22
3  0  0  0  0  0  0  4  4 28 28 28 10 10  2 22
13 13  6  6  6 14 14 14  7  7 21 21 10 10  2 22
13 13  6  6  6 14 14 14  7  7 21 21 11 11 19 19
13 13 17 17 17 17 17 17  7  7 21 21 11 11 19 19
12 12 12 12 12 12 16 16 16 16 16 16 11 11 19 19