12 16
8 8 8 8 8 31 31 31 31 31 18 18 18 18 18 18
25 23 27 27 28 4 30 30 12 12 12 12 33 33 33 33
25 23 27 27 28 4 30 30 29 7 7 7 7 7 7 7
25 23 3 3 3 4 30 30 29 37 37 37 35 35 35 35
25 23 3 3 3 4 26 26 29 36 13 13 13 34 34 10
25 23 3 3 3 4 26 26 29 36 13 13 13 5 2 10
25 23 21 21 14 4 24 24 24 36 13 13 13 5 2 10
17 23 21 21 14 4 24 24 24 1 1 1 9 5 2 10
17 23 21 21 14 19 24 24 24 1 1 1 9 5 40 10
17 23 22 22 14 19 11 11 11 1 1 1 9 5 40 10
17 16 16 16 14 15 15 15 0 0 0 0 0 5 40 10
20 20 20 20 20 20 20 20 6 6 6 6 6 5 40 10