14 18
1 1 1 20 20 20 20 32 32 32 46 46 55 55 55 68 69 73
2 9 9 9 23 23 23 23 35 35 35 50 50 50 50 68 69 73
2 10 10 10 10 10 10 10 36 40 40 51 51 51 51 51 69 74
2 11 11 11 11 11 28 28 36 40 40 52 52 60 65 65 65 74
3 12 12 21 21 21 29 29 36 41 41 53 56 60 66 66 70 74
3 13 15 15 15 15 29 29 37 37 47 53 56 60 66 66 70 74
3 13 16 16 16 25 25 33 37 37 47 53 57 60 66 66 71 75
4 4 4 4 4 26 30 33 37 37 47 53 57 61 61 61 71 75
5 14 17 17 17 26 30 33 38 38 38 53 58 58 58 58 58 75
5 14 18 22 22 22 30 34 39 42 48 48 48 62 62 62 72 76
5 14 18 22 22 22 30 34 39 42 49 49 49 63 63 63 72 76
6 6 6 6 6 6 6 34 39 43 43 43 43 43 43 43 72 76
7 7 19 19 19 27 27 27 39 44 44 54 54 64 64 64 72 76
8 8 8 8 24 24 31 31 31 45 45 45 59 59 67 67 67 76