10 10
9 4 6 6 6 1 2 10 5 7
9 5 8 4 3 4 4 7 5 7
1.1 4.1 4.2 4.3 10.1 13.6 13.1 19.5 19.4 19.3
1.2 1.3 1.4 4.4 10.2 13.5 13.2 19.6 18.1 19.2
7.4 7.3 7.2 7.1 10.3 13.4 13.3 19.7 18.2 19.1
5.1 5.2 5.3 5.4 5.5 5.6 14.1 20.3 20.2 20.1
2.1 6.1 6.2 6.7 6.6 11.1 14.2 16.3 22.7 21.1
2.2 2.3 6.3 6.4 6.5 11.2 14.3 16.2 22.6 21.2
3.4 2.4 8.4 12.3 12.2 12.1 14.4 16.1 22.5 21.3
3.3 2.5 8.3 15.4 15.3 15.2 15.1 17.1 22.4 21.4
3.2 2.6 8.2 9.1 9.4 17.6 17.5 17.2 22.3 21.5
3.1 2.7 8.1 9.2 9.3 17.7 17.4 17.3 22.2 22.1