10 10
4 1 10 5 2 4 2 6 4 4
1 3 3 8 5 5 5 5 3 4
1.5 3.5 6.7 11.1 11.2 11.3 11.4 11.5 24.3 26.1
1.4 3.4 6.6 8.4 14.1 14.2 14.3 14.4 24.2 26.2
1.3 3.3 6.5 8.3 12.1 12.2 12.3 12.4 24.1 26.3
1.2 3.2 6.4 8.2 13.1 17.2 17.1 22.1 22.2 26.4
1.1 3.1 6.3 8.1 13.2 18.2 18.1 23.5 25.1 26.5
4.2 4.1 6.2 9.4 13.3 15.1 15.2 23.4 25.2 27.1
2.1 5.1 6.1 9.3 13.4 19.2 19.1 23.3 25.3 27.2
2.2 5.2 7.1 9.2 13.5 20.2 20.1 23.2 25.4 27.3
2.3 5.3 7.2 9.1 21.3 21.2 21.1 23.1 25.5 27.4
10.5 10.4 10.3 10.2 10.1 16.1 16.2 16.3 25.6 27.5