10 10
6 8 4 1 4 6 6 1 3 7
5 7 4 5 5 2 3 3 7 5
1.1 5.2 5.1 24.7 24.6 24.5 24.4 24.3 24.2 24.1
1.2 3.1 6.1 8.5 10.1 12.2 19.2 19.1 22.1 25.1
1.3 3.2 6.2 8.4 10.2 12.1 17.3 20.1 22.2 25.2
2.7 3.3 6.3 8.3 13.2 13.1 17.2 20.2 22.3 25.3
2.6 3.4 6.4 8.2 11.1 11.2 17.1 20.3 22.4 25.4
2.5 3.5 6.5 8.1 14.1 14.2 14.3 20.4 26.2 26.1
2.4 3.6 15.4 15.3 15.2 15.1 18.1 20.5 23.1 27.1
2.3 3.7 9.1 9.2 9.3 9.4 18.2 20.6 23.2 27.2
2.2 7.2 7.1 16.4 16.3 16.2 16.1 20.7 23.3 27.3
2.1 4.1 4.2 4.3 4.4 4.5 21.1 21.2 21.3 27.4