10 10
8 3 7 7 7 7 7 4 4 2
10 6 5 4 3 5 6 5 7 5
2.4 2.3 2.2 2.1 21.6 21.5 21.4 21.3 21.2 21.1
2.5 3.5 6.1 6.2 6.3 6.4 6.5 6.6 16.7 16.6
2.6 3.4 7.1 11.5 11.4 16.1 16.2 16.3 16.4 16.5
2.7 3.3 7.2 11.6 11.3 15.7 15.6 15.5 19.1 19.2
1.6 3.2 7.3 11.7 11.2 14.1 14.2 15.4 19.4 19.3
1.5 3.1 4.3 4.4 11.1 15.1 15.2 15.3 19.5 19.6
1.4 4.1 4.2 9.1 9.2 9.3 17.1 20.2 20.1 22.1
1.3 5.1 8.1 12.1 12.2 12.3 17.2 17.3 22.5 22.2
1.2 5.2 8.2 10.1 10.2 10.3 18.1 17.4 22.4 22.3
1.1 5.3 8.3 13.1 13.2 13.3 18.2 17.5 17.6 17.7