10 10
4 7 4 6 3 4 2 3 4 8
3 5 5 5 5 2 4 6 5 5
2.2 2.1 8.1 8.2 8.3 8.4 20.4 20.3 20.2 20.1
9.4 9.3 9.2 9.1 12.3 15.1 15.2 15.3 15.4 15.5
1.1 5.3 5.2 5.1 12.2 16.4 16.5 16.6 23.2 23.1
1.2 6.1 6.2 6.3 12.1 16.3 16.2 19.1 21.4 24.1
1.3 3.1 13.4 13.3 13.2 13.1 16.1 19.2 21.3 24.2
3.3 3.2 13.5 10.1 10.2 17.2 17.1 19.3 21.2 24.3
3.4 13.7 13.6 7.5 14.5 14.6 18.4 19.4 21.1 24.4
3.5 4.1 7.1 7.4 14.4 14.7 18.3 19.5 22.1 22.2
3.6 4.2 7.2 7.3 14.3 14.2 18.2 19.6 22.4 22.3
3.7 4.3 11.3 11.2 11.1 14.1 18.1 19.7 25.2 25.1