10 10
3 3 5 4 7 4 7 5 2 7
6 5 3 4 3 1 10 8 3 4
1.4 3.4 14.1 14.2 14.3 14.4 14.5 14.6 14.7 28.1
1.3 3.3 11.1 11.2 11.3 11.4 11.5 11.6 26.4 28.2
1.2 3.2 9.1 15.3 15.2 15.1 22.3 25.1 26.3 28.3
1.1 3.1 9.2 12.2 18.2 18.1 22.2 25.2 26.2 28.4
4.2 4.1 9.3 12.1 16.1 16.2 22.1 25.3 26.1 28.5
5.1 5.2 5.3 5.4 5.5 19.2 23.1 23.2 23.3 23.4
6.1 6.2 6.3 6.4 6.5 19.1 24.1 24.2 24.3 24.4
2.3 7.1 10.1 13.1 20.1 20.2 20.3 20.4 27.3 29.3
2.2 7.2 10.2 13.2 21.1 21.2 21.3 21.4 27.2 29.2
2.1 8.1 8.2 13.3 17.1 17.2 17.3 17.4 27.1 29.1