10 10
6 8 4 4 3 3 3 10 10 4
4 6 6 7 5 6 6 4 5 6
1.5 5.5 7.3 7.4 7.5 7.6 12.1 16.1 16.2 16.3
1.4 5.4 7.2 9.4 9.3 11.3 12.2 12.3 21.2 21.1
1.3 5.3 7.1 9.1 9.2 11.2 12.7 12.4 18.1 22.1
1.2 5.2 10.1 10.2 10.3 11.1 12.6 12.5 18.2 22.2
1.1 5.1 8.1 13.5 13.4 13.3 13.2 13.1 19.5 22.3
2.2 2.3 8.2 8.3 17.6 17.3 17.2 17.1 19.4 23.5
2.1 2.4 3.4 8.4 17.5 17.4 14.1 14.2 19.3 23.4
3.1 3.2 3.3 8.5 15.3 15.2 15.1 14.3 19.2 23.3
6.1 6.2 6.3 6.4 6.5 6.6 6.7 14.4 19.1 23.2
4.1 4.2 4.3 4.4 4.5 4.6 4.7 20.2 20.1 23.1