10 10
7 3 7 8 7 3 4 7 6 3
5 4 7 6 5 6 3 4 8 7
1.1 2.1 15.6 15.5 15.4 15.3 15.2 15.1 19.4 19.5
1.2 2.2 9.1 9.2 9.3 9.4 16.2 11.6 19.3 19.6
1.3 2.3 3.4 3.3 3.2 3.1 16.1 11.5 19.2 19.7
1.4 2.4 4.4 4.1 11.1 11.2 11.3 11.4 19.1 22.6
1.5 2.5 4.3 4.2 12.6 12.1 13.5 17.4 20.1 22.5
1.6 5.3 5.2 5.1 12.5 12.2 13.4 17.3 20.2 22.4
5.5 5.4 6.3 6.2 12.4 12.3 13.3 17.2 21.1 22.3
6.6 6.5 6.4 6.1 10.1 13.1 13.2 17.1 21.2 22.2
7.4 7.3 7.2 7.1 10.2 14.2 18.2 18.1 21.3 22.1
7.5 7.6 8.2 8.1 10.3 14.1 18.3 18.4 18.5 18.6