10 10
4 6 3 3 10 7 6 6 6 4
7 5 9 8 2 3 2 6 6 7
3.1 3.2 3.3 3.4 10.1 12.1 16.2 20.2 23.1 25.1
1.1 7.3 7.2 7.1 10.2 12.2 16.1 20.1 23.2 25.2
1.2 17.7 17.6 17.5 17.4 17.3 17.2 17.1 23.3 25.3
1.3 4.1 4.2 9.1 13.1 13.2 13.3 13.4 13.5 25.4
1.4 5.3 8.6 9.2 11.6 14.5 18.3 21.3 24.1 25.5
1.5 5.2 8.5 9.3 11.5 14.4 18.2 21.2 24.2 25.6
2.1 5.1 8.4 9.4 11.4 14.3 18.1 21.1 24.3 25.7
2.2 6.1 8.3 9.5 11.3 14.2 22.2 22.1 24.4 26.1
2.3 6.2 8.2 9.6 11.2 14.1 19.1 19.2 24.5 26.2
2.4 6.3 8.1 9.7 11.1 15.1 15.2 15.3 24.6 26.3