10 10
7 9 6 4 3 1 7 6 7 5
6 5 9 8 9 2 1 7 6 2
1.3 3.1 3.2 10.4 11.1 11.2 14.1 16.1 16.2 25.1
1.2 4.5 7.4 10.3 12.1 13.1 14.2 22.2 22.1 25.2
1.1 4.4 7.3 10.2 12.2 13.2 17.1 17.2 17.3 25.3
2.1 4.3 7.2 10.1 12.3 13.3 26.4 26.3 26.2 26.1
2.2 4.2 7.1 18.6 18.5 18.4 18.3 18.2 18.1 27.4
2.3 4.1 19.7 19.6 19.5 19.4 19.3 19.2 19.1 27.3
2.4 8.2 8.1 20.6 20.5 20.4 20.3 20.2 20.1 27.2
2.5 9.1 9.2 9.3 9.4 9.5 15.2 21.1 21.2 27.1
2.6 5.1 5.2 5.3 5.4 5.5 15.1 23.3 23.2 23.1
6.1 6.2 6.3 6.4 6.5 24.5 24.4 24.3 24.2 24.1