10 10
4 5 5 3 6 3 4 4 8 2
1 3 5 5 6 8 4 6 4 2
1.1 1.2 1.3 1.4 10.3 10.4 16.2 16.3 19.4 23.1
2.1 2.2 2.3 2.4 10.2 10.5 16.1 16.4 19.3 23.2
3.6 3.5 3.4 2.5 10.1 17.3 17.2 17.1 19.2 23.3
3.1 3.2 3.3 2.6 11.1 11.2 11.3 11.4 19.1 23.4
4.2 8.4 8.1 6.5 12.3 20.5 20.4 20.3 20.2 20.1
4.1 8.3 8.2 6.4 12.2 14.1 14.2 14.3 14.4 24.3
5.1 6.1 6.2 6.3 12.1 18.6 18.5 18.4 21.1 24.2
5.2 7.6 7.5 7.4 13.3 15.3 15.4 18.3 21.2 24.1
5.3 7.1 7.2 7.3 13.2 15.2 15.5 18.2 25.2 25.1
5.4 9.3 9.2 9.1 13.1 15.1 15.6 18.1 22.1 22.2