10 10
3 9 8 2 5 4 4 4 2 4
8 5 5 4 3 8 5 2 2 3
1.1 1.2 6.1 8.1 10.1 10.2 10.3 17.1 20.3 20.2
2.3 2.4 6.2 8.2 14.4 14.5 14.6 17.2 20.4 20.1
2.2 2.5 6.3 8.3 14.3 14.2 14.1 17.3 17.4 17.5
2.1 4.1 6.4 8.4 18.6 18.5 18.4 18.3 18.2 18.1
3.6 4.2 6.5 8.5 11.4 13.1 15.1 15.2 21.2 21.1
3.5 4.3 5.6 8.6 11.3 13.2 19.4 19.3 19.2 19.1
3.4 5.4 5.5 8.7 11.2 13.3 16.1 22.3 22.2 22.1
3.3 5.3 7.3 7.4 11.1 13.4 16.2 22.4 23.4 23.3
3.2 5.2 7.2 9.2 12.2 16.4 16.3 22.5 23.5 23.2
3.1 5.1 7.1 9.1 12.1 16.5 16.6 22.6 23.6 23.1