10 10
5 4 2 5 6 6 6 7 6 4
9 5 5 5 4 7 3 3 8 2
4.1 4.2 4.3 11.1 12.3 14.5 15.1 17.3 21.4 24.1
1.1 1.2 1.3 11.2 12.2 14.4 15.2 17.2 21.3 24.2
5.1 5.2 5.3 5.4 12.1 14.3 15.3 17.1 21.2 24.3
6.1 6.2 6.3 6.4 6.5 14.2 18.2 18.1 21.1 24.4
7.1 7.2 7.3 7.4 7.5 14.1 16.1 16.2 16.3 16.4
2.1 2.2 2.3 2.4 2.5 19.3 19.2 19.1 22.3 25.4
3.3 8.1 9.2 20.5 20.4 20.3 20.2 20.1 22.2 25.3
3.2 8.2 9.1 13.1 13.2 13.3 13.4 13.5 22.1 25.2
3.1 8.3 23.7 23.6 23.5 23.4 23.3 23.2 23.1 25.1
10.1 10.2 10.3 10.4 26.6 26.5 26.4 26.3 26.2 26.1