10 10
6 4 4 2 8 2 7 8 5 5
6 4 8 8 3 4 5 5 5 3
1.6 2.1 3.2 16.5 16.4 16.3 16.2 16.1 23.1 25.1
1.5 2.2 3.1 6.1 6.2 6.3 17.1 19.3 23.2 25.2
1.4 2.3 4.1 4.2 4.3 4.4 17.2 19.2 23.3 25.3
1.3 2.4 7.1 7.2 7.3 7.4 17.3 19.1 23.4 25.4
1.2 8.3 8.2 8.1 12.2 20.3 20.2 20.1 23.5 25.5
1.1 5.3 5.2 5.1 12.1 15.5 21.2 21.1 23.6 25.6
13.5 13.4 13.3 13.2 13.1 15.4 26.4 26.3 26.2 26.1
9.5 9.4 9.3 9.2 9.1 15.3 22.1 22.2 22.3 27.1
10.4 10.3 10.2 10.1 14.1 15.2 18.1 18.2 18.3 27.2
11.4 11.3 11.2 11.1 14.2 15.1 24.4 24.3 24.2 24.1