10 10
7 3 3 6 3 5 5 7 5 8
6 7 6 7 5 4 1 4 4 8
2.1 2.2 2.3 2.4 11.1 14.1 14.2 22.2 22.1 25.1
1.3 6.5 6.6 9.2 11.2 18.1 18.2 18.3 18.4 25.2
1.2 6.4 6.1 9.1 11.3 15.1 15.2 15.3 23.4 25.3
1.1 6.3 6.2 16.3 16.2 16.1 19.1 15.4 23.3 25.4
3.1 3.2 3.3 3.4 3.5 3.6 19.2 21.1 23.2 26.1
4.2 4.1 7.2 7.3 19.5 19.4 19.3 21.2 23.1 26.2
5.3 5.4 7.1 7.4 12.1 12.2 20.1 21.3 26.6 26.3
5.2 5.1 8.1 7.5 12.4 12.3 20.2 21.4 26.5 26.4
8.4 8.3 8.2 13.3 13.2 13.1 20.3 20.6 24.4 24.3
10.4 10.3 10.2 10.1 17.2 17.1 20.4 20.5 24.1 24.2