10 10
4 4 7 4 4 8 6 2 4 1
1 8 5 6 6 3 5 5 4 1
3.1 3.2 3.3 11.3 11.2 11.1 19.1 19.2 19.3 23.4
1.1 4.1 8.3 8.2 12.1 12.2 6.7 21.4 21.3 23.3
1.2 4.2 8.4 8.1 6.4 6.5 6.6 21.5 21.2 23.2
1.3 4.3 6.1 6.2 6.3 15.2 15.1 21.6 21.1 23.1
4.5 4.4 16.7 15.5 15.4 15.3 16.1 24.3 24.2 24.1
2.1 5.1 16.6 16.5 16.4 16.3 16.2 22.6 22.1 25.3
2.2 5.2 9.2 9.1 13.1 14.1 17.2 22.5 22.2 25.2
2.3 5.3 7.1 13.5 13.2 14.2 17.1 22.4 22.3 25.1
2.4 5.4 7.2 13.4 13.3 18.2 18.1 20.1 20.2 20.3
2.5 5.5 7.3 10.1 10.2 10.3 10.4 10.5 10.6 10.7