10 10
6 6 3 6 7 9 4 7 3 2
4 7 7 3 5 8 2 7 7 3
1.1 3.1 13.3 13.2 13.1 18.3 20.3 23.1 27.4 29.1
1.2 3.2 8.2 10.2 14.1 18.2 20.2 23.2 27.3 29.2
4.2 4.1 8.1 10.1 14.2 18.1 20.1 23.3 27.2 29.3
5.3 5.2 5.1 15.1 15.2 15.3 15.4 15.5 27.1 29.4
16.6 16.5 16.4 16.3 16.2 16.1 21.1 21.2 21.3 21.4
2.1 11.4 11.3 11.2 11.1 19.2 24.2 24.1 28.4 30.4
2.2 6.1 12.3 12.2 12.1 19.1 25.2 25.1 28.3 30.3
2.3 6.2 9.1 9.2 9.3 9.4 9.5 9.6 28.2 30.2
7.1 7.2 7.3 7.4 17.1 17.2 17.3 17.4 28.1 30.1
22.7 22.6 22.5 22.4 22.3 22.2 22.1 26.1 26.2 26.3