10 10
8 1 3 3 7 9 6 3 7 6
7 7 5 4 6 6 3 5 7 3
5.3 5.2 5.1 9.1 9.2 9.3 16.6 20.2 20.1 24.1
5.4 5.5 10.3 10.2 10.1 13.2 16.5 17.5 24.3 24.2
1.2 6.2 6.3 12.2 12.1 13.1 16.4 17.4 24.4 21.4
1.1 6.1 6.4 12.3 12.4 12.5 16.3 17.3 24.5 21.3
2.1 2.2 14.4 14.3 14.2 14.1 16.2 17.2 21.1 21.2
7.1 7.2 7.3 7.4 7.5 15.1 16.1 17.1 22.1 22.2
3.1 3.2 3.3 3.4 15.7 15.2 18.1 18.2 18.3 18.4
8.1 8.2 8.3 8.4 15.6 15.3 25.6 25.5 25.4 25.3
4.1 8.7 8.6 8.5 15.5 15.4 19.3 19.2 19.1 25.2
4.2 11.5 11.4 11.3 11.2 11.1 23.3 23.2 23.1 25.1