10 10
6 5 6 5 4 4 6 8 8 3
7 1 4 3 9 7 7 3 4 10
1.1 1.2 1.3 12.1 12.2 12.3 12.4 12.5 12.6 21.1
6.3 6.2 6.1 16.5 16.4 16.3 16.2 16.1 19.2 21.2
3.1 3.2 3.3 3.4 3.5 3.6 3.7 17.1 19.1 21.3
2.1 13.6 13.5 13.4 13.3 13.2 13.1 17.2 20.1 21.4
2.2 7.1 7.2 7.3 7.4 7.5 7.6 7.7 20.2 21.5
2.3 4.1 4.2 4.3 4.4 4.5 15.5 18.5 20.3 22.5
2.4 8.1 8.2 8.3 8.4 8.5 15.4 18.4 20.4 22.4
2.5 5.2 10.3 10.2 10.1 14.2 15.3 18.3 20.5 22.3
2.6 5.1 9.3 9.2 9.1 14.1 15.2 18.2 20.6 22.2
11.6 11.5 11.4 11.3 11.2 11.1 15.1 18.1 20.7 22.1