10 10
2 3 6 5 6 6 2 5 6 5
5 1 5 4 5 2 6 6 5 7
1.4 13.4 13.3 13.2 13.1 16.1 19.3 24.1 26.1 28.5
1.3 3.3 6.1 11.2 14.3 16.2 19.2 24.2 26.2 28.4
1.2 3.2 6.2 11.1 14.2 16.3 19.1 24.3 26.3 28.3
1.1 3.1 7.1 7.2 14.1 20.2 20.1 24.4 26.4 28.2
2.6 8.3 8.2 8.1 17.1 17.2 17.3 24.5 26.5 28.1
2.5 4.1 4.2 12.5 29.6 29.5 29.4 29.3 29.2 29.1
2.4 9.2 9.1 12.4 15.2 21.3 21.2 21.1 27.4 30.4
2.3 5.3 10.3 12.3 15.1 22.3 22.2 22.1 27.3 30.3
2.2 5.2 10.2 12.2 23.3 23.2 23.1 25.2 27.2 30.2
2.1 5.1 10.1 12.1 18.3 18.2 18.1 25.1 27.1 30.1