10 10
6 3 4 5 1 7 8 4 5 5
4 5 5 3 6 6 4 8 3 4
3.2 3.1 9.6 20.6 20.5 20.4 20.3 20.2 20.1 23.3
1.1 1.2 9.5 8.1 13.1 13.2 13.3 21.3 21.2 23.2
1.4 1.3 9.4 8.2 14.4 16.2 16.1 21.4 21.1 23.1
4.2 4.1 9.3 9.2 14.3 16.3 16.4 16.5 16.6 24.1
4.3 4.4 4.5 9.1 14.2 14.1 19.1 19.2 19.3 24.2
6.1 6.2 6.3 6.4 17.5 17.4 17.3 17.2 17.1 24.3
5.6 5.5 5.4 10.1 11.1 11.2 11.3 11.4 11.5 11.6
5.1 5.2 5.3 10.2 12.1 15.1 18.1 22.3 22.2 22.1
2.1 2.4 12.4 12.3 12.2 15.2 18.2 25.4 25.3 25.2
2.2 2.3 7.1 7.2 7.3 7.4 7.5 7.6 7.7 25.1