10 10
4 3 7 4 6 6 6 8 4 2
8 5 5 5 5 3 3 7 4 5
2.1 2.2 2.3 2.4 11.2 14.2 14.1 17.1 19.1 19.2
5.4 5.3 5.2 5.1 11.1 9.4 9.5 17.2 20.1 22.1
1.1 6.3 6.2 9.1 9.2 9.3 15.2 17.3 20.2 22.2
1.2 6.4 6.1 16.5 16.4 16.3 15.1 17.4 20.3 22.3
3.4 3.3 7.3 7.4 12.6 16.2 16.1 17.5 20.4 22.4
3.5 3.2 7.2 10.5 12.5 13.2 13.3 17.6 20.5 22.5
3.6 3.1 7.1 10.4 12.4 13.1 13.4 21.3 21.2 21.1
4.1 4.2 4.3 10.3 12.3 23.5 23.4 23.3 23.2 23.1
8.5 8.4 8.1 10.2 12.2 18.3 18.2 18.1 24.3 24.2
8.6 8.3 8.2 10.1 12.1 24.7 24.6 24.5 24.4 24.1