10 10
6 6 7 5 1 2 5 1 2 10
4 3 6 5 5 4 4 2 6 6
11.7 11.6 11.5 11.4 11.3 11.2 11.1 17.1 17.2 24.4
1.1 13.7 13.6 13.5 13.4 13.3 13.2 13.1 21.1 24.3
1.2 9.4 9.3 9.2 9.1 12.1 18.2 18.1 21.2 24.2
1.3 2.1 2.2 7.1 10.7 12.2 19.2 19.1 21.3 24.1
1.4 3.1 5.3 7.2 10.6 12.3 22.4 22.3 22.2 22.1
1.5 3.2 5.2 7.3 10.5 12.4 14.1 20.1 23.1 25.1
1.6 3.3 5.1 7.4 10.4 12.5 14.2 20.2 23.2 25.2
1.7 6.2 6.1 7.5 10.3 12.6 14.3 20.3 23.3 25.3
8.4 8.3 8.2 8.1 10.2 12.7 15.1 15.2 15.3 25.4
4.1 4.2 4.3 4.4 10.1 16.4 16.3 16.2 16.1 25.5