10 10
2 5 4 7 7 1 3 8 7 2
3 4 4 6 7 7 7 3 2 3
1.6 4.5 4.6 9.3 13.2 13.1 15.1 15.2 15.3 15.6
1.5 4.4 4.1 9.2 11.6 14.6 16.3 21.4 15.4 15.5
1.4 4.3 4.2 9.1 11.5 14.5 16.2 21.3 24.2 24.1
1.3 5.1 5.2 5.3 11.4 14.4 16.1 21.2 21.1 25.1
1.2 3.1 3.2 3.3 11.3 14.3 17.1 17.2 22.1 25.2
1.1 2.5 6.1 6.4 11.2 14.2 18.1 17.3 22.2 25.3
2.1 2.4 6.2 6.3 11.1 14.1 18.2 17.4 22.3 25.4
2.2 2.3 7.1 7.2 7.3 7.4 7.5 7.6 22.4 25.5
8.4 10.4 10.3 10.2 12.2 12.3 19.2 20.1 20.2 25.6
8.3 8.2 8.1 10.1 12.1 12.4 19.1 23.2 23.1 25.7