10 10
3 6 9 3 5 6 9 4 6 4
9 8 7 5 5 6 2 7 3 3
3.1 3.2 3.3 3.4 11.1 12.6 18.4 18.3 18.2 18.1
1.1 4.1 6.1 9.5 11.2 12.5 19.4 19.3 19.2 19.1
1.2 4.2 6.2 9.4 11.3 12.4 14.1 14.2 20.1 21.3
1.3 4.3 6.3 9.3 11.4 12.3 15.6 16.5 20.2 21.2
1.4 4.4 6.4 9.2 11.5 12.2 15.5 16.4 20.3 21.1
1.5 4.5 6.5 9.1 11.6 12.1 15.4 16.3 20.4 22.1
1.6 13.5 13.4 13.3 13.2 13.1 15.3 16.2 20.5 22.2
1.7 5.1 10.1 10.2 10.3 10.4 15.2 16.1 20.6 22.3
2.2 5.2 7.1 7.2 7.3 7.4 15.1 17.1 17.2 22.4
2.1 5.3 8.1 8.2 8.3 8.4 8.5 8.6 8.7 22.5