10 10
1 3 4 5 7 1 7 8 2 4
6 5 3 4 8 2 4 4 5 1
1.1 1.2 9.1 12.3 15.1 18.1 21.3 28.1 28.2 28.3
2.1 6.3 9.2 12.2 15.2 18.2 21.2 25.1 25.2 25.3
2.2 6.2 9.3 12.1 15.3 18.3 21.1 31.3 31.2 31.1
2.3 6.1 10.1 10.2 10.3 10.4 10.5 10.6 29.1 29.2
3.1 3.2 3.3 13.4 19.1 19.2 19.3 26.3 30.1 32.1
4.1 7.1 7.2 13.3 16.1 16.2 22.2 26.2 30.2 32.2
4.2 8.3 11.1 13.2 17.3 20.1 22.1 26.1 30.3 32.3
4.3 8.2 11.2 13.1 17.2 20.2 23.1 23.2 30.4 32.4
4.4 8.1 14.2 14.1 17.1 20.3 24.2 27.1 30.5 32.5
5.1 5.2 5.3 5.4 5.5 20.4 24.1 27.2 30.6 32.6