10 10
2 4 3 7 2 8 4 6 3 3
8 4 4 6 5 1 1 5 4 4
12.6 12.5 12.4 12.3 12.2 12.1 17.1 17.2 17.3 17.4
1.1 1.2 13.3 13.2 13.1 18.1 18.2 18.3 24.2 24.1
2.3 4.1 4.2 9.1 15.4 15.3 19.1 20.1 24.3 25.1
2.2 5.1 5.2 9.2 15.5 15.2 19.2 20.2 24.4 25.2
2.1 6.1 8.1 9.3 15.6 15.1 19.3 24.6 24.5 25.3
6.3 6.2 8.2 9.4 9.5 9.6 19.4 19.5 26.4 26.3
6.4 7.2 8.3 10.4 10.3 16.4 21.2 21.1 26.5 26.2
6.5 7.1 11.5 10.1 10.2 16.3 21.3 21.4 21.5 26.1
3.1 3.2 11.4 11.1 14.2 16.2 23.4 23.3 23.2 23.1
3.4 3.3 11.3 11.2 14.1 16.1 22.1 22.2 22.3 22.4