10 10
1 5 6 5 4 4 8 7 4 8
9 7 3 5 4 8 2 3 4 7
1.1 3.6 12.3 12.2 12.1 14.1 21.1 21.2 21.3 21.4
1.2 3.5 8.1 8.2 8.3 14.2 23.4 23.3 23.2 23.1
1.3 3.4 5.1 5.2 5.3 5.4 5.5 24.3 24.2 24.1
1.4 3.3 6.1 15.4 15.3 15.2 15.1 22.1 28.2 28.1
1.5 3.2 6.2 16.4 16.3 16.2 16.1 22.2 25.1 25.2
1.6 3.1 9.1 9.2 9.3 17.2 18.1 26.3 26.2 26.1
1.7 4.1 13.3 13.2 13.1 17.1 18.2 29.3 29.2 29.1
2.1 4.2 10.1 10.2 10.3 10.4 10.5 10.6 27.3 30.1
2.2 4.3 7.1 11.1 19.4 19.3 19.2 19.1 27.2 30.2
2.3 4.4 7.2 11.2 20.4 20.3 20.2 20.1 27.1 30.3