10 10
5 8 3 5 8 5 3 6 6 4
10 8 5 4 4 3 6 2 5 6
8.7 8.4 8.3 8.2 8.1 13.1 13.2 13.3 20.4 22.3
8.6 8.5 9.6 9.5 9.4 10.1 10.4 11.5 20.3 22.2
2.1 2.2 2.3 5.2 9.3 10.2 10.3 11.4 20.2 22.1
3.1 3.2 3.3 5.1 9.2 11.1 11.2 11.3 20.1 23.7
1.6 4.1 6.2 6.1 9.1 12.1 14.1 17.1 17.2 23.6
1.5 4.2 6.3 15.6 15.7 12.2 14.2 21.6 21.5 23.5
1.4 4.3 6.4 15.5 15.4 15.3 15.2 15.1 21.4 23.4
1.3 4.4 6.5 18.5 18.4 18.3 18.2 18.1 21.3 23.3
1.2 4.5 7.3 7.2 7.1 16.3 16.2 19.2 21.2 23.2
1.1 4.6 16.7 16.6 16.5 16.4 16.1 19.1 21.1 23.1