10 10
10 7 4 5 2 3 6 6 5 7
2 9 1 6 7 9 7 4 6 4
1.6 4.2 10.1 10.2 10.3 10.4 10.5 10.6 10.7 19.4
1.5 4.1 7.1 7.2 7.3 7.4 15.3 15.2 15.1 19.3
1.4 5.1 5.2 7.7 7.6 7.5 17.5 16.1 16.2 19.2
1.3 8.1 8.2 8.3 8.4 8.5 17.4 17.3 20.5 19.1
1.2 9.1 9.2 9.3 13.3 13.2 13.1 17.2 20.4 20.1
1.1 2.3 2.4 2.5 13.4 18.6 18.5 17.1 20.3 20.2
2.1 2.2 11.2 11.1 13.5 18.7 18.4 18.3 18.2 18.1
3.3 6.1 12.1 12.2 12.3 12.4 12.5 12.6 21.2 21.1
3.2 6.2 14.5 14.4 14.3 14.2 14.1 21.4 21.3 22.1
3.1 6.3 6.4 6.5 6.6 6.7 22.5 22.4 22.3 22.2