10 10
2 4 4 4 5 5 6 1 6 5
8 3 3 7 4 3 5 3 4 2
13.6 13.5 13.4 13.3 13.2 13.1 14.5 21.3 21.2 21.1
1.5 1.6 6.1 10.2 10.1 14.1 14.4 18.2 18.1 22.1
1.4 3.5 6.2 6.3 6.4 14.2 14.3 18.3 18.4 22.2
1.3 3.4 7.6 9.2 11.4 19.4 19.3 19.2 19.1 22.3
1.2 3.3 7.5 9.1 11.3 19.5 16.1 17.4 17.5 22.4
1.1 3.2 7.4 7.3 11.2 19.6 16.2 17.3 23.6 23.7
2.1 3.1 7.1 7.2 11.1 19.7 16.3 17.2 23.5 23.4
2.2 4.1 4.2 4.3 15.2 15.1 16.4 17.1 20.1 23.3
2.3 5.1 8.1 12.1 12.2 12.3 12.4 12.5 20.2 23.2
2.4 5.2 8.2 8.3 8.4 8.5 8.6 8.7 20.3 23.1