10 10
2 2 4 3 7 6 3 4 7 8
3 3 2 6 4 8 6 4 6 4
2.1 2.2 2.3 7.2 10.1 22.5 22.4 22.3 22.2 22.1
3.1 3.2 3.3 7.1 10.2 17.1 17.2 17.3 17.4 17.5
1.1 4.7 5.1 5.2 5.3 5.4 5.5 5.6 23.1 23.2
1.2 4.6 6.6 8.1 13.1 13.2 13.3 13.4 13.5 13.6
1.3 4.5 6.5 8.2 11.3 14.1 20.1 20.2 20.3 25.1
1.4 4.4 6.4 8.3 11.2 14.2 18.1 18.2 24.5 25.2
1.5 4.3 6.3 8.4 11.1 15.1 15.2 21.2 24.4 25.3
1.6 4.2 6.2 8.5 12.1 12.2 12.3 21.1 24.3 25.4
1.7 4.1 6.1 8.6 16.1 16.2 16.3 16.4 24.2 25.5
9.5 9.4 9.3 9.2 9.1 19.3 19.2 19.1 24.1 25.6