10 10
3 3 6 6 6 4 5 4 4 8
1 7 1 4 5 8 4 7 8 4
11.6 11.5 11.4 11.3 11.2 11.1 20.1 20.2 20.3 20.4
1.1 9.4 9.3 9.2 9.1 15.1 17.1 17.2 23.3 29.1
1.2 3.1 3.2 3.3 12.1 15.2 18.1 21.1 23.2 29.2
1.3 4.1 4.2 4.3 12.2 15.3 18.2 21.2 23.1 29.3
1.4 5.1 13.4 13.3 13.2 13.1 18.3 24.1 24.2 24.3
1.5 5.2 8.1 10.5 14.5 25.5 25.4 25.3 25.2 25.1
1.6 5.3 8.2 10.4 14.4 16.4 19.1 26.1 26.2 26.3
6.2 6.1 8.3 10.3 14.3 16.3 19.2 22.1 22.2 22.3
2.2 7.1 8.4 10.2 14.2 16.2 27.4 27.3 27.2 27.1
2.1 7.2 8.5 10.1 14.1 16.1 28.4 28.3 28.2 28.1