10 10
10 1 3 7 8 6 4 6 9 2
2 7 5 8 8 8 2 2 7 7
1.1 9.6 9.5 9.4 9.3 13.3 13.4 13.5 13.6 13.7
1.2 7.3 7.2 7.1 9.2 13.2 17.1 17.2 17.3 21.6
1.3 6.4 6.1 8.1 9.1 13.1 18.3 18.4 21.4 21.5
1.4 6.3 6.2 8.2 10.1 10.2 18.2 18.1 21.3 25.1
1.5 1.6 10.6 10.5 10.4 10.3 15.4 19.2 21.2 25.2
2.1 2.2 2.3 2.4 14.2 14.1 15.3 19.1 21.1 25.3
3.1 3.2 3.3 3.4 11.2 11.3 15.2 22.2 22.1 25.4
4.1 5.3 5.4 12.5 11.1 11.4 15.1 20.3 23.2 25.5
4.2 5.2 5.5 12.4 12.1 16.3 16.4 20.2 23.1 25.6
4.3 5.1 5.6 12.3 12.2 16.2 16.1 20.1 24.1 24.2