10 10
7 7 9 3 5 3 1 5 2 3
2 7 9 5 2 3 3 6 4 4
1.4 3.3 9.2 9.1 20.6 20.5 19.4 19.3 19.2 19.1
1.3 3.2 7.7 10.1 20.7 20.4 20.3 20.2 20.1 23.1
1.2 3.1 7.6 10.2 13.1 13.2 13.3 13.4 13.5 23.2
1.1 4.1 7.5 10.3 16.3 16.2 16.1 18.3 21.3 24.1
2.1 4.2 7.4 14.7 14.6 14.5 14.4 18.2 21.2 24.2
2.2 4.3 7.3 11.3 14.1 14.2 14.3 18.1 21.1 24.3
2.3 4.4 7.2 11.2 12.4 12.5 12.6 12.7 22.1 24.4
5.2 5.1 7.1 11.1 12.3 15.1 17.1 17.2 22.2 24.5
5.3 6.1 8.2 8.3 12.2 15.2 15.5 17.3 17.4 24.6
5.4 6.2 8.1 8.4 12.1 15.3 15.4 17.6 17.5 24.7