10 10
8 6 5 8 9 6 3 5 1 3
6 9 8 2 3 6 4 6 5 5
12.5 12.4 12.3 12.2 12.1 17.3 17.2 17.1 26.4 29.3
2.3 2.2 2.1 8.3 18.3 18.2 18.1 22.2 26.3 29.2
1.4 3.4 5.1 8.2 15.1 15.2 15.3 22.1 26.2 29.1
1.3 3.3 5.2 8.1 19.4 19.3 19.2 19.1 26.1 30.1
1.2 3.2 5.3 13.2 13.1 16.6 23.1 23.2 23.3 30.2
1.1 3.1 5.4 9.1 9.2 16.5 27.3 27.2 27.1 30.3
6.4 6.3 6.2 6.1 14.4 16.4 20.1 24.1 24.2 30.4
4.1 4.2 4.3 10.1 14.3 16.3 20.2 25.2 28.2 30.5
7.3 7.2 7.1 10.2 14.2 16.2 20.3 25.1 28.1 30.6
11.4 11.3 11.2 11.1 14.1 16.1 21.1 21.2 21.3 21.4