10 10
6 8 5 3 3 2 2 8 1 4
3 4 6 2 5 5 4 3 5 5
5.3 5.2 5.1 6.3 6.4 6.5 6.6 6.7 20.3 20.4
1.1 1.2 6.1 6.2 13.6 14.2 14.1 18.1 20.2 20.5
3.1 3.2 3.3 3.4 13.5 15.2 15.1 18.2 20.1 20.6
7.5 7.4 3.6 3.5 13.4 13.1 16.1 18.3 21.3 21.4
7.6 7.3 7.2 7.1 13.3 13.2 16.2 18.4 21.2 21.1
7.7 8.3 8.2 8.1 9.1 9.2 16.3 18.5 22.2 22.1
2.2 8.4 9.6 9.5 9.4 9.3 17.3 18.6 22.3 23.3
2.1 8.5 11.5 10.1 10.2 10.3 17.2 19.2 22.4 23.2
8.7 8.6 11.4 11.3 11.2 11.1 17.1 19.1 22.5 23.1
4.3 4.2 4.1 12.1 12.2 12.3 12.4 12.5 12.6 12.7