10 10
4 4 2 4 6 3 7 7 8 1
4 4 7 5 4 3 4 8 5 2
3.1 3.2 3.3 3.4 23.6 23.5 23.4 23.3 23.2 23.1
1.1 4.3 8.4 10.1 13.1 13.2 13.3 13.4 13.5 27.1
1.2 4.2 8.3 10.2 14.3 16.3 18.4 20.1 20.2 27.2
1.3 4.1 8.2 10.3 14.2 16.2 18.3 21.3 24.1 27.3
5.2 5.1 8.1 10.4 14.1 16.1 18.2 21.2 24.2 27.4
2.1 6.1 6.2 11.1 11.2 11.3 18.1 21.1 24.3 27.5
2.2 7.2 9.2 12.2 25.5 25.4 25.3 25.2 25.1 27.6
2.3 7.1 9.1 12.1 26.6 26.5 26.4 26.3 26.2 26.1
2.4 15.5 15.4 15.3 15.2 15.1 19.1 19.2 19.3 28.2
2.5 17.6 17.5 17.4 17.3 17.2 17.1 22.1 22.2 28.1