10 10
4 5 7 6 9 7 5 3 6 3
8 9 8 4 3 4 8 4 2 5
1.2 1.3 13.5 13.4 13.3 13.2 13.1 19.5 19.4 19.3
1.1 1.4 6.3 6.2 9.3 14.1 14.4 18.2 19.1 19.2
1.6 1.5 6.4 6.1 9.2 14.2 14.3 18.1 20.1 20.2
2.7 4.3 4.2 4.1 9.1 17.1 17.2 17.3 17.4 17.5
2.6 3.6 5.5 5.4 15.1 15.2 15.3 15.4 15.5 17.6
2.5 3.5 5.6 5.3 10.1 10.2 10.3 11.5 11.6 17.7
2.4 3.4 5.1 5.2 11.1 11.2 11.3 11.4 11.7 22.1
2.3 3.3 7.2 7.1 12.1 12.2 12.3 12.4 12.5 22.2
2.2 3.2 7.3 7.4 7.5 16.2 21.3 21.2 21.1 22.3
2.1 3.1 8.3 8.2 8.1 16.1 21.4 21.5 21.6 22.4