10 10
2 6 9 2 5 2 6 4 2 4
2 7 3 7 4 5 3 5 5 1
1.3 4.3 8.2 22.6 22.5 22.4 22.3 22.2 22.1 26.1
1.2 4.2 8.1 10.1 18.1 18.2 18.3 18.4 18.5 26.2
1.1 4.1 9.1 10.2 14.4 16.1 23.1 23.2 23.3 23.4
5.2 5.1 9.2 10.3 14.3 16.2 20.4 20.3 20.2 20.1
6.2 6.1 9.3 10.4 14.2 16.3 19.6 27.3 27.2 27.1
2.1 2.2 9.4 10.5 14.1 16.4 19.5 24.1 24.2 24.3
3.4 7.1 9.5 11.1 11.2 17.1 19.4 21.4 25.1 28.1
3.3 7.2 9.6 12.1 12.2 17.2 19.3 21.3 25.2 28.2
3.2 15.4 15.3 15.2 15.1 17.3 19.2 21.2 25.3 28.3
3.1 13.4 13.3 13.2 13.1 17.4 19.1 21.1 25.4 28.4