10 10
6 5 6 9 4 8 1 6 6 4
7 3 3 1 4 5 8 7 9 8
6.4 6.3 6.2 6.1 12.6 11.4 15.1 17.1 19.5 19.6
6.5 6.6 6.7 8.1 12.5 11.3 15.2 17.2 19.4 19.3
3.5 3.6 3.7 8.2 12.4 11.2 15.3 17.3 19.1 19.2
3.4 3.3 3.2 3.1 12.3 11.1 15.4 17.4 17.5 17.6
1.4 7.3 7.4 9.3 12.2 12.1 15.5 20.1 20.2 20.3
1.3 7.2 7.1 9.2 13.7 13.6 13.5 13.4 21.3 21.2
1.2 4.4 4.3 9.1 10.5 13.1 13.2 13.3 21.4 21.1
1.1 4.1 4.2 10.1 10.4 14.1 16.1 16.2 21.5 21.6
5.1 5.2 5.3 10.2 10.3 14.2 18.3 18.2 22.3 22.4
2.1 2.2 2.3 2.4 2.5 2.6 18.4 18.1 22.2 22.1