10 10
2 3 5 3 6 7 5 7 5 5
6 6 3 4 1 4 5 6 8 5
8.4 8.3 8.2 8.1 12.1 21.5 21.4 21.3 21.2 21.1
1.1 3.6 6.1 6.2 12.2 19.1 19.2 19.3 19.4 25.2
1.2 3.5 7.1 22.6 22.5 22.4 22.3 22.2 22.1 25.1
1.3 3.4 7.2 9.1 16.4 16.3 16.2 16.1 23.6 26.1
1.4 3.3 7.3 9.2 14.2 14.1 17.1 20.5 23.5 26.2
2.5 3.2 7.4 9.3 15.2 15.1 17.2 20.4 23.4 26.3
2.4 3.1 7.5 9.4 13.1 13.2 17.3 20.3 23.3 26.4
2.3 4.1 4.2 4.3 4.4 4.5 4.6 20.2 23.2 26.5
2.2 5.2 10.1 10.2 10.3 10.4 18.2 20.1 23.1 26.6
2.1 5.1 11.1 11.2 11.3 11.4 18.1 24.3 24.2 24.1