10 10
5 4 4 4 4 7 6 2 7 1
4 6 4 5 7 1 6 4 4 3
1.1 4.2 9.2 9.1 26.6 26.5 26.4 26.3 26.2 26.1
1.2 4.1 14.4 14.3 14.2 14.1 23.4 23.3 23.2 23.1
10.5 10.4 10.3 10.2 10.1 15.1 15.2 15.3 15.4 27.4
2.3 6.1 6.2 6.3 6.4 20.4 20.3 20.2 20.1 27.3
2.2 7.2 7.1 11.4 18.1 18.2 18.3 18.4 18.5 27.2
2.1 5.3 8.1 11.3 12.1 21.4 21.3 21.2 21.1 27.1
3.1 5.2 8.2 11.2 12.2 16.1 19.4 24.2 24.1 28.1
3.2 5.1 8.3 11.1 12.3 16.2 19.3 22.1 25.3 28.2
3.3 13.5 13.4 13.3 13.2 13.1 19.2 22.2 25.2 28.3
17.6 17.5 17.4 17.3 17.2 17.1 19.1 22.3 25.1 28.4