10 10
2 7 6 7 7 4 6 2 6 4
4 2 7 8 1 6 5 7 9 2
14.7 14.6 14.5 14.4 14.3 14.2 14.1 17.1 21.1 24.1
1.1 8.5 8.4 8.3 8.2 8.1 15.1 17.2 21.2 24.2
1.2 11.5 11.4 11.3 11.2 11.1 15.2 17.3 21.3 24.3
1.3 3.6 12.5 12.4 12.3 12.2 12.1 17.4 25.2 25.1
1.4 3.5 18.6 18.5 18.4 18.3 18.2 18.1 22.1 26.3
2.5 3.4 5.2 5.1 9.1 13.1 16.3 19.4 22.2 26.2
2.4 3.3 4.3 6.1 9.2 13.2 16.2 19.3 22.3 26.1
2.3 3.2 4.2 6.2 9.3 13.3 16.1 19.2 23.1 23.2
2.2 3.1 4.1 10.1 10.2 10.3 10.4 19.1 27.2 27.1
2.1 7.4 7.3 7.2 7.1 20.5 20.4 20.3 20.2 20.1