10 10
8 6 5 3 7 2 3 3 4 1
5 6 5 5 3 3 2 4 4 5
8.4 8.3 8.2 8.1 10.4 13.1 16.2 16.1 19.1 21.1
8.5 8.6 9.4 9.3 10.3 13.2 16.3 16.4 19.2 21.2
5.4 5.5 5.6 9.2 10.2 13.3 13.4 13.5 13.6 21.3
5.3 5.2 5.1 9.1 10.1 11.7 21.7 21.6 21.5 21.4
1.1 1.2 6.2 11.2 11.1 11.6 15.1 15.2 15.3 22.6
2.1 2.2 6.1 11.3 11.4 11.5 15.6 15.5 15.4 22.5
3.4 2.3 2.4 2.5 14.1 14.2 14.3 14.4 14.5 22.4
3.3 7.1 7.2 7.3 17.5 17.4 17.3 17.2 17.1 22.3
3.2 4.2 12.4 12.5 12.6 20.5 20.4 18.1 18.2 22.2
3.1 4.1 12.3 12.2 12.1 20.6 20.3 20.2 20.1 22.1