10 10
7 4 6 6 5 1 3 5 5 2
5 6 7 4 1 7 5 2 4 3
1.3 7.3 7.2 7.1 11.1 13.6 14.1 17.5 17.4 17.3
1.2 7.4 7.5 7.6 11.2 13.5 14.2 22.4 17.1 17.2
1.1 2.3 2.4 2.5 11.3 13.4 14.3 22.3 22.2 22.1
2.1 2.2 11.6 11.5 11.4 13.3 14.4 18.2 18.1 23.1
3.5 8.4 8.3 8.2 8.1 13.2 14.5 19.2 19.1 23.2
3.4 4.4 9.3 9.2 9.1 13.1 15.3 15.4 20.1 23.3
3.3 4.3 10.3 10.2 12.1 6.7 15.2 15.1 20.2 23.4
3.2 4.2 10.4 10.1 12.2 6.6 16.5 16.6 16.7 24.3
3.1 4.1 12.5 12.4 12.3 6.5 16.4 16.1 21.2 24.2
5.2 5.1 6.1 6.2 6.3 6.4 16.3 16.2 21.1 24.1