10 10
7 5 3 7 4 8 6 8 4 3
8 7 7 6 1 1 6 7 5 7
8.4 8.3 8.2 8.1 12.1 12.2 12.3 12.4 12.5 12.6
3.3 3.2 3.1 18.7 18.6 18.5 18.4 18.3 18.2 18.1
1.2 4.1 9.6 9.1 17.4 17.3 17.2 17.1 14.5 14.6
1.1 4.2 9.5 9.2 17.5 14.1 14.2 14.3 14.4 21.1
2.4 4.3 9.4 9.3 17.6 15.3 15.4 15.7 19.2 21.2
2.3 5.7 10.2 10.1 13.2 15.2 15.5 15.6 19.1 21.3
2.2 5.6 6.1 11.1 13.1 15.1 22.4 22.3 22.2 22.1
2.1 5.5 6.2 11.2 16.1 16.2 16.3 16.4 20.3 20.4
5.3 5.4 6.3 11.3 11.4 11.5 11.6 16.5 20.2 20.5
5.2 5.1 7.1 7.2 7.3 7.4 7.5 16.6 20.1 20.6