10 10
3 2 4 6 5 7 8 4 6 6
5 4 7 7 7 5 3 5 7 1
1.1 1.2 1.3 1.4 1.5 10.2 16.1 17.3 21.3 24.1
2.7 3.1 3.2 3.3 3.4 10.1 16.2 17.2 21.2 24.2
2.6 4.5 5.5 11.4 11.3 11.2 11.1 17.1 21.1 24.3
2.5 4.4 5.4 6.3 8.1 8.2 8.3 8.4 8.5 8.6
2.4 4.3 5.3 6.2 9.2 12.1 18.3 18.2 18.1 25.1
2.3 4.2 5.2 6.1 9.1 12.2 22.3 22.2 22.1 25.2
2.2 4.1 5.1 13.3 13.2 13.1 19.1 19.2 19.3 25.3
2.1 7.1 7.2 7.3 7.4 7.5 7.6 20.3 23.1 25.4
14.7 14.6 14.5 14.4 14.3 14.2 14.1 20.2 23.2 25.5
15.7 15.6 15.5 15.4 15.3 15.2 15.1 20.1 23.3 25.6