10 10
1 6 6 5 4 7 6 6 8 6
2 4 4 4 9 6 8 5 7 6
8.4 8.3 8.2 8.1 12.1 17.1 17.2 17.3 22.2 26.2
1.5 4.5 6.1 9.1 12.2 18.1 18.2 18.3 22.1 26.1
1.4 4.4 6.2 9.2 12.3 14.2 19.1 23.3 23.2 23.1
1.3 4.3 7.7 9.3 12.4 14.1 19.2 21.4 24.5 27.6
1.2 4.2 7.6 9.4 15.2 15.1 19.3 21.3 24.4 27.5
1.1 4.1 7.5 10.1 10.2 10.3 10.4 21.2 24.3 27.4
2.1 2.2 7.4 11.3 13.1 13.2 13.3 21.1 24.2 27.3
3.1 5.3 7.3 11.2 20.4 20.3 20.2 20.1 24.1 27.2
3.2 5.2 7.2 11.1 16.1 16.2 16.3 16.4 16.5 27.1
3.3 5.1 7.1 25.7 25.6 25.5 25.4 25.3 25.2 25.1