10 10
7 7 3 6 2 10 5 7 4 3
9 3 2 8 9 6 3 4 4 6
2.3 2.4 2.5 2.6 2.7 12.1 15.1 19.1 19.2 19.3
2.2 2.1 6.1 6.2 6.3 12.2 15.2 20.1 20.2 20.3
3.3 3.4 3.5 10.2 10.1 12.3 15.3 21.1 21.2 21.3
3.2 3.1 3.6 9.6 22.6 22.5 22.4 22.3 22.2 22.1
4.1 4.2 4.3 9.5 22.7 16.1 16.2 16.3 16.4 16.5
7.3 7.2 7.1 9.4 11.1 13.1 17.1 17.2 23.4 23.1
7.4 7.5 7.6 9.3 11.2 13.2 17.4 17.3 23.3 23.2
1.1 1.2 1.3 9.2 11.3 13.3 17.5 17.6 24.4 24.3
5.3 5.4 8.1 9.1 11.4 14.2 18.2 18.3 18.6 24.2
5.2 5.1 8.2 11.6 11.5 14.1 18.1 18.4 18.5 24.1