10 10
7 3 5 5 5 3 7 8 8 1
8 4 3 5 3 8 6 6 4 5
1.7 3.2 5.2 19.7 19.6 19.5 19.4 19.3 19.2 19.1
1.6 3.1 5.1 13.1 13.2 13.3 13.4 13.5 13.6 13.7
1.5 9.4 9.3 9.2 9.1 20.5 20.4 20.3 20.2 20.1
1.4 6.1 6.2 6.3 6.4 6.5 17.1 17.2 17.3 23.7
1.3 4.1 21.7 21.6 21.5 21.4 21.3 21.2 21.1 23.6
1.2 4.2 7.1 7.2 7.3 7.4 7.5 18.1 22.5 23.5
1.1 4.3 10.2 10.1 14.4 15.1 16.1 18.2 22.4 23.4
2.3 4.4 8.1 8.2 14.3 15.2 16.2 18.3 22.3 23.3
2.2 4.5 11.2 11.1 14.2 15.3 16.3 18.4 22.2 23.2
2.1 4.6 12.2 12.1 14.1 15.4 16.4 18.5 22.1 23.1