10 10
7 5 6 9 7 6 4 2 4 5
3 9 6 8 10 6 3 6 2 2
1.5 4.4 7.4 17.1 17.2 17.3 17.4 20.1 25.2 28.3
1.4 4.3 7.3 12.1 12.2 12.3 12.4 20.2 25.1 28.2
1.3 4.2 7.2 13.1 13.2 13.3 13.4 13.5 13.6 28.1
1.2 4.1 7.1 14.2 14.1 18.6 21.1 21.2 21.3 21.4
1.1 8.1 8.2 8.3 15.1 18.5 26.4 26.3 26.2 26.1
2.3 5.2 9.1 11.1 15.2 18.4 19.1 22.2 27.1 29.4
2.2 5.1 9.2 11.2 15.3 18.3 19.2 22.1 27.2 29.3
2.1 10.2 10.1 11.3 15.4 18.2 23.2 23.1 27.3 29.2
3.1 3.2 3.3 11.4 15.5 18.1 24.3 24.2 24.1 29.1
6.1 6.2 6.3 11.5 16.1 16.2 16.3 16.4 16.5 16.6