10 10
6 3 1 7 4 5 8 6 4 5
7 2 1 5 4 6 3 4 9 8
1.5 3.4 10.4 10.3 10.2 10.1 18.1 18.2 18.3 18.4
1.4 3.3 5.2 11.1 11.2 11.3 11.4 19.4 25.2 25.1
1.3 3.2 5.1 7.1 7.2 14.1 16.3 19.3 23.3 26.1
1.2 3.1 6.7 8.1 12.1 14.2 16.2 19.2 23.2 26.2
1.1 4.6 6.6 8.2 12.2 14.3 16.1 19.1 23.1 26.3
2.1 4.5 6.5 8.3 12.3 20.4 20.3 20.2 20.1 26.4
2.2 4.4 6.4 8.4 12.4 15.4 21.3 21.2 21.1 26.5
2.3 4.3 6.3 8.5 12.5 15.3 17.3 27.3 27.2 27.1
2.4 4.2 6.2 9.1 9.2 15.2 17.2 22.1 22.2 28.2
2.5 4.1 6.1 13.2 13.1 15.1 17.1 24.2 24.1 28.1