10 10
6 5 5 7 3 1 3 5 5 4
5 4 7 6 3 5 4 5 2 3
1.1 3.1 3.2 12.1 12.2 12.3 12.4 12.5 12.6 12.7
1.2 4.7 13.5 13.4 13.3 13.2 13.1 22.3 22.2 22.1
1.3 4.6 5.3 8.6 9.3 14.1 14.2 14.3 14.4 14.5
1.4 4.5 5.2 8.5 9.2 15.2 18.1 23.3 23.2 23.1
1.5 4.4 5.1 8.4 9.1 15.1 18.2 20.1 20.2 27.1
1.6 4.3 6.1 8.3 10.1 10.2 10.3 10.4 10.5 27.2
2.4 4.2 6.2 8.2 11.1 11.2 19.1 24.2 24.1 27.3
2.3 4.1 6.3 8.1 16.2 16.1 19.2 21.3 25.1 27.4
2.2 7.1 7.2 7.3 7.4 7.5 19.3 21.2 25.2 27.5
2.1 17.5 17.4 17.3 17.2 17.1 19.4 21.1 26.1 26.2