10 10
6 9 3 9 5 3 5 8 4 3
3 7 3 2 5 7 4 7 8 9
12.6 12.5 12.4 12.3 12.2 12.1 19.1 22.1 22.2 28.7
1.4 3.3 7.3 10.1 13.1 13.2 19.2 23.1 23.2 28.6
1.3 3.2 7.2 10.2 14.1 16.1 16.2 16.3 16.4 28.5
1.2 3.1 7.1 10.3 14.2 20.1 20.2 20.3 27.5 28.4
1.1 8.2 8.1 10.4 14.3 24.3 24.2 24.1 27.4 28.3
4.1 4.2 4.3 4.4 4.5 4.6 21.3 25.3 27.3 28.2
5.2 5.1 9.4 11.1 15.4 17.1 21.2 25.2 27.2 28.1
2.3 6.1 9.3 11.2 15.3 17.2 21.1 25.1 27.1 29.3
2.2 6.2 9.2 11.3 15.2 18.1 18.2 18.3 18.4 29.2
2.1 6.3 9.1 11.4 15.1 26.4 26.3 26.2 26.1 29.1