10 10
4 6 6 6 5 3 7 2 7 10
5 8 5 7 7 2 6 1 7 8
1.1 3.2 12.3 12.2 12.1 16.1 18.1 20.5 21.1 24.7
1.2 3.1 14.3 14.2 14.1 16.2 18.2 20.4 21.2 24.6
1.3 4.1 4.2 4.3 4.4 4.5 4.6 20.3 21.3 24.5
1.4 5.2 19.5 19.4 19.3 19.2 19.1 20.2 21.4 24.4
2.6 5.1 8.1 8.2 8.3 8.4 8.5 20.1 21.5 24.3
2.5 9.1 9.2 9.3 9.4 9.5 9.6 9.7 21.6 24.2
2.4 6.1 10.1 10.2 10.3 10.4 10.5 10.6 21.7 24.1
2.3 6.2 13.2 13.1 15.2 17.1 25.4 25.3 25.2 25.1
2.2 11.3 11.2 11.1 15.1 17.2 22.4 22.3 22.2 22.1
2.1 7.1 7.2 7.3 7.4 17.3 23.4 23.3 23.2 23.1