10 10
4 6 6 6 7 4 3 5 6 5
4 5 7 7 5 3 4 8 4 5
1.1 1.6 3.1 3.2 3.3 13.4 13.1 18.5 18.4 21.4
1.2 1.5 4.2 7.1 3.4 13.3 13.2 17.1 18.3 21.3
1.3 1.4 4.1 7.2 3.5 14.4 14.3 17.2 18.2 21.2
8.6 5.2 5.1 7.3 3.6 14.5 14.2 17.3 18.1 21.1
8.5 5.3 5.4 5.5 11.1 14.6 14.1 17.4 22.7 22.6
8.4 8.3 8.2 8.1 11.2 12.5 15.1 15.2 19.2 22.5
9.5 9.4 9.3 9.2 9.1 12.4 16.3 16.4 19.1 22.4
2.5 6.1 6.2 6.3 6.4 12.3 16.2 16.5 20.1 22.3
2.4 2.1 6.7 6.6 6.5 12.2 16.1 16.6 20.2 22.2
2.3 2.2 10.1 10.2 10.3 12.1 20.5 20.4 20.3 22.1