10 10
6 6 5 7 3 8 9 1 3 2
3 3 5 4 6 5 3 7 8 6
1.4 5.1 5.2 8.7 16.4 16.5 16.6 21.3 21.2 24.1
1.3 6.1 8.5 8.6 16.3 16.2 16.1 21.4 21.1 24.2
1.2 6.2 8.4 10.1 10.2 14.3 17.1 21.5 24.4 24.3
1.1 6.3 8.3 11.1 10.3 14.2 17.2 22.3 22.2 22.1
2.4 7.4 8.2 11.2 10.4 14.1 17.3 17.4 17.5 17.6
2.3 7.3 8.1 11.3 10.5 15.1 18.1 18.2 18.3 18.4
2.2 7.2 12.2 12.1 10.6 15.2 19.1 19.2 25.2 25.1
2.1 7.1 9.1 13.1 10.7 15.3 23.4 25.4 25.3 26.1
3.1 3.2 9.2 13.2 13.5 15.4 23.3 23.2 23.1 26.2
4.1 4.2 9.3 13.3 13.4 20.1 20.2 20.3 20.4 20.5