10 10
4 5 6 5 6 4 3 7 7 5
2 4 2 4 4 9 8 9 6 4
3.4 3.3 3.2 3.1 16.4 16.3 16.2 16.1 17.1 17.2
11.5 11.4 11.3 11.2 11.1 13.6 21.4 21.3 21.2 21.1
11.6 11.7 1.6 1.5 12.1 13.5 21.5 21.6 21.7 22.1
1.1 1.2 1.3 1.4 12.2 13.4 15.6 18.3 18.2 22.2
4.3 4.2 4.1 8.1 8.2 13.3 15.5 18.4 18.1 22.3
2.1 9.4 9.3 9.2 9.1 13.2 15.4 18.5 19.1 19.2
2.2 9.5 5.1 5.2 5.3 13.1 15.3 18.6 20.1 20.2
2.3 6.2 6.1 10.3 10.4 10.5 15.2 18.7 20.4 20.3
7.4 7.5 7.6 10.2 14.2 14.1 15.1 23.3 23.2 23.1
7.3 7.2 7.1 10.1 14.3 14.4 14.5 24.3 24.2 24.1