10 10
8 4 7 7 2 6 1 9 5 5
5 2 4 4 5 8 5 4 9 8
3.1 3.2 3.3 3.4 11.2 13.2 16.3 18.1 19.4 23.3
1.3 3.7 3.6 3.5 11.1 13.1 16.2 18.2 19.3 23.2
1.2 4.1 9.5 21.7 21.6 21.5 16.1 19.1 19.2 23.1
1.1 4.2 9.4 8.1 8.2 21.4 21.3 21.2 21.1 24.1
2.6 4.3 9.3 9.2 12.1 12.2 12.3 24.4 24.3 24.2
2.5 6.2 6.1 9.1 10.7 14.4 17.1 24.5 24.6 25.4
2.4 7.5 7.4 10.1 10.6 14.3 17.2 20.1 22.1 25.3
2.3 5.3 7.3 10.2 10.5 14.2 17.3 20.2 22.2 25.2
2.2 5.2 7.2 10.3 10.4 14.1 17.4 20.3 20.4 25.1
2.1 5.1 7.1 15.3 15.2 15.1 17.5 26.3 26.2 26.1