10 10
4 3 6 5 4 6 9 6 6 6
8 7 6 3 6 3 6 6 6 4
1.7 8.4 8.3 8.2 8.1 11.4 19.4 19.3 19.2 19.1
1.6 5.3 5.2 5.1 9.2 11.3 14.1 14.2 14.3 14.4
1.5 3.1 3.2 3.3 9.1 11.2 17.1 17.2 17.3 17.4
1.4 4.4 4.5 4.6 4.7 11.1 15.1 18.1 20.4 20.5
1.3 4.3 6.5 6.6 12.2 12.1 15.2 18.2 20.3 20.6
1.2 4.2 6.4 13.3 13.2 13.1 15.3 18.3 20.2 20.1
1.1 4.1 6.3 13.4 13.5 10.7 15.4 18.4 21.2 21.1
2.3 2.4 6.2 6.1 10.1 10.6 15.5 18.5 22.2 22.1
2.2 7.3 7.2 7.1 10.2 10.5 15.6 18.6 22.3 22.4
2.1 7.4 7.5 7.6 10.3 10.4 16.1 16.2 16.3 16.4