10 10
6 8 6 2 3 1 4 3 4 7
1 1 3 4 4 7 9 5 5 5
1.4 5.2 5.1 8.2 16.7 12.1 12.2 12.3 22.6 21.2
1.3 5.3 5.4 8.1 16.6 13.1 15.1 12.4 22.5 21.1
1.2 3.1 6.1 9.1 16.5 13.2 15.2 12.5 22.4 22.1
1.1 3.2 6.2 9.2 16.4 13.3 15.3 15.4 22.3 22.2
3.4 3.3 6.3 9.3 16.3 16.2 16.1 18.3 18.2 18.1
6.6 6.5 6.4 9.4 11.1 14.1 14.2 23.3 23.2 23.1
2.4 4.4 7.1 9.5 11.2 19.5 19.4 19.3 19.2 19.1
2.3 4.3 7.2 10.1 10.2 10.3 17.3 24.5 24.6 24.1
2.2 4.2 7.3 10.6 10.5 10.4 17.2 24.4 24.3 24.2
2.1 4.1 7.4 7.5 7.6 7.7 17.1 20.1 20.2 20.3