10 10
6 4 2 4 8 9 4 2 4 10
5 5 5 6 5 5 5 5 6 6
1.1 4.1 6.4 6.1 10.1 13.2 13.1 14.7 17.1 19.4
1.2 4.2 6.3 6.2 10.2 14.2 14.1 14.6 17.2 19.3
1.3 1.4 1.5 1.6 10.3 14.3 14.4 14.5 17.3 19.2
5.4 5.3 5.2 5.1 10.4 15.3 15.2 15.1 17.4 19.1
2.1 2.2 7.7 12.7 12.6 12.5 16.4 16.5 16.6 20.3
3.5 8.7 7.6 7.1 11.1 12.4 16.3 16.2 16.1 20.2
3.4 8.6 7.5 7.2 11.2 12.3 18.3 18.2 18.1 20.1
3.3 8.5 7.4 7.3 11.3 12.2 18.4 18.7 21.2 21.1
3.2 8.4 8.3 8.2 8.1 12.1 18.5 18.6 21.3 22.2
3.1 9.1 9.2 9.3 9.4 21.7 21.6 21.5 21.4 22.1