10 10
8 5 4 4 5 5 5 3 2 3
7 3 4 7 4 1 5 6 4 3
1.2 7.6 7.1 9.3 9.4 15.4 15.1 20.1 20.2 20.3
1.1 7.5 7.2 9.2 9.1 15.3 15.2 21.2 21.1 24.1
2.1 7.4 7.3 10.3 10.2 10.1 13.5 22.6 22.1 24.2
2.2 2.3 2.4 11.2 11.1 13.1 13.4 22.5 22.2 24.3
3.1 3.2 3.3 3.4 12.6 13.2 13.3 22.4 22.3 24.4
4.1 4.2 4.3 4.4 12.5 16.1 16.2 16.3 16.4 24.5
5.4 6.1 8.3 4.5 12.4 17.2 17.1 18.1 18.2 18.3
5.3 6.2 8.2 4.6 12.3 14.3 14.4 19.1 23.1 25.1
5.2 6.3 8.1 4.7 12.2 14.2 14.5 19.2 23.2 25.2
5.1 6.4 6.5 6.6 12.1 14.1 14.6 19.3 19.4 19.5