10 10
4 3 7 5 5 9 8 3 5 9
4 5 6 9 5 8 5 5 5 6
1.2 4.4 4.3 7.2 14.1 14.2 14.3 14.4 20.4 23.1
1.1 4.1 4.2 7.1 11.1 15.1 17.3 19.3 20.3 23.2
2.2 8.3 8.2 8.1 11.2 15.2 17.2 19.2 20.2 23.3
2.1 8.4 12.7 9.1 9.2 15.3 17.1 19.1 20.1 23.4
3.6 8.5 12.6 12.3 12.2 15.4 21.4 21.3 21.2 21.1
3.5 8.6 12.5 12.4 12.1 15.5 16.5 24.3 24.2 24.1
3.4 8.7 6.4 6.5 6.6 16.3 16.4 24.4 24.5 24.6
3.3 5.3 6.3 10.1 13.3 16.2 18.1 18.2 18.3 18.4
3.2 5.2 6.2 10.2 13.2 16.1 25.5 25.4 25.3 25.2
3.1 5.1 6.1 10.3 13.1 22.4 22.3 22.2 22.1 25.1