10 10
8 6 5 2 5 5 2 7 7 2
6 5 4 5 3 8 7 3 2 6
3.3 3.2 3.1 11.3 11.2 11.1 14.1 14.2 14.3 22.1
4.6 4.5 5.1 11.4 12.2 12.1 15.7 16.1 19.1 22.2
4.3 4.4 5.2 11.5 12.3 12.4 15.6 16.2 19.2 22.3
4.2 4.1 5.3 11.6 9.1 13.3 15.5 16.3 20.7 22.4
5.6 5.5 5.4 11.7 9.2 13.2 15.4 20.5 20.6 22.5
1.6 1.5 1.4 7.1 9.3 13.1 15.3 20.4 20.1 22.6
1.1 1.2 1.3 7.2 10.1 10.2 15.2 20.3 20.2 23.4
6.3 6.2 6.1 7.3 8.5 10.3 15.1 17.1 17.2 23.3
2.2 7.6 7.5 7.4 8.4 10.4 10.7 18.1 21.1 23.2
2.1 7.7 8.1 8.2 8.3 10.5 10.6 18.2 21.2 23.1