10 10
4 3 3 6 6 8 7 5 7 4
10 4 3 8 4 6 5 6 2 5
2.1 2.2 2.3 18.5 18.4 18.3 18.2 18.1 22.1 22.2
3.3 3.2 18.7 18.6 11.3 11.2 14.1 14.2 14.3 24.1
3.4 3.1 7.2 7.1 11.4 11.1 15.1 15.2 14.4 24.2
3.5 4.1 19.6 19.5 19.4 19.3 19.2 19.1 14.5 24.3
3.6 4.2 10.3 10.2 10.1 12.1 20.3 20.2 23.1 24.4
3.7 5.2 5.1 8.1 12.3 12.2 20.4 20.1 23.2 24.5
1.3 5.3 8.5 8.2 12.4 16.1 16.2 16.3 23.3 25.1
1.2 5.4 8.4 8.3 12.5 13.1 13.2 17.6 17.5 25.2
1.1 5.5 9.2 9.1 12.6 17.1 17.2 17.3 17.4 25.3
6.4 6.3 6.2 6.1 12.7 21.4 21.3 21.2 21.1 25.4