10 10
4 4 4 7 1 7 4 8 5 6
4 3 4 8 8 4 6 2 6 5
1.2 1.3 5.1 9.3 12.1 14.1 21.4 21.3 21.2 21.1
1.1 1.4 5.2 9.2 12.2 14.2 21.5 19.1 19.2 19.3
2.1 2.2 5.3 9.1 12.3 15.4 21.6 19.6 19.5 19.4
6.4 6.3 6.2 6.1 12.4 15.3 17.1 17.2 17.3 24.1
3.1 3.2 3.3 3.4 12.5 15.2 18.1 20.5 17.4 24.2
4.3 4.2 7.3 10.2 12.6 15.1 18.2 20.4 17.5 24.3
4.4 4.1 7.2 10.1 16.2 16.1 18.3 20.3 17.6 22.4
4.5 8.5 7.1 13.4 13.3 18.5 18.4 20.2 17.7 22.3
4.6 8.4 8.1 11.2 13.2 18.6 23.5 20.1 22.1 22.2
4.7 8.3 8.2 11.1 13.1 18.7 23.4 23.3 23.2 23.1