10 10
7 3 2 5 4 4 4 2 8 9
5 9 2 3 5 5 4 6 3 6
1.6 3.2 13.6 13.5 13.4 13.3 13.2 13.1 19.4 19.3
1.5 3.1 6.1 6.2 16.5 16.4 16.3 16.2 16.1 19.2
1.4 6.5 6.4 6.3 16.6 16.7 20.5 20.6 20.7 19.1
1.3 4.1 9.5 8.1 8.2 8.3 20.4 20.3 20.2 20.1
1.2 4.2 9.4 9.1 10.2 21.5 21.4 21.3 21.2 21.1
1.1 4.3 9.3 9.2 10.1 11.7 11.6 11.5 18.3 22.3
2.1 2.2 2.3 2.4 11.1 11.2 11.3 11.4 18.2 22.2
7.4 7.3 7.2 7.1 15.4 14.3 14.2 14.1 18.1 22.1
7.5 5.1 5.2 5.3 15.3 15.2 15.1 17.1 23.2 23.1
12.7 12.6 12.5 12.4 12.3 12.2 12.1 17.2 23.3 23.4