10 10
4 2 7 6 6 2 7 7 4 6
2 6 3 3 4 4 9 6 5 9
1.1 5.1 5.2 5.3 5.4 5.5 17.7 20.5 19.4 19.1
1.2 3.1 9.3 9.2 9.1 13.1 17.6 20.4 19.3 19.2
2.5 3.2 9.4 9.5 9.6 13.2 17.5 20.3 20.2 20.1
2.4 3.3 6.1 6.4 11.1 13.3 17.4 17.1 21.2 21.1
2.3 3.4 6.2 6.3 11.2 13.4 17.3 17.2 22.4 22.3
2.2 4.7 14.6 14.5 14.4 14.3 14.2 14.1 22.5 22.2
2.1 4.6 7.1 10.4 12.4 15.1 15.2 22.7 22.6 22.1
4.4 4.5 7.2 10.3 12.3 16.6 16.1 18.5 23.4 23.1
4.3 4.2 4.1 10.2 12.2 16.5 16.2 18.4 23.3 23.2
8.3 8.2 8.1 10.1 12.1 16.4 16.3 18.3 18.2 18.1