10 10
3 4 4 3 7 8 4 4 4 4
4 6 5 5 6 6 4 3 4 2
1.1 8.4 8.3 8.2 8.1 22.4 22.3 22.2 22.1 18.7
1.2 4.1 4.2 4.3 4.4 10.6 16.1 18.2 18.3 18.6
1.3 1.4 9.1 9.2 9.3 10.5 16.2 18.1 18.4 18.5
2.3 1.5 10.1 10.2 10.3 10.4 19.1 19.2 19.3 19.4
2.2 1.6 5.3 5.4 5.5 5.6 20.5 20.6 20.7 24.1
2.1 5.1 5.2 12.2 12.1 15.1 20.4 23.4 23.3 24.2
3.1 11.4 11.3 11.2 11.1 15.2 20.3 20.2 23.2 24.3
3.2 6.2 7.2 7.3 13.1 15.3 17.1 20.1 23.1 24.4
3.3 6.1 7.1 7.4 13.2 15.4 17.2 17.3 17.4 24.5
3.4 14.6 14.5 14.4 14.3 14.2 14.1 21.1 21.2 24.6