10 10
7 6 5 2 6 6 4 5 5 8
2 3 3 9 2 7 8 7 6 7
1.1 14.6 14.5 14.4 14.3 14.2 14.1 8.7 23.6 23.1
1.2 1.3 8.1 8.2 8.3 8.4 8.5 8.6 23.5 23.2
2.2 1.4 1.5 1.6 17.4 17.3 17.2 17.1 23.4 23.3
2.1 15.7 15.6 15.5 15.4 15.3 15.2 18.1 21.1 21.2
3.1 3.2 6.1 11.3 11.2 11.1 15.1 18.2 21.4 21.3
5.2 5.1 6.2 9.2 12.1 19.5 19.4 19.3 19.2 19.1
5.3 5.4 6.3 9.1 12.2 13.6 13.7 20.6 20.5 22.5
6.6 6.5 6.4 10.1 12.3 13.5 16.3 20.7 20.4 22.4
4.4 4.3 7.2 10.2 13.1 13.4 16.2 20.2 20.3 22.3
4.1 4.2 7.1 10.3 13.2 13.3 16.1 20.1 22.1 22.2