25 40
- 1 5 2 4 - - - - - - - - 1 4 - - 1 2 1 4 2 - 6 7 - - - - - - - - - - 3 1 6 8 -
- 3 1 6 - - 7 4 1 3 - - 1 5 - - 4 - - - 3 - - - 3 1 - - - - 5 6 3 2 - - 7 1 2 -
- 1 3 - - - 9 6 2 - - 1 2 - - 7 2 1 3 2 - - 3 - - 4 2 - - - 2 4 1 - - - - 4 1 -
- 5 - - - - 2 1 - - 1 5 - - - - - - - - - 6 7 8 - - 1 5 - - 6 7 - - - - - - 5 -
- - - - - - 1 - - 5 2 - - 2 - - - 1 - - 2 5 - 7 2 - - 8 2 - 1 - - - - 6 - - - -
- - - 8 - - - - - - - - 2 3 - - 10 3 2 - - 8 2 5 - - - - - - - - - - - - - - - 4
- - 6 1 - - - - 5 - - - 1 7 - 2 8 - 3 1 - - 1 - - - - - - - - 9 - - - - - - 4 3
- 3 5 2 - - - 3 2 - - - 7 9 - - 6 4 1 - - - - - - - - 1 - - - 2 1 - - - - 3 1 8
6 2 1 3 - - 2 9 1 - - - 2 - - - - 2 - - - 7 9 1 - - 1 2 1 - - 3 2 9 - - 3 6 10 7
- - - - - 3 8 1 6 - - - - - 3 - - - - - 12 10 3 11 2 - - 1 - - - 1 5 3 7 - - - - -
- - 2 - - - - - - - 8 - - 4 7 5 3 - - - 4 1 - 2 3 - 1 - - 2 - - - - - - - 8 - -
- 4 9 5 - - - - - 1 2 3 - - 1 - - - - - 11 2 1 3 4 - - - 3 7 1 - - - - - 1 3 4 -
4 8 - 2 1 - - - 1 2 - 5 3 - - - 11 5 1 - - 4 7 5 - - - 4 1 - 2 7 - - - 8 2 - 5 3
- 6 3 1 - - - - - 8 1 6 - - - 3 2 1 6 7 - - - - - 2 - - 10 2 4 - - - - - 4 7 1 -
- - 4 - - - - - - - 4 - - - - 10 1 - 11 12 - - - 1 9 3 1 - - 4 - - - - - - - 2 - -
- - - - - 3 1 10 7 - - - - - - 1 7 12 5 10 - - - - - 9 - - - - - 4 1 3 1 - - - - -
7 2 10 1 - - 6 8 2 - - 7 - 1 - - 2 8 9 - - - 3 - - - - 1 - - - 1 5 2 - - 2 1 4 7
2 4 6 - - - - 2 1 - 5 1 8 - - - - - - - - 4 2 3 - - 6 5 - - - 3 2 - - - 1 3 2 -
8 5 - - - - - - 9 - - 8 - - - - - 3 - - 1 3 - 7 2 - 1 2 - - - 1 - - - - 6 2 - -
3 - - - - - - - - - - - - - - - 8 5 3 - - 9 1 2 - - 5 6 - - - - - - - - 1 - - -
- - - - 1 - - - - 5 - 2 1 - - 5 9 - 8 6 - - 5 - - - 4 - - 1 7 - - 2 - - - - - -
- 6 - - - - - - 1 3 - - 2 1 - - 4 9 2 - - - - - - - - - 9 7 - - 6 3 - - - - 1 -
- 2 3 - - - - 7 8 2 - - - 5 1 - - 4 - - 3 7 1 6 8 - - 2 5 - - 4 1 6 - - - 1 4 -
- 1 2 4 - - 3 1 2 1 - - - - 5 3 - - - 3 - - - 4 - - 3 5 - - 2 1 10 4 - - 5 9 8 -
- 3 4 2 5 - - - - - - - - - - 4 2 - 1 5 1 2 4 - - 6 7 - - - - - - - - 3 1 8 5 -
1 1 18 26 26 26 26 26 26 56 60 60 73 73 73 90 91 91 91 111 111 111 125 125 125 125 125 151 155 155 155 170 170 182 183 183 191 191 191 207
2 2 18 18 18 18 26 48 48 56 56 56 56 74 73 91 91 91 91 111 111 121 121 130 125 125 125 151 156 155 155 157 176 183 183 176 191 205 205 207
2 14 14 18 31 18 18 49 48 48 56 70 74 74 74 91 97 101 105 105 111 116 116 130 135 140 140 140 157 157 157 157 176 176 176 176 191 205 207 207
2 4 14 27 31 18 34 49 49 48 61 70 70 74 79 92 97 92 105 105 116 116 116 117 135 135 135 140 140 157 158 158 177 177 188 191 191 205 205 205
3 4 14 27 31 34 34 34 49 48 62 62 70 70 79 92 92 92 98 105 116 116 116 117 135 141 141 136 136 157 158 171 171 177 188 188 191 206 208 208
4 4 4 15 15 35 35 34 49 48 48 48 75 70 79 79 79 79 98 98 116 116 117 117 117 141 141 136 158 158 158 158 171 177 188 192 192 206 206 206
5 5 15 15 15 35 35 34 49 49 63 63 75 79 79 79 79 98 98 98 117 117 117 117 136 136 136 136 136 163 163 158 158 178 188 193 193 206 193 209
6 15 15 20 15 36 37 34 50 50 63 63 75 75 85 85 98 98 106 112 112 117 126 126 126 126 126 136 159 159 163 163 178 178 188 193 193 206 193 209
7 7 19 20 20 37 37 42 51 57 57 57 57 75 75 93 93 93 106 106 106 113 113 127 137 137 147 147 159 159 167 172 172 178 178 193 193 193 193 209
7 7 20 20 20 37 42 42 51 51 51 64 75 75 75 94 94 80 80 113 113 113 113 127 137 137 147 152 152 152 167 172 172 178 178 194 199 199 209 209
8 7 21 21 20 37 37 42 51 51 64 64 64 64 64 80 80 80 107 113 113 113 113 127 137 137 148 152 152 152 167 172 172 184 178 194 199 199 209 209
9 7 22 22 22 38 42 42 51 58 64 64 64 80 80 80 80 86 107 113 113 122 122 127 127 127 148 152 152 152 164 172 179 184 178 178 199 199 209 211
9 16 23 22 22 22 22 42 52 52 52 52 52 81 86 86 86 86 108 102 102 102 127 127 127 142 143 143 160 164 164 172 172 184 184 185 185 199 199 210
9 16 16 16 16 22 22 42 42 52 65 52 52 76 87 86 86 102 102 102 118 118 118 118 127 142 143 143 143 153 164 173 180 185 185 185 185 200 210 210
9 16 16 16 32 32 32 43 43 52 52 66 76 76 87 86 86 86 102 102 102 114 118 131 127 143 143 143 161 153 168 173 180 185 185 195 200 200 210 210
10 10 16 28 28 39 43 43 43 43 66 66 68 68 87 87 99 86 102 102 114 114 128 131 138 143 149 153 153 153 168 168 180 186 185 195 200 200 200 210
11 10 16 24 24 39 43 43 53 43 67 68 68 82 87 95 99 86 102 114 114 114 129 129 132 143 149 153 153 165 168 168 168 186 189 189 189 200 200 210
11 10 24 24 24 39 44 44 53 43 68 68 68 68 88 95 99 99 109 109 114 119 129 132 132 144 149 149 149 165 169 174 174 186 174 189 201 201 201 212
11 11 24 24 24 39 44 44 54 54 54 54 71 71 88 95 99 99 109 115 115 119 119 119 132 144 144 149 162 162 169 174 174 174 174 196 202 202 202 202
11 11 11 29 29 40 45 45 54 59 54 54 71 83 84 95 99 103 103 103 119 119 119 119 133 133 133 133 162 162 162 175 175 174 190 190 202 202 202 213
11 11 25 29 33 33 45 46 54 59 59 71 71 71 84 95 99 103 103 103 120 119 119 133 133 133 133 154 154 154 154 175 175 187 190 197 203 203 203 203
12 12 12 30 30 30 45 46 54 46 59 59 77 84 84 96 99 103 103 104 120 123 123 123 123 145 146 154 154 166 166 166 166 187 190 197 204 204 204 204
12 17 17 17 30 41 46 46 46 46 69 69 77 69 89 96 100 104 103 104 120 120 120 120 120 146 146 154 154 166 166 166 166 187 187 198 198 198 198 198
12 12 12 17 17 41 41 46 55 55 55 69 69 69 89 96 89 104 104 104 104 124 120 134 139 134 134 134 154 150 166 150 166 187 187 187 198 198 198 198
13 13 13 13 13 13 47 47 55 55 55 72 78 78 89 89 89 89 110 104 104 124 120 134 134 134 150 150 150 150 150 150 181 181 181 181 181 181 181 181