14 24
4 5 1 3 2 1 4 7 2 1 3 2 5 1 4 1 3 2 1 4 3 1 2 1
1 3 2 1 6 2 5 8 4 3 2 6 1 5 1 2 4 1 2 5 6 7 3 2
2 1 4 2 3 5 1 4 3 2 1 7 2 3 5 4 1 3 6 1 4 3 5 7
3 2 1 5 1 3 2 6 7 5 4 3 1 2 1 5 2 6 1 3 1 8 2 3
5 1 3 1 2 4 3 5 1 6 2 8 4 1 3 2 1 4 2 6 3 5 4 2
2 4 6 7 5 2 4 1 2 1 5 1 6 4 2 1 3 2 1 4 2 6 1 5
6 5 1 4 1 7 2 3 1 4 1 5 3 2 1 6 4 5 3 2 7 4 2 1
3 2 4 6 3 1 5 1 4 3 6 2 1 5 4 7 2 3 1 5 4 3 1 2
1 3 5 2 1 3 6 4 1 2 1 3 2 1 6 3 5 2 4 1 3 1 6 1
2 1 3 1 2 6 1 2 3 1 4 1 5 2 3 1 6 4 2 3 1 2 7 4
1 2 1 3 6 1 4 3 2 5 1 2 4 3 2 5 1 6 3 4 2 1 5 3
3 1 2 1 4 2 7 5 1 4 2 1 3 6 5 4 2 3 1 2 1 3 4 5
2 3 4 2 5 3 1 2 4 3 1 5 2 4 1 2 3 1 2 6 3 1 2 1
4 1 3 1 2 4 3 1 6 2 7 3 1 2 4 3 1 2 7 8 5 4 3 2