14 24
1 2 1 5 2 3 4 2 1 6 2 5 3 4 1 2 3 1 2 4 6 2 3 7
2 5 3 2 6 1 7 3 5 1 4 1 2 1 6 5 1 2 4 3 2 5 1 4
3 4 5 1 3 2 6 7 4 2 1 3 1 2 1 3 6 7 5 1 4 3 2 1
4 1 6 3 2 4 5 1 3 1 2 4 5 6 2 1 8 3 1 2 5 4 1 2
2 3 4 1 5 3 1 4 2 3 1 2 4 5 7 2 3 4 2 1 3 1 5 1
5 1 3 2 4 1 2 5 1 4 3 6 2 1 5 4 1 2 8 6 7 2 4 3
1 2 7 5 1 2 4 3 6 1 7 3 8 2 1 3 2 1 4 2 1 3 1 5
3 8 2 1 3 7 1 2 3 5 2 1 6 3 4 5 1 3 1 7 4 5 2 6
4 6 1 2 1 5 2 8 4 1 6 2 7 1 2 1 5 2 3 8 2 1 3 2
6 5 3 7 2 4 3 6 1 2 5 1 2 4 3 7 2 1 5 1 6 2 1 4
1 2 5 8 4 1 6 3 5 1 4 3 1 8 6 3 7 5 2 4 1 3 6 1
3 4 6 1 5 2 4 1 2 7 3 4 5 1 8 1 6 3 4 1 2 7 5 2
2 3 1 2 1 3 1 4 1 6 2 5 1 3 7 2 4 1 3 2 1 4 3 1
1 2 3 4 6 8 7 1 4 5 1 2 3 6 4 5 1 2 1 3 4 1 2 5