16 16
5 15 14 8 11 3 4 13 16 7 6 2 12 10 1 9
6 16 1 13 15 14 8 9 10 3 12 5 2 11 7 4
11 12 9 4 5 2 7 10 13 1 15 14 6 3 16 8
7 10 3 2 6 16 1 12 4 9 11 8 14 13 5 15
10 11 2 3 14 6 15 1 8 16 7 9 5 12 4 13
12 1 16 6 8 5 11 2 15 4 10 13 9 7 3 14
13 5 15 14 12 4 9 7 11 6 1 3 16 8 10 2
8 7 4 9 13 10 3 16 2 14 5 12 11 6 15 1
4 3 10 11 1 7 2 5 9 12 16 15 8 14 13 6
9 14 5 15 3 13 6 4 1 10 8 11 7 2 12 16
16 2 13 12 9 15 14 8 7 5 3 6 1 4 11 10
1 8 6 7 16 12 10 11 14 2 13 4 15 5 9 3
15 9 8 10 4 11 5 14 12 13 2 16 3 1 6 7
14 4 7 16 2 1 12 3 6 11 9 10 13 15 8 5
3 6 11 1 10 9 13 15 5 8 14 7 4 16 2 12
2 13 12 5 7 8 16 6 3 15 4 1 10 9 14 11