16 16
10 9 7 11 12 15 8 2 16 1 4 14 3 13 5 6
12 15 4 13 14 5 7 9 2 8 6 3 11 16 1 10
5 1 8 2 13 6 3 16 7 10 12 11 4 9 14 15
14 3 16 6 4 1 11 10 5 15 13 9 12 2 8 7
16 10 3 1 2 13 15 11 12 5 14 4 6 8 7 9
8 2 9 5 10 12 6 4 1 7 3 13 16 15 11 14
7 11 15 4 9 3 14 5 10 16 8 6 2 12 13 1
6 14 13 12 8 7 16 1 9 11 15 2 5 3 10 4
11 5 6 7 1 10 4 8 15 9 2 16 13 14 12 3
3 8 14 10 5 11 2 6 13 12 1 7 9 4 15 16
1 16 2 9 15 14 13 12 3 4 10 5 7 11 6 8
13 4 12 15 3 16 9 7 6 14 11 8 1 10 2 5
4 7 5 8 11 2 1 13 14 3 16 15 10 6 9 12
9 13 1 3 6 4 12 15 8 2 7 10 14 5 16 11
15 6 11 16 7 9 10 14 4 13 5 12 8 1 3 2
2 12 10 14 16 8 5 3 11 6 9 1 15 7 4 13