16 16
9 3 14 10 16 8 7 13 11 1 5 15 12 2 4 6
15 1 6 7 9 14 12 5 13 8 2 4 16 11 3 10
13 8 4 2 10 1 6 11 14 16 3 12 9 5 7 15
11 12 5 16 3 4 15 2 10 6 9 7 13 1 14 8
16 5 9 13 2 12 10 14 15 11 8 1 7 4 6 3
10 15 11 14 5 16 4 1 3 2 7 6 8 9 13 12
8 4 12 6 13 11 3 7 5 10 14 9 15 16 2 1
7 2 3 1 8 15 9 6 12 13 4 16 10 14 11 5
3 11 1 9 6 10 16 12 2 5 13 8 4 7 15 14
5 7 15 12 1 9 11 3 16 4 6 14 2 10 8 13
6 10 2 4 15 13 14 8 7 9 11 3 1 12 5 16
14 13 16 8 7 5 2 4 1 12 15 10 3 6 9 11
4 9 10 5 14 7 13 16 8 3 1 11 6 15 12 2
1 14 7 3 4 2 8 10 6 15 12 5 11 13 16 9
12 6 13 15 11 3 1 9 4 14 16 2 5 8 10 7
2 16 8 11 12 6 5 15 9 7 10 13 14 3 1 4