16 16
15 7 11 5 6 16 8 13 3 4 2 12 1 14 9 10
3 10 8 1 7 15 11 14 5 6 13 9 4 2 12 16
12 2 6 14 3 5 4 9 11 16 1 10 8 15 13 7
13 16 9 4 1 10 2 12 8 15 14 7 5 6 11 3
14 5 7 13 4 6 3 11 1 9 16 8 10 12 15 2
6 15 12 2 14 13 16 1 4 3 10 5 9 8 7 11
16 8 4 3 15 7 9 10 13 11 12 2 14 5 6 1
9 11 1 10 5 2 12 8 15 14 7 6 16 3 4 13
1 3 16 12 9 14 13 15 6 2 11 4 7 10 8 5
4 13 5 8 12 3 7 16 10 1 15 14 11 9 2 6
2 6 15 11 10 4 1 5 9 7 8 13 12 16 3 14
10 9 14 7 8 11 6 2 16 12 5 3 13 4 1 15
5 1 2 15 11 9 14 7 12 8 6 16 3 13 10 4
11 4 10 9 2 12 5 6 14 13 3 1 15 7 16 8
7 14 3 16 13 8 15 4 2 10 9 11 6 1 5 12
8 12 13 6 16 1 10 3 7 5 4 15 2 11 14 9