16 16
3 13 4 2 12 10 7 1 6 16 5 11 9 8 15 14
16 7 8 5 4 3 11 13 1 15 14 9 10 6 12 2
11 12 9 14 8 5 6 15 3 2 4 10 1 7 16 13
15 6 1 10 16 9 14 2 7 13 8 12 4 5 11 3
5 11 14 6 10 12 3 7 2 4 16 8 15 9 13 1
13 16 12 9 14 11 4 8 10 3 15 1 7 2 5 6
8 4 15 7 9 1 2 16 12 6 13 5 14 11 3 10
10 1 2 3 5 13 15 6 9 14 11 7 16 12 8 4
14 2 7 12 3 4 8 11 5 1 6 15 13 10 9 16
4 9 13 11 6 14 16 10 8 7 2 3 12 15 1 5
6 3 5 15 2 7 1 9 13 12 10 16 11 14 4 8
1 10 16 8 13 15 5 12 4 11 9 14 2 3 6 7
2 8 6 1 15 16 12 14 11 10 3 4 5 13 7 9
7 5 10 4 1 2 13 3 15 9 12 6 8 16 14 11
9 15 11 16 7 6 10 5 14 8 1 13 3 4 2 12
12 14 3 13 11 8 9 4 16 5 7 2 6 1 10 15