16 16
10 5 7 3 14 6 15 11 16 2 8 9 1 4 12 13
16 11 9 12 3 2 7 5 6 4 1 13 15 8 10 14
6 2 1 14 8 4 13 9 3 15 12 10 11 7 5 16
13 4 15 8 12 10 1 16 5 14 7 11 2 9 6 3
4 16 13 10 11 3 2 15 1 6 5 8 12 14 9 7
1 3 14 5 13 12 4 6 15 16 9 7 8 2 11 10
8 12 11 2 5 14 9 7 10 3 13 4 16 1 15 6
7 9 6 15 16 8 10 1 12 11 14 2 4 3 13 5
14 7 4 6 2 9 3 10 13 1 11 12 5 15 16 8
3 1 16 13 4 7 14 8 9 5 15 6 10 12 2 11
12 10 2 11 1 15 5 13 7 8 16 14 3 6 4 9
15 8 5 9 6 16 11 12 2 10 4 3 7 13 14 1
2 15 8 7 10 1 12 14 11 9 6 5 13 16 3 4
11 14 12 1 15 13 6 3 4 7 10 16 9 5 8 2
9 6 10 4 7 5 16 2 8 13 3 15 14 11 1 12
5 13 3 16 9 11 8 4 14 12 2 1 6 10 7 15