16 16
11 13 5 2 3 10 6 9 4 15 16 1 12 8 7 14
14 10 6 16 13 2 12 15 3 9 7 8 4 5 1 11
15 12 4 7 14 5 1 8 11 2 6 10 9 16 3 13
1 8 3 9 11 7 4 16 14 12 13 5 15 6 10 2
8 14 16 4 7 11 9 1 12 6 10 13 5 15 2 3
6 1 12 3 4 14 16 13 9 5 2 15 10 11 8 7
13 7 10 5 8 3 15 2 1 16 14 11 6 12 9 4
2 9 15 11 6 12 5 10 8 4 3 7 1 14 13 16
3 15 8 14 5 1 2 6 10 13 9 4 16 7 11 12
5 2 11 12 15 9 3 7 16 1 8 6 13 4 14 10
16 6 7 10 12 13 14 4 5 3 11 2 8 9 15 1
9 4 1 13 10 16 8 11 15 7 12 14 3 2 6 5
4 16 13 1 2 8 11 5 7 10 15 9 14 3 12 6
12 5 14 6 9 15 7 3 13 11 1 16 2 10 4 8
10 11 9 8 16 6 13 12 2 14 4 3 7 1 5 15
7 3 2 15 1 4 10 14 6 8 5 12 11 13 16 9