16 16
9 1 6 16 13 11 7 4 8 15 5 3 14 2 12 10
4 15 11 10 9 1 14 6 7 12 16 2 3 5 8 13
5 3 7 13 8 15 12 2 11 4 14 10 6 16 9 1
12 8 14 2 10 5 16 3 13 1 9 6 4 15 7 11
7 9 16 15 6 12 13 8 5 14 3 4 11 1 10 2
13 2 3 6 7 16 15 1 10 8 11 9 12 4 14 5
10 14 8 4 3 9 11 5 16 2 12 1 7 13 15 6
11 5 12 1 14 4 2 10 6 13 15 7 9 8 16 3
6 10 1 5 12 13 8 16 9 7 2 14 15 11 3 4
2 4 13 12 5 6 10 14 3 11 8 15 16 9 1 7
8 7 15 3 4 2 9 11 12 10 1 16 13 6 5 14
16 11 9 14 1 7 3 15 4 5 6 13 8 10 2 12
1 16 2 9 11 10 4 7 14 3 13 8 5 12 6 15
15 13 5 11 2 14 6 9 1 16 7 12 10 3 4 8
3 12 4 7 16 8 1 13 15 6 10 5 2 14 11 9
14 6 10 8 15 3 5 12 2 9 4 11 1 7 13 16