16 16
4 11 8 3 7 2 13 15 14 10 6 16 1 5 9 12
9 16 2 14 11 1 8 5 13 7 15 12 4 6 3 10
13 5 1 12 4 16 10 6 9 11 3 8 15 2 7 14
15 7 6 10 9 3 12 14 2 5 4 1 8 11 16 13
1 8 16 13 14 12 9 10 5 2 7 3 11 4 15 6
12 4 11 6 16 13 1 2 10 14 8 15 9 3 5 7
3 15 7 2 8 4 5 11 1 13 9 6 14 12 10 16
14 9 10 5 15 7 6 3 12 4 16 11 13 8 1 2
5 12 4 7 2 15 3 1 8 6 14 13 10 16 11 9
10 3 14 16 13 8 4 12 15 1 11 9 2 7 6 5
11 2 9 8 10 6 14 16 4 3 5 7 12 15 13 1
6 1 13 15 5 11 7 9 16 12 10 2 3 14 8 4
2 6 15 11 12 9 16 4 7 8 13 10 5 1 14 3
8 14 3 1 6 10 2 13 11 16 12 5 7 9 4 15
16 10 5 9 1 14 11 7 3 15 2 4 6 13 12 8
7 13 12 4 3 5 15 8 6 9 1 14 16 10 2 11