16 16
6 4 15 5 14 1 11 8 7 13 9 12 2 3 10 16
1 16 8 3 2 12 5 13 4 11 15 10 9 14 7 6
13 2 9 7 16 6 4 10 5 8 14 3 12 1 11 15
10 11 14 12 7 3 9 15 6 1 16 2 4 5 13 8
5 10 7 9 15 14 1 3 11 4 2 6 8 12 16 13
2 14 4 11 10 9 12 5 13 15 8 16 1 6 3 7
3 6 12 8 11 2 13 16 9 10 1 7 15 4 14 5
16 13 1 15 4 7 8 6 14 3 12 5 10 2 9 11
14 8 11 1 12 10 7 2 15 6 13 4 3 16 5 9
12 3 2 13 6 16 15 4 10 7 5 9 11 8 1 14
9 5 10 16 8 13 14 11 2 12 3 1 6 7 15 4
15 7 6 4 9 5 3 1 8 16 11 14 13 10 12 2
7 15 13 10 5 8 6 12 3 14 4 11 16 9 2 1
11 9 5 6 1 4 16 7 12 2 10 15 14 13 8 3
8 12 16 14 3 15 2 9 1 5 6 13 7 11 4 10
4 1 3 2 13 11 10 14 16 9 7 8 5 15 6 12