16 16
10 4 13 8 3 6 14 11 16 7 5 9 1 15 2 12
12 7 15 1 5 16 10 8 13 2 11 3 9 6 14 4
6 2 5 16 7 4 9 1 8 12 14 15 13 3 10 11
14 3 9 11 2 12 15 13 10 1 6 4 7 5 8 16
9 13 7 15 6 1 8 3 4 11 16 12 2 10 5 14
5 6 3 12 15 13 16 2 14 9 10 8 11 1 4 7
16 10 4 14 12 7 11 5 2 3 13 1 15 8 9 6
1 11 8 2 10 14 4 9 7 6 15 5 12 16 13 3
4 8 6 7 11 3 1 14 15 16 9 2 5 13 12 10
3 16 2 9 13 15 12 7 5 10 8 6 4 14 11 1
11 1 10 13 8 9 5 6 3 4 12 14 16 7 15 2
15 14 12 5 4 10 2 16 11 13 1 7 6 9 3 8
8 9 1 3 14 11 13 12 6 15 4 16 10 2 7 5
13 5 16 6 9 2 7 4 12 8 3 10 14 11 1 15
2 12 11 10 16 5 3 15 1 14 7 13 8 4 6 9
7 15 14 4 1 8 6 10 9 5 2 11 3 12 16 13