16 16
13 9 2 11 15 12 10 1 16 6 14 7 4 3 8 5
4 12 15 10 3 5 16 8 9 13 1 2 7 6 14 11
3 14 7 1 4 6 2 13 15 5 8 11 12 9 16 10
16 5 6 8 9 7 14 11 10 3 12 4 15 13 2 1
12 7 16 5 10 8 11 15 3 2 6 1 14 4 9 13
2 13 8 4 12 3 1 14 5 11 7 9 10 15 6 16
1 11 10 14 2 9 6 4 13 15 16 8 3 7 5 12
6 15 9 3 5 13 7 16 4 12 10 14 11 2 1 8
15 3 14 16 1 2 9 5 7 8 11 10 6 12 13 4
9 10 11 12 16 15 8 7 6 4 5 13 2 1 3 14
5 8 4 2 13 10 3 6 14 1 9 12 16 11 7 15
7 6 1 13 11 14 4 12 2 16 3 15 5 8 10 9
11 4 12 9 7 16 5 2 8 10 13 3 1 14 15 6
8 2 5 6 14 1 15 9 12 7 4 16 13 10 11 3
14 1 3 15 6 4 13 10 11 9 2 5 8 16 12 7
10 16 13 7 8 11 12 3 1 14 15 6 9 5 4 2