16 16
2 13 16 1 5 12 9 11 14 15 7 3 8 4 6 10
10 8 7 11 15 6 2 16 13 4 1 12 14 3 5 9
6 3 12 15 4 1 14 13 8 10 5 9 11 16 7 2
5 14 4 9 8 7 10 3 16 11 6 2 1 15 13 12
13 9 15 14 16 5 11 7 12 3 10 6 2 1 8 4
16 2 1 4 6 13 8 12 7 9 15 5 3 10 11 14
7 12 5 10 1 2 3 4 11 14 13 8 6 9 15 16
3 11 8 6 9 10 15 14 2 16 4 1 5 13 12 7
4 16 3 7 11 14 5 9 6 12 8 15 10 2 1 13
15 5 13 12 2 16 7 6 10 1 9 11 4 14 3 8
11 1 9 8 12 4 13 10 3 2 14 7 15 6 16 5
14 6 10 2 3 8 1 15 4 5 16 13 7 12 9 11
9 10 11 5 7 15 16 2 1 13 3 4 12 8 14 6
12 4 2 3 14 9 6 8 15 7 11 16 13 5 10 1
8 15 14 16 13 11 12 1 5 6 2 10 9 7 4 3
1 7 6 13 10 3 4 5 9 8 12 14 16 11 2 15