16 16
9 2 14 8 12 13 4 3 11 6 7 15 5 10 16 1
13 4 5 11 1 10 15 8 9 16 14 12 2 6 3 7
7 15 1 3 14 11 16 6 13 5 2 10 12 9 8 4
10 16 12 6 9 2 5 7 3 8 1 4 15 14 11 13
14 6 15 16 5 12 3 11 7 4 13 2 10 1 9 8
2 11 7 13 16 4 1 14 8 9 10 3 6 12 15 5
8 5 10 1 6 9 2 15 16 12 11 14 4 7 13 3
12 3 4 9 7 8 10 13 5 15 6 1 11 16 2 14
3 1 11 2 8 16 13 12 10 7 5 9 14 4 6 15
15 12 8 7 11 1 6 4 14 2 3 16 9 13 5 10
5 13 9 4 15 3 14 10 12 1 8 6 16 2 7 11
16 14 6 10 2 5 7 9 4 11 15 13 8 3 1 12
4 10 3 5 13 6 11 1 2 14 16 8 7 15 12 9
11 8 2 14 10 15 12 16 1 3 9 7 13 5 4 6
6 7 16 12 3 14 9 5 15 13 4 11 1 8 10 2
1 9 13 15 4 7 8 2 6 10 12 5 3 11 14 16