16 16
8 4 1 10 9 6 12 15 5 16 13 14 3 11 7 2
5 12 14 13 1 3 8 7 11 4 9 2 10 6 16 15
6 3 7 11 14 13 2 16 15 8 1 10 12 9 5 4
15 2 16 9 11 5 10 4 6 3 12 7 14 1 8 13
7 1 2 15 4 14 5 9 3 11 10 6 8 12 13 16
14 9 13 3 7 2 11 6 1 12 16 8 15 4 10 5
12 5 11 6 16 10 3 8 14 13 4 15 7 2 1 9
4 8 10 16 12 15 1 13 7 2 5 9 6 3 11 14
2 14 5 7 13 8 9 12 10 6 11 16 4 15 3 1
16 10 9 12 5 1 15 11 4 14 7 3 13 8 2 6
11 6 8 1 2 4 14 3 13 9 15 5 16 7 12 10
3 13 15 4 6 7 16 10 2 1 8 12 9 5 14 11
10 11 4 14 3 9 7 1 8 15 2 13 5 16 6 12
9 16 6 8 15 11 13 14 12 5 3 1 2 10 4 7
1 7 12 5 8 16 6 2 9 10 14 4 11 13 15 3
13 15 3 2 10 12 4 5 16 7 6 11 1 14 9 8