16 16
9 7 1 6 5 14 3 8 10 11 15 2 4 16 12 13
8 5 11 12 15 9 13 2 14 16 4 6 1 10 7 3
10 15 3 14 12 16 11 4 7 8 1 13 9 6 2 5
16 4 2 13 7 6 1 10 12 3 9 5 15 8 11 14
12 8 15 1 13 2 14 6 11 5 16 9 7 3 10 4
11 14 7 5 4 15 10 9 8 6 12 3 2 1 13 16
3 6 16 9 8 7 12 1 4 13 2 10 5 15 14 11
13 2 10 4 3 11 5 16 15 7 14 1 8 9 6 12
1 13 5 8 16 3 6 12 9 2 10 14 11 7 4 15
7 3 6 11 14 1 2 15 13 4 8 16 10 12 5 9
15 9 4 2 10 13 8 11 5 1 7 12 16 14 3 6
14 10 12 16 9 4 7 5 6 15 3 11 13 2 8 1
6 12 13 7 2 8 15 3 16 9 5 4 14 11 1 10
5 1 9 15 6 10 4 7 3 14 11 8 12 13 16 2
2 16 14 10 11 5 9 13 1 12 6 7 3 4 15 8
4 11 8 3 1 12 16 14 2 10 13 15 6 5 9 7