16 16
2 15 3 11 4 13 5 16 14 7 10 1 6 9 8 12
5 12 4 1 15 2 11 14 8 6 16 9 7 10 3 13
8 13 10 6 3 9 1 7 5 2 4 12 11 16 15 14
16 7 9 14 10 12 8 6 13 11 3 15 2 1 5 4
12 2 13 4 16 1 10 5 3 14 8 7 15 6 11 9
15 16 11 10 13 4 2 3 1 5 9 6 14 7 12 8
14 8 5 3 6 15 7 9 4 16 12 11 1 13 10 2
6 9 1 7 12 11 14 8 2 15 13 10 5 4 16 3
7 6 8 13 2 3 15 4 16 12 5 14 10 11 9 1
4 14 12 5 7 10 9 11 6 3 1 2 8 15 13 16
3 11 15 2 14 8 16 1 10 9 7 13 12 5 4 6
1 10 16 9 5 6 12 13 11 4 15 8 3 14 2 7
10 3 7 12 9 16 4 2 15 1 14 5 13 8 6 11
11 4 6 8 1 7 13 15 12 10 2 16 9 3 14 5
9 5 2 16 8 14 6 10 7 13 11 3 4 12 1 15
13 1 14 15 11 5 3 12 9 8 6 4 16 2 7 10