16 16
5 11 12 6 8 3 2 16 1 14 9 4 10 13 15 7
13 3 8 16 12 11 6 7 15 5 2 10 1 9 14 4
7 14 1 10 15 4 9 13 8 3 6 11 2 16 12 5
2 4 9 15 14 5 10 1 13 12 7 16 11 6 8 3
15 1 5 7 16 2 11 14 10 6 3 12 9 8 4 13
4 16 13 8 1 10 3 12 9 11 5 7 14 2 6 15
10 12 11 9 13 7 15 6 14 8 4 2 16 5 3 1
6 2 14 3 4 8 5 9 16 1 15 13 12 11 7 10
16 7 10 5 2 14 1 15 12 9 11 3 8 4 13 6
11 13 3 14 5 9 7 4 2 16 8 6 15 1 10 12
1 6 4 2 10 16 12 8 5 7 13 15 3 14 9 11
8 9 15 12 3 6 13 11 4 10 14 1 5 7 16 2
3 15 6 4 7 12 8 5 11 2 16 9 13 10 1 14
14 10 7 13 11 1 16 2 3 4 12 8 6 15 5 9
12 5 16 11 9 13 4 10 6 15 1 14 7 3 2 8
9 8 2 1 6 15 14 3 7 13 10 5 4 12 11 16