16 16
16 15 14 3 7 10 9 1 11 2 4 13 5 6 8 12
9 6 2 4 14 11 8 3 7 12 16 5 13 1 15 10
11 7 13 8 6 4 5 12 15 3 1 10 16 2 9 14
10 1 5 12 15 13 16 2 8 6 9 14 4 3 7 11
6 10 15 14 9 8 13 16 3 7 2 1 12 5 11 4
12 2 1 16 10 14 11 5 6 8 15 4 7 9 13 3
5 8 3 11 2 12 4 7 10 16 13 9 14 15 6 1
4 13 7 9 3 6 1 15 5 14 12 11 2 8 10 16
14 9 12 1 5 2 10 4 13 11 8 6 15 16 3 7
2 5 6 15 1 9 12 14 16 10 3 7 8 11 4 13
7 16 11 10 13 3 15 8 2 4 5 12 9 14 1 6
8 3 4 13 16 7 6 11 9 1 14 15 10 12 5 2
3 4 10 2 11 5 14 13 12 9 6 8 1 7 16 15
15 14 8 6 4 16 2 10 1 5 7 3 11 13 12 9
1 12 16 7 8 15 3 9 4 13 11 2 6 10 14 5
13 11 9 5 12 1 7 6 14 15 10 16 3 4 2 8