16 16
11 16 3 4 5 8 1 14 6 15 9 7 10 13 2 12
10 13 5 8 4 16 11 12 2 14 1 3 6 9 15 7
2 1 7 9 3 13 15 6 8 5 12 10 11 14 16 4
6 14 15 12 7 2 9 10 16 11 4 13 8 5 1 3
5 3 2 10 12 1 8 4 14 6 11 15 13 7 9 16
14 15 8 1 10 3 7 5 4 16 13 9 12 11 6 2
7 11 12 16 2 9 6 13 3 10 5 1 14 8 4 15
9 4 6 13 15 14 16 11 7 2 8 12 1 10 3 5
16 6 11 7 14 10 2 9 5 8 3 4 15 1 12 13
3 2 13 5 6 12 4 8 9 1 15 11 7 16 10 14
4 9 1 14 13 15 5 7 10 12 16 2 3 6 11 8
12 8 10 15 1 11 3 16 13 7 6 14 4 2 5 9
15 5 9 6 8 7 12 1 11 4 14 16 2 3 13 10
1 10 16 11 9 4 13 2 12 3 7 8 5 15 14 6
8 12 14 3 16 6 10 15 1 13 2 5 9 4 7 11
13 7 4 2 11 5 14 3 15 9 10 6 16 12 8 1