16 16
8 2 10 4 13 1 16 9 15 6 7 3 14 12 11 5
6 14 3 15 2 7 8 4 1 5 11 12 16 10 13 9
7 5 1 16 3 10 12 11 4 13 14 9 2 8 6 15
11 13 9 12 15 14 5 6 16 8 2 10 1 3 4 7
14 6 7 3 5 15 9 16 2 10 4 8 12 11 1 13
1 10 2 9 4 6 3 12 13 15 16 11 5 14 7 8
16 12 11 13 1 2 10 8 3 7 5 14 15 6 9 4
4 8 15 5 11 13 7 14 9 1 12 6 10 2 16 3
9 4 16 10 7 11 2 15 6 3 13 1 8 5 12 14
5 11 13 6 10 4 14 1 8 12 15 16 7 9 3 2
2 1 14 8 12 9 6 3 7 4 10 5 11 13 15 16
3 15 12 7 16 8 13 5 14 11 9 2 6 4 10 1
13 7 8 14 9 12 15 10 11 2 1 4 3 16 5 6
10 3 5 2 8 16 4 7 12 9 6 15 13 1 14 11
12 16 4 11 6 3 1 13 5 14 8 7 9 15 2 10
15 9 6 1 14 5 11 2 10 16 3 13 4 7 8 12