16 16
13 16 1 8 5 7 2 6 14 9 15 10 3 4 12 11
10 11 4 2 16 8 14 15 6 3 5 12 1 7 13 9
5 3 15 7 4 10 12 9 16 13 11 1 14 2 8 6
9 6 14 12 3 11 1 13 2 4 8 7 5 10 15 16
1 7 8 4 10 15 11 2 5 14 6 13 9 12 16 3
16 13 10 9 8 4 7 12 11 2 1 3 6 14 5 15
2 15 11 5 1 6 3 14 9 7 12 16 4 13 10 8
12 14 6 3 13 5 9 16 4 8 10 15 11 1 2 7
11 1 5 10 12 13 15 3 8 16 2 14 7 9 6 4
6 4 3 15 11 16 5 10 7 12 13 9 2 8 14 1
7 2 12 14 6 9 8 1 15 10 4 11 13 16 3 5
8 9 16 13 2 14 4 7 1 5 3 6 10 15 11 12
15 10 2 16 14 12 6 4 3 1 9 5 8 11 7 13
14 5 13 6 9 1 10 11 12 15 7 8 16 3 4 2
4 8 7 1 15 3 16 5 13 11 14 2 12 6 9 10
3 12 9 11 7 2 13 8 10 6 16 4 15 5 1 14