16 16
10 15 5 14 1 8 3 13 7 9 2 16 12 4 11 6
12 3 7 11 10 2 16 6 5 15 13 4 8 1 14 9
16 1 4 13 11 15 5 9 14 6 8 12 7 10 3 2
9 2 6 8 4 14 7 12 3 10 1 11 15 16 13 5
3 11 14 9 13 1 15 5 12 7 10 2 16 8 6 4
7 12 15 10 9 16 8 4 1 11 5 6 13 14 2 3
5 16 13 6 3 7 10 2 8 14 4 9 1 12 15 11
2 4 8 1 12 6 11 14 16 3 15 13 9 7 5 10
11 10 1 7 15 12 6 8 2 16 9 14 3 5 4 13
6 13 2 15 7 11 4 3 10 5 12 1 14 9 16 8
8 9 3 16 2 5 14 10 13 4 6 7 11 15 1 12
14 5 12 4 16 9 13 1 11 8 3 15 2 6 10 7
1 7 10 5 6 13 9 11 15 2 14 8 4 3 12 16
4 8 9 2 14 3 1 16 6 12 11 10 5 13 7 15
15 14 11 3 8 10 12 7 4 13 16 5 6 2 9 1
13 6 16 12 5 4 2 15 9 1 7 3 10 11 8 14