16 16
3 1 8 4 11 13 9 16 5 15 7 2 14 10 12 6
11 2 16 13 3 4 10 7 14 9 12 6 15 5 1 8
14 10 15 6 2 8 5 12 4 13 1 11 9 16 7 3
5 9 12 7 6 1 15 14 8 10 16 3 4 11 13 2
12 5 9 8 1 11 6 15 13 4 10 16 3 14 2 7
15 7 10 2 4 12 8 9 11 1 3 14 5 6 16 13
4 14 1 11 7 3 16 13 2 8 6 5 12 9 15 10
16 13 6 3 14 10 2 5 9 12 15 7 11 4 8 1
10 16 5 15 13 6 3 2 12 7 9 4 8 1 11 14
7 3 4 12 10 15 11 8 6 2 14 1 16 13 5 9
2 8 13 9 16 7 14 1 10 5 11 15 6 12 3 4
1 6 11 14 5 9 12 4 3 16 13 8 7 2 10 15
8 15 7 16 12 14 13 11 1 6 2 9 10 3 4 5
9 12 2 1 15 16 4 6 7 3 5 10 13 8 14 11
13 4 14 10 9 5 1 3 15 11 8 12 2 7 6 16
6 11 3 5 8 2 7 10 16 14 4 13 1 15 9 12