16 16
1 7 14 15 5 8 6 12 2 4 16 3 9 11 10 13
4 16 6 5 14 15 11 9 10 12 13 1 7 8 3 2
2 9 12 13 7 16 10 3 15 14 11 8 4 1 5 6
8 3 10 11 2 4 13 1 6 7 5 9 12 14 15 16
11 8 1 9 13 7 15 5 12 3 2 6 10 16 14 4
12 4 3 14 9 1 8 16 13 11 15 10 2 6 7 5
13 6 15 16 11 14 2 10 4 1 7 5 8 12 9 3
7 2 5 10 3 6 12 4 16 9 8 14 13 15 11 1
3 10 2 6 4 9 5 11 1 16 12 13 14 7 8 15
15 12 7 8 10 13 14 6 9 5 3 4 1 2 16 11
5 11 16 1 15 12 3 7 8 10 14 2 6 13 4 9
14 13 9 4 16 2 1 8 7 15 6 11 3 5 12 10
10 14 4 3 6 11 7 2 5 8 1 15 16 9 13 12
16 15 8 12 1 3 4 13 11 6 9 7 5 10 2 14
9 1 11 2 8 5 16 14 3 13 10 12 15 4 6 7
6 5 13 7 12 10 9 15 14 2 4 16 11 3 1 8