16 16
3 11 8 9 12 2 10 13 4 15 14 6 5 7 16 1
10 13 15 4 9 11 3 6 1 5 7 16 8 12 14 2
7 2 5 16 8 4 1 14 13 9 3 12 15 10 11 6
12 6 14 1 16 15 7 5 10 2 11 8 13 9 3 4
11 8 16 15 1 7 4 12 14 10 6 2 9 5 13 3
13 9 4 14 15 16 2 11 7 3 5 1 6 8 10 12
6 3 1 7 13 9 5 10 16 12 8 11 14 4 2 15
2 10 12 5 14 8 6 3 9 13 4 15 1 16 7 11
4 1 11 8 3 10 13 7 6 16 2 5 12 15 9 14
5 12 3 2 11 6 8 4 15 7 9 14 10 13 1 16
16 7 10 6 2 14 15 9 12 1 13 4 11 3 5 8
15 14 9 13 5 12 16 1 11 8 10 3 4 2 6 7
1 16 7 10 6 5 14 2 8 4 15 9 3 11 12 13
9 15 6 11 7 3 12 8 5 14 16 13 2 1 4 10
8 5 2 12 4 13 11 16 3 6 1 10 7 14 15 9
14 4 13 3 10 1 9 15 2 11 12 7 16 6 8 5