16 16
11 16 1 8 9 2 15 14 7 4 5 13 12 3 6 10
4 2 15 5 16 1 6 3 9 11 12 10 13 14 7 8
14 9 10 7 4 5 12 13 2 6 3 8 15 1 11 16
6 13 12 3 10 7 11 8 1 15 14 16 9 4 5 2
13 6 8 2 14 4 1 11 3 10 16 5 7 9 15 12
7 3 4 14 6 8 10 5 13 12 9 15 2 11 16 1
10 11 16 1 7 15 9 12 14 2 6 4 5 13 8 3
5 12 9 15 2 13 3 16 11 7 8 1 10 6 14 4
12 5 7 4 15 10 2 9 6 14 13 3 8 16 1 11
2 10 13 6 5 3 7 1 8 16 11 12 4 15 9 14
1 15 11 9 8 16 14 6 4 5 2 7 3 10 12 13
8 14 3 16 11 12 13 4 15 1 10 9 6 7 2 5
3 7 5 11 13 14 16 10 12 8 15 6 1 2 4 9
9 1 6 10 12 11 5 15 16 3 4 2 14 8 13 7
16 4 2 13 3 6 8 7 5 9 1 14 11 12 10 15
15 8 14 12 1 9 4 2 10 13 7 11 16 5 3 6