16 16
12 9 3 11 6 1 7 2 16 4 8 13 15 5 10 14
4 14 8 15 9 12 5 10 2 6 3 7 11 13 16 1
7 13 16 2 15 3 8 14 1 11 5 10 9 12 6 4
5 10 6 1 4 13 16 11 14 9 15 12 3 7 8 2
2 7 5 14 11 9 13 8 12 3 10 1 16 15 4 6
9 15 10 13 5 7 2 12 4 14 6 16 1 3 11 8
16 12 1 3 10 4 14 6 9 15 11 8 5 2 7 13
6 8 11 4 16 15 1 3 5 13 7 2 12 10 14 9
11 3 14 9 12 8 15 5 10 16 4 6 13 1 2 7
8 2 4 12 14 16 3 13 15 7 1 5 10 6 9 11
10 1 15 6 2 11 4 7 8 12 13 9 14 16 3 5
13 5 7 16 1 10 6 9 11 2 14 3 4 8 15 12
15 16 12 5 8 14 11 1 7 10 2 4 6 9 13 3
1 4 9 7 13 6 10 16 3 8 12 14 2 11 5 15
14 6 2 8 3 5 9 15 13 1 16 11 7 4 12 10
3 11 13 10 7 2 12 4 6 5 9 15 8 14 1 16