16 16
16 5 7 14 9 6 13 11 10 12 1 2 4 8 3 15
10 4 2 11 5 16 7 3 13 9 15 8 12 1 14 6
9 8 1 6 2 10 12 15 16 14 4 3 5 7 11 13
12 3 13 15 8 4 1 14 11 6 5 7 2 10 16 9
3 16 12 1 6 14 4 10 5 13 2 9 7 11 15 8
14 10 5 13 1 3 9 2 15 8 7 11 16 12 6 4
6 2 8 4 12 11 15 7 1 10 14 16 13 5 9 3
11 7 15 9 13 8 5 16 3 4 6 12 10 2 1 14
1 15 9 16 11 2 10 6 12 5 3 14 8 13 4 7
4 12 6 8 14 5 3 9 7 11 10 13 15 16 2 1
5 14 10 2 4 7 16 13 9 15 8 1 3 6 12 11
7 13 11 3 15 12 8 1 4 2 16 6 14 9 5 10
2 9 14 5 7 13 6 4 8 16 11 15 1 3 10 12
15 1 4 7 10 9 2 8 6 3 12 5 11 14 13 16
8 6 3 12 16 15 11 5 14 1 13 10 9 4 7 2
13 11 16 10 3 1 14 12 2 7 9 4 6 15 8 5