16 16
3 6 13 9 12 1 16 8 14 5 15 7 11 10 4 2
15 14 7 12 13 3 10 9 11 2 6 4 5 1 8 16
11 8 4 1 7 15 2 5 13 9 16 10 12 14 6 3
5 16 2 10 6 4 14 11 12 3 8 1 15 13 7 9
14 11 1 5 16 6 9 4 3 8 10 2 7 12 15 13
6 9 8 7 14 10 5 12 1 16 13 15 2 11 3 4
4 3 16 13 8 7 15 2 5 14 12 11 9 6 1 10
2 10 12 15 3 11 1 13 9 7 4 6 14 5 16 8
9 15 3 8 5 2 12 1 6 10 14 16 4 7 13 11
12 5 11 14 9 8 13 10 15 4 7 3 1 16 2 6
1 7 10 4 15 16 6 3 2 13 11 12 8 9 14 5
13 2 6 16 4 14 11 7 8 1 5 9 10 3 12 15
16 13 5 3 1 12 8 15 10 11 2 14 6 4 9 7
10 1 9 2 11 13 4 6 7 12 3 8 16 15 5 14
8 12 14 6 10 5 7 16 4 15 9 13 3 2 11 1
7 4 15 11 2 9 3 14 16 6 1 5 13 8 10 12