16 16
8 9 14 3 2 7 12 1 4 5 13 6 15 11 16 10
6 7 10 13 16 8 5 11 9 2 12 15 14 3 4 1
12 16 15 1 4 13 3 6 10 14 11 7 5 9 8 2
5 4 2 11 10 15 14 9 1 3 8 16 7 6 13 12
4 8 7 2 14 3 1 12 5 16 6 9 10 13 11 15
1 3 6 15 5 11 10 8 2 12 4 13 16 7 9 14
9 10 11 16 15 4 2 13 14 1 7 3 6 5 12 8
13 5 12 14 7 6 9 16 8 11 15 10 2 4 1 3
11 14 8 7 13 1 15 2 6 10 5 12 4 16 3 9
2 15 13 4 11 10 7 14 16 9 3 1 8 12 5 6
10 12 5 9 3 16 6 4 13 7 2 8 1 14 15 11
16 1 3 6 9 12 8 5 15 4 14 11 13 2 10 7
14 13 1 10 6 2 4 3 11 8 9 5 12 15 7 16
3 6 4 12 8 9 13 10 7 15 16 14 11 1 2 5
15 11 9 5 1 14 16 7 12 13 10 2 3 8 6 4
7 2 16 8 12 5 11 15 3 6 1 4 9 10 14 13