16 16
16 10 14 11 9 6 1 2 8 5 13 15 7 3 4 12
15 2 8 13 11 4 7 12 16 9 10 3 6 1 14 5
6 9 3 1 15 10 13 5 12 7 4 14 2 8 11 16
4 12 7 5 3 8 16 14 2 1 6 11 9 15 10 13
8 5 15 4 12 11 3 16 1 10 7 2 14 13 6 9
1 14 6 9 8 7 5 13 15 16 3 4 11 2 12 10
13 7 2 16 10 15 9 1 6 14 11 12 4 5 8 3
10 11 12 3 4 14 2 6 5 8 9 13 16 7 15 1
7 4 13 12 16 3 14 10 9 6 2 8 5 11 1 15
9 8 5 2 1 12 11 7 13 15 14 10 3 4 16 6
14 16 11 10 13 5 6 15 4 3 1 7 8 12 9 2
3 15 1 6 2 9 4 8 11 12 16 5 10 14 13 7
12 1 9 8 7 2 15 4 10 11 5 16 13 6 3 14
5 13 4 15 14 16 10 11 3 2 12 6 1 9 7 8
2 3 16 14 6 13 8 9 7 4 15 1 12 10 5 11
11 6 10 7 5 1 12 3 14 13 8 9 15 16 2 4