16 16
7 11 5 15 9 12 4 3 13 1 6 16 10 8 2 14
4 14 2 12 15 16 6 7 10 8 9 5 3 11 1 13
16 6 1 9 8 10 13 14 2 12 11 3 4 7 5 15
10 13 8 3 1 2 5 11 7 14 15 4 12 16 6 9
3 12 7 5 13 1 16 10 6 9 2 11 14 4 15 8
15 16 14 8 7 3 11 12 1 4 10 13 5 6 9 2
6 4 13 11 5 9 2 15 14 3 8 12 7 1 10 16
9 1 10 2 4 8 14 6 16 5 7 15 11 13 12 3
11 15 6 14 12 4 3 5 8 16 13 9 2 10 7 1
8 5 3 1 6 7 15 9 4 10 12 2 13 14 16 11
13 9 16 7 2 11 10 8 5 6 14 1 15 3 4 12
2 10 12 4 14 13 1 16 11 15 3 7 9 5 8 6
5 2 9 6 10 15 8 4 3 11 16 14 1 12 13 7
1 8 15 16 11 14 7 13 12 2 5 10 6 9 3 4
12 3 11 13 16 5 9 1 15 7 4 6 8 2 14 10
14 7 4 10 3 6 12 2 9 13 1 8 16 15 11 5