16 16
7 2 1 10 4 11 13 8 9 3 14 15 6 16 5 12
9 3 6 11 5 1 15 2 16 4 12 13 10 8 7 14
16 4 8 5 6 12 9 14 11 2 7 10 1 15 13 3
12 14 13 15 10 3 7 16 8 5 6 1 11 9 4 2
10 11 12 13 8 7 4 9 5 1 3 14 16 2 15 6
6 9 15 4 3 14 16 12 7 13 10 2 8 5 1 11
2 5 14 16 11 13 10 1 15 6 8 4 7 3 12 9
1 8 3 7 2 5 6 15 12 16 9 11 14 13 10 4
15 13 11 9 1 16 12 5 6 14 2 8 4 10 3 7
4 7 5 2 15 6 11 10 3 9 1 16 12 14 8 13
8 12 10 3 9 2 14 13 4 11 5 7 15 1 6 16
14 1 16 6 7 8 3 4 13 10 15 12 9 11 2 5
3 6 9 12 16 15 1 7 2 8 11 5 13 4 14 10
5 10 7 8 14 4 2 11 1 12 13 9 3 6 16 15
13 16 2 14 12 9 8 3 10 15 4 6 5 7 11 1
11 15 4 1 13 10 5 6 14 7 16 3 2 12 9 8