16 16
5 11 9 12 2 7 15 8 4 13 6 10 14 1 3 16
13 4 1 10 3 12 11 6 16 2 14 7 9 5 8 15
8 16 6 15 5 10 14 4 11 9 1 3 13 7 2 12
7 2 14 3 9 1 13 16 5 15 8 12 4 11 6 10
11 15 12 16 8 9 1 13 3 14 4 2 7 6 10 5
14 1 10 6 16 4 3 2 9 5 7 8 15 12 11 13
3 9 2 7 6 15 5 10 12 16 11 13 8 14 1 4
4 8 13 5 12 14 7 11 1 6 10 15 2 16 9 3
15 3 7 2 13 16 10 1 6 8 12 4 5 9 14 11
6 5 11 1 4 8 12 14 13 3 9 16 10 15 7 2
9 13 8 4 11 6 2 7 15 10 5 14 12 3 16 1
12 10 16 14 15 3 9 5 7 1 2 11 6 4 13 8
1 14 5 13 10 11 16 12 8 7 15 9 3 2 4 6
2 12 3 9 7 13 4 15 10 11 16 6 1 8 5 14
16 7 4 8 14 5 6 3 2 12 13 1 11 10 15 9
10 6 15 11 1 2 8 9 14 4 3 5 16 13 12 7