16 16
5 2 9 15 13 10 14 12 8 6 7 1 4 3 11 16
1 14 11 12 7 8 16 9 5 13 3 4 15 6 10 2
8 10 3 6 4 5 11 1 15 16 2 14 7 12 9 13
4 7 13 16 2 3 6 15 10 9 11 12 8 1 5 14
3 15 2 4 12 7 10 16 6 14 8 11 13 5 1 9
16 13 14 1 8 6 5 11 2 12 9 3 10 7 15 4
12 8 7 5 14 1 9 4 13 10 15 16 3 11 2 6
11 9 6 10 15 13 2 3 1 4 5 7 12 16 14 8
6 16 1 7 5 14 3 8 4 11 13 15 2 9 12 10
10 11 15 9 16 2 12 13 7 5 1 6 14 8 4 3
13 4 8 14 11 9 1 7 12 3 10 2 6 15 16 5
2 12 5 3 10 15 4 6 16 8 14 9 1 13 7 11
7 3 16 2 9 12 8 10 14 1 6 5 11 4 13 15
14 5 4 8 3 11 7 2 9 15 12 13 16 10 6 1
9 6 10 13 1 4 15 14 11 7 16 8 5 2 3 12
15 1 12 11 6 16 13 5 3 2 4 10 9 14 8 7