16 16
4 7 8 12 11 9 16 6 14 3 13 1 5 15 10 2
16 11 2 1 8 15 4 10 9 6 5 7 3 14 12 13
15 9 3 5 1 2 14 13 16 10 8 12 7 4 6 11
10 6 14 13 7 3 12 5 4 2 15 11 16 9 8 1
5 8 6 14 10 7 3 2 11 1 4 13 12 16 15 9
3 16 13 7 12 14 6 8 5 15 9 2 4 1 11 10
11 12 1 4 15 5 13 9 8 16 10 6 2 3 14 7
9 2 10 15 4 1 11 16 12 7 14 3 13 6 5 8
1 3 11 8 5 6 2 15 7 9 16 14 10 12 13 4
6 10 4 9 13 16 8 3 15 12 1 5 11 7 2 14
14 5 7 16 9 11 10 12 6 13 2 4 1 8 3 15
12 13 15 2 14 4 7 1 3 8 11 10 6 5 9 16
13 1 16 11 3 8 15 4 10 5 12 9 14 2 7 6
2 4 12 3 6 13 9 14 1 11 7 15 8 10 16 5
8 15 5 6 2 10 1 7 13 14 3 16 9 11 4 12
7 14 9 10 16 12 5 11 2 4 6 8 15 13 1 3