16 16
13 10 11 15 8 1 4 12 7 5 16 3 14 2 6 9
2 12 9 8 6 15 3 10 14 4 13 1 5 7 11 16
16 14 4 3 11 7 9 5 2 10 8 6 15 13 1 12
6 1 7 5 2 16 13 14 12 15 9 11 3 10 8 4
8 2 1 12 4 5 6 7 10 3 11 13 9 16 14 15
4 3 15 7 9 14 10 11 16 8 6 2 1 5 12 13
5 6 10 11 16 13 2 15 9 14 1 12 8 4 3 7
9 16 14 13 1 12 8 3 15 7 4 5 6 11 10 2
7 9 2 14 15 10 16 1 11 12 5 8 13 3 4 6
12 5 6 10 3 11 14 4 13 16 15 9 7 1 2 8
11 15 13 1 7 6 5 8 3 2 10 4 12 9 16 14
3 4 8 16 13 2 12 9 1 6 14 7 11 15 5 10
14 13 3 4 12 9 1 16 8 11 2 15 10 6 7 5
1 7 16 2 10 3 15 6 5 13 12 14 4 8 9 11
10 8 12 9 5 4 11 13 6 1 7 16 2 14 15 3
15 11 5 6 14 8 7 2 4 9 3 10 16 12 13 1