16 16
7 10 14 15 9 6 3 1 4 8 2 5 11 16 12 13
13 5 4 11 15 14 12 8 3 16 1 7 2 10 9 6
3 8 6 9 10 2 4 16 12 15 11 13 5 7 14 1
12 2 1 16 5 7 11 13 9 10 6 14 15 4 8 3
5 7 3 1 4 12 14 9 16 6 15 11 8 2 13 10
2 16 15 4 3 8 6 7 13 14 10 1 9 5 11 12
11 6 10 14 13 1 15 5 8 9 12 2 7 3 16 4
8 12 9 13 16 11 10 2 7 5 3 4 14 6 1 15
16 4 12 3 1 10 8 14 5 11 13 9 6 15 2 7
9 14 7 5 6 16 13 12 15 2 8 3 10 1 4 11
15 13 11 10 2 3 9 4 6 1 7 16 12 8 5 14
6 1 8 2 7 15 5 11 10 4 14 12 16 13 3 9
4 15 13 12 8 5 16 3 11 7 9 6 1 14 10 2
14 3 2 6 11 9 7 10 1 13 16 8 4 12 15 5
10 9 5 8 14 13 1 6 2 12 4 15 3 11 7 16
1 11 16 7 12 4 2 15 14 3 5 10 13 9 6 8