16 16
12 14 2 16 5 13 10 6 7 3 8 11 1 4 15 9
4 3 7 5 8 15 11 9 2 1 13 10 12 14 16 6
6 13 8 1 2 3 16 12 4 9 15 14 7 10 5 11
10 9 15 11 7 4 1 14 6 5 12 16 3 8 13 2
16 15 9 6 4 8 14 3 5 2 7 1 13 11 10 12
7 4 1 13 10 2 12 15 11 16 3 9 5 6 8 14
8 10 5 3 6 7 9 11 13 4 14 12 15 1 2 16
2 11 12 14 16 5 13 1 8 15 10 6 4 3 9 7
1 6 11 2 14 10 4 8 12 7 5 15 16 9 3 13
14 8 10 12 1 9 3 7 16 13 4 2 11 15 6 5
9 7 13 15 12 16 6 5 1 10 11 3 8 2 14 4
5 16 3 4 15 11 2 13 9 14 6 8 10 12 7 1
3 12 16 9 11 14 7 4 15 8 2 13 6 5 1 10
11 2 6 8 3 1 5 16 10 12 9 7 14 13 4 15
13 5 14 7 9 6 15 10 3 11 1 4 2 16 12 8
15 1 4 10 13 12 8 2 14 6 16 5 9 7 11 3