16 16
10 1 3 9 5 14 11 7 16 6 12 4 8 2 15 13
16 4 13 2 9 12 6 15 11 14 7 8 10 5 1 3
5 11 14 12 2 1 13 8 3 15 10 9 16 4 7 6
15 6 8 7 10 4 3 16 5 2 13 1 14 11 9 12
1 3 2 8 13 10 9 6 7 5 15 12 4 14 11 16
11 14 16 15 8 7 12 2 9 10 4 13 3 6 5 1
4 10 7 6 3 15 16 5 8 11 1 14 2 12 13 9
9 12 5 13 4 11 1 14 6 3 16 2 15 10 8 7
12 7 1 11 16 6 15 13 10 9 14 3 5 8 4 2
13 5 15 4 11 9 8 12 1 16 2 6 7 3 10 14
14 16 9 3 1 2 7 10 15 4 8 5 12 13 6 11
2 8 6 10 14 3 5 4 13 12 11 7 1 9 16 15
6 13 12 1 15 16 2 11 14 8 5 10 9 7 3 4
8 15 11 14 12 13 10 3 4 7 9 16 6 1 2 5
7 2 10 16 6 5 4 9 12 1 3 11 13 15 14 8
3 9 4 5 7 8 14 1 2 13 6 15 11 16 12 10