16 16
15 8 4 14 16 5 13 6 12 1 9 10 3 11 2 7
6 10 5 9 14 15 11 12 3 16 2 7 13 8 4 1
13 1 3 12 9 10 7 2 14 4 8 11 5 16 15 6
16 7 2 11 4 8 3 1 5 15 6 13 12 9 10 14
5 13 16 7 11 9 14 3 8 6 10 15 4 12 1 2
9 2 1 10 5 16 15 13 7 11 4 12 8 14 6 3
14 6 15 8 10 1 12 4 2 5 16 3 7 13 11 9
11 3 12 4 7 2 6 8 9 13 1 14 15 5 16 10
1 5 11 15 2 7 10 14 13 3 12 6 16 4 9 8
12 9 13 6 1 4 16 15 11 7 14 8 2 10 3 5
8 4 14 2 13 3 5 9 1 10 15 16 6 7 12 11
7 16 10 3 6 12 8 11 4 2 5 9 1 15 14 13
3 15 6 13 8 14 1 5 16 9 11 4 10 2 7 12
10 14 9 5 12 6 2 16 15 8 7 1 11 3 13 4
2 12 7 16 3 11 4 10 6 14 13 5 9 1 8 15
4 11 8 1 15 13 9 7 10 12 3 2 14 6 5 16