16 16
4 10 15 11 5 6 2 14 3 1 16 7 8 9 13 12
8 13 2 7 10 15 3 1 4 14 12 9 5 6 11 16
3 16 6 9 4 11 13 12 8 10 2 5 1 14 7 15
5 1 14 12 16 8 7 9 13 11 6 15 3 10 4 2
11 5 9 1 3 7 12 2 14 15 13 16 10 8 6 4
13 4 3 14 6 5 9 11 12 2 10 8 7 16 15 1
12 8 16 10 1 4 14 15 9 5 7 6 13 11 2 3
6 2 7 15 13 16 8 10 1 3 11 4 9 5 12 14
2 6 8 3 15 1 4 7 10 12 14 11 16 13 5 9
14 9 10 13 8 3 6 16 5 7 15 2 12 4 1 11
1 7 5 16 2 12 11 13 6 4 9 3 14 15 10 8
15 12 11 4 14 9 10 5 16 13 8 1 2 7 3 6
10 3 12 5 11 2 16 8 15 9 4 13 6 1 14 7
7 15 4 8 12 10 5 6 2 16 1 14 11 3 9 13
9 14 1 6 7 13 15 3 11 8 5 12 4 2 16 10
16 11 13 2 9 14 1 4 7 6 3 10 15 12 8 5