16 16
10 9 5 6 15 11 16 12 1 13 2 7 4 8 3 14
16 3 8 7 10 1 9 13 15 12 4 14 11 5 2 6
4 12 15 2 5 6 3 14 9 16 8 11 1 13 7 10
1 11 13 14 7 2 8 4 6 10 3 5 9 12 15 16
8 14 2 10 12 16 6 9 3 15 7 13 5 11 4 1
11 16 7 4 8 15 2 3 5 6 12 1 13 14 10 9
6 1 9 15 11 13 7 5 10 2 14 4 16 3 12 8
3 5 12 13 1 14 4 10 11 8 16 9 15 7 6 2
12 8 3 5 4 9 14 11 7 1 6 2 10 16 13 15
2 6 11 16 3 10 12 7 13 9 5 15 14 1 8 4
14 13 4 1 16 5 15 6 12 3 10 8 2 9 11 7
7 15 10 9 2 8 13 1 4 14 11 16 3 6 5 12
5 7 16 3 14 4 10 15 8 11 9 6 12 2 1 13
9 2 1 11 6 12 5 8 14 4 13 10 7 15 16 3
13 4 6 12 9 7 1 16 2 5 15 3 8 10 14 11
15 10 14 8 13 3 11 2 16 7 1 12 6 4 9 5