16 16
11 2 12 14 9 10 5 4 8 6 1 16 3 13 7 15
5 6 8 4 2 3 13 16 10 12 15 7 14 1 9 11
1 3 7 10 8 14 11 15 4 9 13 5 12 6 16 2
9 13 16 15 1 12 7 6 11 3 2 14 10 5 4 8
8 14 11 5 12 4 15 7 13 16 9 6 2 3 1 10
15 4 13 7 14 5 6 2 12 10 3 1 16 8 11 9
10 16 9 3 13 8 1 11 5 15 14 2 4 12 6 7
12 1 2 6 3 9 16 10 7 4 8 11 13 14 15 5
13 15 14 12 10 11 3 5 2 1 4 9 6 7 8 16
6 8 3 1 15 13 9 14 16 5 7 10 11 2 12 4
2 5 10 11 7 16 4 8 6 14 12 13 9 15 3 1
16 7 4 9 6 2 12 1 15 8 11 3 5 10 13 14
7 10 1 16 4 6 2 12 3 11 5 15 8 9 14 13
3 12 15 13 5 7 8 9 14 2 16 4 1 11 10 6
14 11 5 8 16 1 10 13 9 7 6 12 15 4 2 3
4 9 6 2 11 15 14 3 1 13 10 8 7 16 5 12