16 16
2 15 14 6 3 10 16 8 4 13 12 5 9 7 1 11
1 4 5 13 12 7 11 14 10 3 15 9 2 16 6 8
7 10 11 12 1 4 6 9 14 16 8 2 3 13 5 15
9 3 16 8 5 15 13 2 7 11 1 6 14 12 10 4
3 13 4 5 8 2 10 16 12 7 14 1 11 6 15 9
14 8 12 7 11 3 5 1 15 9 6 10 13 2 4 16
6 2 1 15 4 13 9 7 16 8 3 11 10 5 14 12
11 16 10 9 15 12 14 6 13 2 5 4 8 3 7 1
15 9 6 11 10 14 4 5 3 12 16 7 1 8 2 13
16 14 8 3 2 1 12 13 5 6 11 15 7 4 9 10
10 1 7 2 6 11 8 3 9 4 13 14 16 15 12 5
12 5 13 4 9 16 7 15 2 1 10 8 6 14 11 3
13 12 15 16 7 6 2 11 1 5 9 3 4 10 8 14
4 11 9 14 13 8 3 10 6 15 2 12 5 1 16 7
8 7 2 10 16 5 1 12 11 14 4 13 15 9 3 6
5 6 3 1 14 9 15 4 8 10 7 16 12 11 13 2