16 16
16 3 10 8 4 6 9 14 12 5 11 13 2 1 15 7
14 6 15 12 3 8 10 1 4 16 2 7 13 5 11 9
2 13 9 4 5 11 16 7 8 1 15 14 12 3 10 6
11 1 5 7 12 15 13 2 6 3 10 9 8 14 4 16
13 10 6 11 14 4 5 8 3 15 16 1 9 2 7 12
8 2 7 3 13 16 11 12 9 6 4 10 1 15 5 14
12 4 1 14 10 3 15 9 2 8 7 5 6 16 13 11
9 15 16 5 1 2 7 6 13 12 14 11 3 4 8 10
10 11 3 6 15 5 14 13 16 2 12 8 4 7 9 1
15 7 14 13 11 10 12 4 5 9 1 6 16 8 2 3
1 8 2 16 7 9 6 3 10 11 13 4 15 12 14 5
4 5 12 9 8 1 2 16 7 14 3 15 10 11 6 13
3 16 4 10 6 12 8 5 14 7 9 2 11 13 1 15
7 14 8 15 16 13 4 11 1 10 6 3 5 9 12 2
5 12 11 2 9 7 1 10 15 13 8 16 14 6 3 4
6 9 13 1 2 14 3 15 11 4 5 12 7 10 16 8