16 16
12 13 5 14 9 1 8 10 7 4 16 2 3 6 11 15
9 6 2 4 15 3 16 12 1 14 13 11 8 5 10 7
8 16 3 11 14 6 2 7 12 10 15 5 1 4 9 13
7 10 1 15 13 5 4 11 3 9 6 8 12 2 16 14
6 15 11 9 3 14 13 4 2 12 7 16 5 1 8 10
4 14 10 8 5 15 6 2 13 11 1 9 7 12 3 16
13 12 7 1 8 11 9 16 15 5 3 10 2 14 4 6
5 2 16 3 12 10 7 1 8 6 14 4 15 11 13 9
15 8 14 2 10 12 5 3 4 16 11 13 9 7 6 1
3 7 13 6 16 8 14 9 5 15 12 1 4 10 2 11
16 1 12 10 6 4 11 13 9 7 2 3 14 15 5 8
11 9 4 5 2 7 1 15 6 8 10 14 13 16 12 3
10 5 15 16 1 2 3 14 11 13 9 12 6 8 7 4
14 11 6 7 4 9 12 8 10 3 5 15 16 13 1 2
2 4 9 13 7 16 10 5 14 1 8 6 11 3 15 12
1 3 8 12 11 13 15 6 16 2 4 7 10 9 14 5