16 16
13 9 16 6 10 15 1 11 2 12 3 7 4 5 14 8
7 15 1 10 13 3 8 6 11 14 5 4 12 9 16 2
3 8 12 2 9 5 14 4 6 10 13 16 11 15 1 7
4 11 5 14 16 2 7 12 8 15 9 1 6 10 3 13
16 2 10 8 7 6 3 15 4 1 14 12 5 13 9 11
6 4 15 7 8 16 10 13 9 2 11 5 1 14 12 3
14 13 3 5 12 1 11 9 7 6 10 15 16 8 2 4
11 12 9 1 4 14 2 5 13 8 16 3 10 6 7 15
2 7 14 12 1 11 13 10 5 3 8 6 15 16 4 9
15 16 6 3 2 12 9 7 1 13 4 14 8 11 5 10
10 5 4 9 14 8 6 3 16 7 15 11 2 1 13 12
8 1 13 11 15 4 5 16 12 9 2 10 3 7 6 14
5 10 8 4 6 7 15 2 14 16 12 13 9 3 11 1
1 14 2 13 5 10 4 8 3 11 6 9 7 12 15 16
12 3 7 15 11 9 16 14 10 5 1 2 13 4 8 6
9 6 11 16 3 13 12 1 15 4 7 8 14 2 10 5