16 16
11 9 10 2 6 7 14 16 4 1 8 12 3 15 13 5
3 7 8 4 2 9 15 13 11 10 6 5 1 16 14 12
14 13 12 5 10 8 1 3 2 7 16 15 4 9 6 11
1 15 6 16 4 12 11 5 14 3 9 13 8 7 2 10
2 6 5 9 16 1 10 11 15 8 7 4 13 12 3 14
4 14 1 15 9 6 2 8 5 13 12 3 16 11 10 7
10 12 11 7 5 3 13 14 1 16 2 6 15 8 9 4
8 16 13 3 12 15 7 4 10 9 11 14 6 1 5 2
6 4 16 14 15 13 3 7 8 11 5 2 12 10 1 9
5 3 2 11 1 4 6 12 7 15 10 9 14 13 16 8
9 8 15 13 11 5 16 10 12 4 14 1 2 6 7 3
12 1 7 10 8 14 9 2 3 6 13 16 11 5 4 15
15 10 14 6 7 16 4 9 13 12 3 11 5 2 8 1
13 2 3 1 14 11 8 6 9 5 15 7 10 4 12 16
16 11 9 12 3 10 5 1 6 2 4 8 7 14 15 13
7 5 4 8 13 2 12 15 16 14 1 10 9 3 11 6