16 16
7 3 11 12 9 4 8 13 15 14 10 6 2 1 5 16
15 1 6 2 3 11 5 7 4 8 13 16 14 10 12 9
16 10 13 5 2 6 12 14 9 11 1 3 15 8 7 4
4 9 14 8 10 1 15 16 7 2 5 12 3 13 11 6
6 13 10 4 15 5 14 8 3 7 9 1 16 12 2 11
2 16 1 14 6 7 10 9 8 5 12 11 13 3 4 15
5 15 3 9 12 13 2 11 10 6 16 4 8 7 1 14
8 7 12 11 1 3 16 4 13 15 14 2 6 5 9 10
13 6 8 1 16 12 11 5 2 9 15 7 4 14 10 3
10 2 4 7 14 8 6 1 11 13 3 5 9 16 15 12
3 14 5 15 7 9 13 2 16 12 4 10 11 6 8 1
11 12 9 16 4 15 3 10 14 1 6 8 5 2 13 7
1 4 7 10 11 16 9 6 5 3 8 13 12 15 14 2
14 11 16 13 8 2 4 3 12 10 7 15 1 9 6 5
12 8 2 6 5 14 7 15 1 16 11 9 10 4 3 13
9 5 15 3 13 10 1 12 6 4 2 14 7 11 16 8