16 16
3 11 2 12 16 15 9 6 7 1 8 14 10 13 4 5
9 1 8 15 3 12 7 4 6 13 5 10 16 11 2 14
16 14 6 5 8 13 10 1 15 11 4 2 3 9 7 12
13 7 4 10 14 11 2 5 12 16 9 3 8 15 6 1
7 4 13 3 15 16 6 9 10 14 12 1 11 2 5 8
5 8 11 1 13 10 4 14 9 15 2 16 12 6 3 7
14 16 9 6 7 5 12 2 4 3 11 8 15 1 10 13
15 12 10 2 11 8 1 3 13 6 7 5 14 4 16 9
11 10 15 4 1 7 16 13 14 9 3 6 5 12 8 2
1 5 16 14 6 3 15 8 11 2 13 12 4 7 9 10
6 9 3 7 4 2 11 12 8 5 10 15 13 14 1 16
2 13 12 8 5 9 14 10 1 4 16 7 6 3 11 15
8 15 7 11 12 4 13 16 2 10 6 9 1 5 14 3
10 2 5 13 9 1 3 11 16 12 14 4 7 8 15 6
4 6 1 9 10 14 5 7 3 8 15 13 2 16 12 11
12 3 14 16 2 6 8 15 5 7 1 11 9 10 13 4