16 16
16 7 11 10 9 8 2 3 12 5 4 1 15 14 6 13
6 14 9 12 10 11 16 7 15 3 8 13 1 4 5 2
4 15 13 8 14 1 12 5 10 9 2 6 3 11 16 7
5 2 3 1 13 6 4 15 11 14 16 7 8 9 10 12
2 1 7 9 5 16 11 12 3 15 14 8 13 10 4 6
12 4 14 6 7 10 1 9 16 2 13 5 11 3 8 15
3 16 5 13 6 4 15 8 1 10 7 11 2 12 14 9
8 10 15 11 3 14 13 2 9 4 6 12 5 16 7 1
9 11 16 4 2 12 10 6 13 1 15 14 7 8 3 5
10 12 1 14 11 3 8 16 6 7 5 2 9 13 15 4
15 13 6 3 4 7 5 14 8 11 9 10 12 1 2 16
7 5 8 2 15 13 9 1 4 12 3 16 14 6 11 10
13 3 12 15 8 2 6 4 5 16 11 9 10 7 1 14
1 9 10 7 16 15 14 11 2 8 12 4 6 5 13 3
14 8 4 5 1 9 3 13 7 6 10 15 16 2 12 11
11 6 2 16 12 5 7 10 14 13 1 3 4 15 9 8