16 16
7 4 15 14 16 9 1 8 11 5 10 12 13 2 6 3
6 2 12 3 14 7 15 5 8 9 1 13 4 16 11 10
5 9 11 8 4 6 10 13 15 16 3 2 12 14 7 1
16 10 1 13 11 12 3 2 4 6 14 7 8 9 5 15
13 14 8 5 2 11 6 1 9 4 7 15 3 12 10 16
2 6 3 16 13 4 7 9 1 11 12 10 5 8 15 14
1 11 9 15 8 3 12 10 2 14 16 5 7 13 4 6
10 7 4 12 5 14 16 15 3 13 6 8 11 1 9 2
15 13 16 2 3 1 14 12 10 7 4 11 6 5 8 9
14 3 7 9 15 13 5 16 12 1 8 6 10 11 2 4
12 8 10 4 7 2 11 6 16 3 5 9 1 15 14 13
11 5 6 1 9 10 8 4 13 2 15 14 16 7 3 12
8 15 5 7 1 16 13 3 14 10 9 4 2 6 12 11
3 12 14 10 6 8 2 11 5 15 13 1 9 4 16 7
9 16 13 11 12 15 4 7 6 8 2 3 14 10 1 5
4 1 2 6 10 5 9 14 7 12 11 16 15 3 13 8