16 16
6 9 4 15 14 12 8 11 10 1 16 7 2 3 13 5
1 12 16 8 4 9 2 10 14 5 3 13 11 15 6 7
13 3 11 7 15 1 5 6 12 9 2 4 10 8 14 16
14 2 5 10 13 16 7 3 15 6 11 8 9 12 4 1
15 13 12 14 8 7 16 1 5 10 9 11 4 2 3 6
8 4 1 9 10 15 6 13 3 2 12 14 7 16 5 11
5 11 7 6 12 4 3 2 1 15 8 16 13 9 10 14
2 16 10 3 5 14 11 9 7 4 13 6 12 1 8 15
7 14 15 1 6 2 12 4 13 3 10 9 16 5 11 8
9 6 2 11 1 3 14 7 16 8 4 5 15 10 12 13
10 5 13 16 11 8 9 15 6 7 14 12 3 4 1 2
12 8 3 4 16 13 10 5 2 11 15 1 6 14 7 9
4 10 9 13 2 5 1 14 11 12 7 15 8 6 16 3
16 1 8 5 3 11 4 12 9 13 6 2 14 7 15 10
3 15 14 2 7 6 13 8 4 16 5 10 1 11 9 12
11 7 6 12 9 10 15 16 8 14 1 3 5 13 2 4