16 16
3 6 2 5 11 1 7 4 14 15 16 13 10 9 12 8
11 12 10 1 15 9 14 6 7 4 8 3 16 2 13 5
13 8 15 16 10 3 2 12 6 11 5 9 7 14 4 1
14 9 4 7 13 16 5 8 1 10 12 2 11 15 6 3
2 16 8 3 1 15 9 14 11 12 7 6 13 10 5 4
1 13 14 11 2 7 3 16 15 5 10 4 6 8 9 12
4 10 9 15 8 6 12 5 13 14 1 16 3 11 7 2
6 7 5 12 4 13 11 10 2 9 3 8 1 16 15 14
9 11 7 8 5 10 15 3 4 6 2 12 14 1 16 13
16 1 13 14 9 12 6 7 5 8 15 10 4 3 2 11
15 5 12 2 14 8 4 13 16 3 11 1 9 6 10 7
10 4 3 6 16 11 1 2 9 7 13 14 12 5 8 15
12 14 16 10 3 2 13 15 8 1 9 7 5 4 11 6
7 15 11 4 12 14 10 9 3 2 6 5 8 13 1 16
8 3 1 9 6 5 16 11 12 13 4 15 2 7 14 10
5 2 6 13 7 4 8 1 10 16 14 11 15 12 3 9