16 16
10 9 8 3 7 4 13 12 14 6 1 15 2 16 5 11
1 4 2 7 8 3 9 10 13 11 5 16 14 15 6 12
5 11 14 6 2 1 15 16 9 10 3 12 4 7 13 8
12 15 13 16 5 11 14 6 2 7 4 8 3 9 1 10
2 8 9 5 1 10 3 11 6 12 13 4 7 14 16 15
15 1 4 13 9 8 6 5 3 16 7 14 10 11 12 2
3 12 7 10 4 2 16 14 1 9 15 11 13 5 8 6
14 6 16 11 13 15 12 7 8 2 10 5 1 3 4 9
9 16 6 8 10 5 2 13 11 3 12 1 15 4 7 14
4 7 10 14 3 6 11 15 5 13 8 2 12 1 9 16
13 2 5 12 16 14 8 1 4 15 9 7 11 6 10 3
11 3 1 15 12 7 4 9 16 14 6 10 8 13 2 5
8 14 3 9 15 13 1 2 10 4 16 6 5 12 11 7
7 5 12 4 14 16 10 8 15 1 11 9 6 2 3 13
6 10 15 1 11 9 7 3 12 5 2 13 16 8 14 4
16 13 11 2 6 12 5 4 7 8 14 3 9 10 15 1