16 16
3 8 13 6 1 2 14 10 16 12 5 9 4 7 15 11
7 9 1 2 3 6 8 12 4 15 10 11 16 13 5 14
10 15 14 12 11 4 5 16 2 3 13 7 6 9 8 1
11 5 16 4 15 7 13 9 6 1 14 8 3 12 10 2
13 3 10 14 6 11 15 7 8 2 12 16 9 5 1 4
8 11 15 9 5 3 16 13 7 6 1 4 12 14 2 10
5 12 7 1 8 9 4 2 13 14 15 10 11 6 3 16
2 6 4 16 14 12 10 1 5 9 11 3 7 8 13 15
12 7 8 5 10 16 3 14 11 13 2 6 15 1 4 9
9 4 2 13 12 8 1 15 14 7 3 5 10 11 16 6
1 16 11 15 7 5 2 6 10 4 9 12 13 3 14 8
14 10 6 3 9 13 11 4 15 8 16 1 5 2 7 12
15 1 5 10 16 14 12 8 3 11 6 13 2 4 9 7
6 13 9 8 2 10 7 11 1 5 4 15 14 16 12 3
4 2 12 7 13 15 6 3 9 16 8 14 1 10 11 5
16 14 3 11 4 1 9 5 12 10 7 2 8 15 6 13