16 16
5 11 16 4 10 8 13 1 9 12 2 15 14 7 3 6
6 3 9 10 4 11 14 2 13 1 7 16 15 12 8 5
13 14 15 12 6 16 5 7 4 10 3 8 11 9 2 1
1 8 7 2 9 3 15 12 11 6 14 5 10 13 4 16
4 12 11 8 13 5 1 15 3 9 6 10 16 14 7 2
9 1 5 6 12 10 16 11 7 2 15 14 8 3 13 4
2 10 14 7 8 6 4 3 1 5 16 13 12 11 15 9
16 15 3 13 2 9 7 14 8 4 11 12 6 1 5 10
14 13 12 16 5 4 3 10 15 11 9 7 2 6 1 8
8 2 1 9 14 12 11 16 5 13 4 6 7 15 10 3
11 4 10 15 7 2 8 6 14 16 1 3 13 5 9 12
3 7 6 5 15 1 9 13 10 8 12 2 4 16 14 11
7 16 4 3 1 15 2 5 12 14 8 11 9 10 6 13
12 6 8 11 3 7 10 9 2 15 13 1 5 4 16 14
10 9 13 1 16 14 12 8 6 7 5 4 3 2 11 15
15 5 2 14 11 13 6 4 16 3 10 9 1 8 12 7