16 16
16 9 13 10 12 15 14 3 5 1 7 6 11 2 4 8
11 2 7 5 6 16 4 8 3 10 14 13 1 12 9 15
14 12 8 15 11 13 1 5 9 2 16 4 10 6 7 3
3 1 4 6 10 7 2 9 11 12 8 15 14 5 13 16
15 10 16 13 4 1 9 2 14 5 11 7 8 3 12 6
7 11 14 8 5 10 3 15 4 6 12 2 16 9 1 13
4 6 2 3 7 14 12 13 16 9 1 8 15 11 5 10
12 5 1 9 8 11 16 6 15 13 10 3 7 4 2 14
8 13 3 12 16 4 10 7 2 11 15 14 9 1 6 5
10 14 9 11 13 3 15 1 12 7 6 5 2 8 16 4
2 15 6 16 9 8 5 11 10 3 4 1 12 13 14 7
1 4 5 7 14 2 6 12 13 8 9 16 3 15 10 11
6 8 15 2 3 12 7 4 1 16 5 10 13 14 11 9
5 16 10 1 2 6 11 14 8 15 13 9 4 7 3 12
9 3 12 4 15 5 13 10 7 14 2 11 6 16 8 1
13 7 11 14 1 9 8 16 6 4 3 12 5 10 15 2