16 16
16 6 12 10 4 9 2 8 1 14 15 3 13 7 5 11
9 11 1 14 5 13 7 3 10 6 4 16 12 8 15 2
3 13 7 4 15 11 10 16 8 12 5 2 6 14 9 1
2 8 15 5 6 14 1 12 7 13 11 9 10 16 4 3
10 9 14 12 1 8 5 15 13 4 3 7 11 2 6 16
1 5 4 16 14 6 13 9 11 8 2 10 3 15 12 7
7 15 13 8 3 12 11 2 6 16 9 14 5 1 10 4
6 3 2 11 10 16 4 7 5 15 1 12 8 9 13 14
8 1 10 9 13 7 15 4 16 3 12 11 2 6 14 5
13 4 16 6 2 5 9 14 15 1 10 8 7 3 11 12
14 12 11 3 16 1 6 10 4 2 7 5 15 13 8 9
15 2 5 7 8 3 12 11 14 9 13 6 16 4 1 10
4 16 9 2 11 15 3 6 12 10 14 13 1 5 7 8
11 14 8 15 7 10 16 1 2 5 6 4 9 12 3 13
5 7 3 1 12 2 14 13 9 11 8 15 4 10 16 6
12 10 6 13 9 4 8 5 3 7 16 1 14 11 2 15