16 16
5 10 3 2 7 6 12 1 14 16 15 4 13 11 9 8
15 8 1 14 4 13 11 9 2 6 7 3 10 16 12 5
12 13 9 4 16 8 3 14 10 5 11 1 6 2 7 15
16 6 7 11 10 15 5 2 9 8 13 12 1 3 4 14
2 4 15 3 5 10 14 7 13 9 12 8 11 6 16 1
1 11 12 10 13 16 8 3 7 15 6 5 9 4 14 2
7 9 14 6 2 12 15 4 3 1 16 11 8 5 10 13
13 5 8 16 9 1 6 11 4 14 2 10 3 12 15 7
11 1 4 15 8 7 2 5 6 12 9 13 14 10 3 16
8 14 2 9 15 3 10 6 16 11 4 7 5 1 13 12
6 16 5 13 1 9 4 12 8 10 3 14 7 15 2 11
3 7 10 12 14 11 16 13 5 2 1 15 4 8 6 9
10 2 16 1 6 14 13 15 11 4 5 9 12 7 8 3
9 3 6 5 12 4 1 8 15 7 14 16 2 13 11 10
14 12 11 8 3 2 7 16 1 13 10 6 15 9 5 4
4 15 13 7 11 5 9 10 12 3 8 2 16 14 1 6