16 16
5 16 10 9 15 14 12 7 1 3 4 13 8 6 2 11
15 6 8 12 11 1 4 3 14 7 9 2 16 5 13 10
3 4 14 2 13 9 16 8 10 6 11 5 15 1 7 12
1 13 7 11 6 5 10 2 16 8 12 15 3 14 4 9
8 7 1 13 9 16 15 4 12 10 6 3 14 2 11 5
10 2 16 6 3 12 13 1 5 14 15 11 9 7 8 4
4 12 9 15 10 11 5 14 2 1 8 7 6 16 3 13
14 11 3 5 2 7 8 6 9 13 16 4 12 10 15 1
12 10 2 1 7 8 6 15 11 16 13 9 4 3 5 14
9 5 11 7 16 2 14 12 6 4 3 10 13 15 1 8
6 14 15 3 4 13 9 11 7 5 1 8 2 12 10 16
16 8 13 4 5 3 1 10 15 12 2 14 7 11 9 6
13 15 6 8 1 4 11 5 3 2 14 12 10 9 16 7
2 3 12 14 8 10 7 16 4 9 5 1 11 13 6 15
11 9 5 10 14 6 2 13 8 15 7 16 1 4 12 3
7 1 4 16 12 15 3 9 13 11 10 6 5 8 14 2