16 16
3 15 5 10 16 9 8 1 13 2 11 6 14 12 4 7
7 11 13 14 6 12 15 2 9 16 3 4 8 10 1 5
16 8 2 1 10 5 13 4 12 15 14 7 3 11 9 6
4 6 12 9 14 3 11 7 8 10 1 5 15 16 13 2
14 4 9 13 15 1 6 12 10 5 7 2 11 3 16 8
2 3 15 5 13 10 14 11 16 1 4 8 6 9 7 12
11 16 6 7 8 4 2 3 15 13 9 12 10 5 14 1
12 1 10 8 7 16 5 9 3 11 6 14 13 2 15 4
13 14 7 4 11 2 9 10 5 3 12 16 1 8 6 15
15 10 11 12 3 8 7 6 2 14 13 1 9 4 5 16
6 5 16 2 1 15 4 14 7 9 8 11 12 13 3 10
8 9 1 3 12 13 16 5 4 6 15 10 2 7 11 14
9 2 8 15 5 6 12 13 14 4 16 3 7 1 10 11
5 13 14 11 4 7 1 8 6 12 10 9 16 15 2 3
10 12 4 6 9 11 3 16 1 7 2 15 5 14 8 13
1 7 3 16 2 14 10 15 11 8 5 13 4 6 12 9