16 16
5 10 15 3 4 2 11 1 14 16 13 12 6 7 9 8
13 11 4 12 10 15 16 8 1 7 9 6 14 2 5 3
9 14 1 16 6 5 7 13 15 8 3 2 12 4 10 11
2 6 8 7 12 9 3 14 4 5 11 10 13 15 16 1
7 9 14 15 8 3 10 6 2 4 5 1 11 13 12 16
3 5 16 8 1 14 13 2 7 6 12 11 15 9 4 10
12 2 13 6 9 4 15 11 16 10 8 14 3 5 1 7
4 1 10 11 16 7 12 5 9 13 15 3 8 14 2 6
11 4 5 1 14 6 9 3 13 12 2 8 16 10 7 15
14 12 3 2 11 1 8 15 10 9 7 16 4 6 13 5
8 15 7 10 13 12 4 16 6 14 1 5 9 11 3 2
6 16 9 13 5 10 2 7 3 11 4 15 1 12 8 14
1 13 12 14 3 11 5 9 8 15 10 7 2 16 6 4
15 3 6 9 7 13 1 10 11 2 16 4 5 8 14 12
10 8 2 5 15 16 6 4 12 3 14 9 7 1 11 13
16 7 11 4 2 8 14 12 5 1 6 13 10 3 15 9