16 16
15 6 5 9 10 11 8 2 1 7 3 16 14 13 12 4
2 16 12 11 5 13 9 1 10 6 4 14 15 7 8 3
10 1 8 7 3 15 14 4 5 13 12 2 16 9 11 6
3 13 4 14 16 12 7 6 8 15 9 11 2 10 5 1
8 3 15 16 12 7 13 10 11 4 14 9 5 1 6 2
4 10 6 1 2 9 5 16 13 3 8 7 12 11 14 15
7 12 11 5 15 4 1 14 2 10 16 6 13 3 9 8
9 14 13 2 6 8 11 3 12 1 15 5 10 4 7 16
12 2 14 3 11 1 15 5 9 16 6 10 7 8 4 13
13 11 16 4 14 2 10 7 15 8 5 3 6 12 1 9
5 7 9 6 8 3 16 13 14 12 1 4 11 15 2 10
1 8 10 15 9 6 4 12 7 2 11 13 3 14 16 5
11 4 2 8 7 10 12 9 16 5 13 15 1 6 3 14
16 5 1 10 4 14 3 15 6 11 7 8 9 2 13 12
6 9 7 13 1 5 2 8 3 14 10 12 4 16 15 11
14 15 3 12 13 16 6 11 4 9 2 1 8 5 10 7