16 16
16 7 8 6 4 3 11 15 12 14 2 10 9 5 1 13
10 4 5 14 1 7 16 12 8 13 9 6 3 2 11 15
11 15 2 13 9 5 8 6 16 4 3 1 7 10 12 14
1 12 3 9 13 14 2 10 11 5 7 15 16 4 8 6
12 5 9 4 8 1 6 3 14 7 10 16 13 11 15 2
7 1 16 2 12 15 9 13 4 11 8 5 14 6 10 3
3 10 14 15 7 2 5 11 1 9 6 13 12 8 16 4
6 8 13 11 10 4 14 16 2 3 15 12 5 7 9 1
4 9 1 10 11 16 12 5 6 8 13 14 15 3 2 7
14 11 15 5 6 8 3 4 10 2 16 7 1 9 13 12
8 2 6 7 14 13 1 9 15 12 5 3 11 16 4 10
13 3 12 16 2 10 15 7 9 1 11 4 6 14 5 8
5 14 10 3 15 9 7 2 13 16 1 8 4 12 6 11
9 13 7 1 3 6 4 8 5 10 12 11 2 15 14 16
2 6 4 12 16 11 10 1 3 15 14 9 8 13 7 5
15 16 11 8 5 12 13 14 7 6 4 2 10 1 3 9