16 16
3 2 8 5 15 6 13 7 12 1 14 11 16 4 10 9
16 13 11 6 1 4 5 10 9 2 3 15 14 12 8 7
15 12 1 10 16 14 2 9 4 8 7 5 13 11 3 6
7 14 9 4 12 11 8 3 13 10 16 6 2 5 15 1
2 9 14 16 13 1 7 4 6 11 5 10 3 8 12 15
4 10 12 15 8 3 6 5 1 14 2 9 11 7 16 13
11 3 13 7 9 10 16 14 15 4 8 12 1 6 2 5
5 1 6 8 2 15 11 12 16 3 13 7 10 9 14 4
13 6 4 14 10 8 15 1 3 5 12 16 7 2 9 11
9 15 5 11 14 7 3 16 10 6 4 2 12 1 13 8
12 7 16 1 11 9 4 2 14 13 15 8 6 3 5 10
10 8 2 3 6 5 12 13 11 7 9 1 15 14 4 16
6 16 7 13 5 2 14 15 8 9 11 3 4 10 1 12
8 5 15 2 3 16 10 11 7 12 1 4 9 13 6 14
14 4 3 9 7 12 1 6 5 15 10 13 8 16 11 2
1 11 10 12 4 13 9 8 2 16 6 14 5 15 7 3