16 16
8 15 16 7 6 13 2 10 14 3 11 5 9 4 12 1
13 3 2 12 14 9 4 1 8 10 7 6 15 11 16 5
6 4 5 1 16 11 8 7 2 12 9 15 10 14 13 3
10 14 11 9 3 5 12 15 1 13 4 16 2 6 7 8
16 7 10 13 12 2 1 5 11 4 15 14 6 3 8 9
3 2 15 6 4 8 7 9 13 1 5 12 11 10 14 16
11 9 14 8 15 10 13 16 6 7 3 2 1 12 5 4
12 5 1 4 11 6 3 14 16 9 8 10 7 13 15 2
1 10 8 3 13 14 5 11 12 2 6 7 4 16 9 15
15 12 7 5 8 1 16 4 9 11 10 3 14 2 6 13
14 11 4 2 9 3 6 12 15 8 16 13 5 7 1 10
9 13 6 16 7 15 10 2 5 14 1 4 12 8 3 11
4 16 13 14 1 7 11 6 3 15 2 9 8 5 10 12
7 6 3 15 2 12 9 8 10 5 13 11 16 1 4 14
5 8 9 11 10 4 14 13 7 16 12 1 3 15 2 6
2 1 12 10 5 16 15 3 4 6 14 8 13 9 11 7