16 16
15 2 7 9 12 3 13 16 5 14 11 6 10 4 8 1
16 12 10 14 4 8 1 11 15 3 2 13 7 6 5 9
1 6 13 11 7 5 10 9 8 4 12 16 15 2 14 3
3 8 4 5 14 15 2 6 9 10 7 1 16 13 12 11
13 3 15 7 8 14 9 4 1 6 16 12 11 10 2 5
2 10 9 4 16 7 6 1 11 5 14 15 3 8 13 12
12 5 14 1 11 10 15 13 7 8 3 2 6 9 4 16
11 16 6 8 3 2 12 5 13 9 4 10 1 14 7 15
6 1 3 13 5 9 7 10 2 16 15 4 14 12 11 8
7 4 2 10 15 11 8 12 3 1 9 14 5 16 6 13
8 14 5 12 1 16 4 2 6 7 13 11 9 3 15 10
9 15 11 16 6 13 3 14 10 12 5 8 2 7 1 4
14 9 1 3 2 4 11 7 12 13 10 5 8 15 16 6
10 7 16 15 13 1 5 8 4 2 6 3 12 11 9 14
5 13 12 2 10 6 16 15 14 11 8 9 4 1 3 7
4 11 8 6 9 12 14 3 16 15 1 7 13 5 10 2