16 16
15 14 10 12 1 16 4 5 11 2 9 7 3 13 6 8
6 1 13 5 7 12 10 9 8 3 14 4 2 16 15 11
3 16 11 4 2 8 13 6 10 5 15 12 7 1 9 14
2 9 8 7 15 11 3 14 1 16 13 6 12 5 10 4
7 13 15 6 4 1 2 10 5 8 3 9 16 11 14 12
16 3 12 2 6 5 9 7 14 11 4 15 8 10 1 13
11 4 14 8 12 13 16 3 6 7 10 1 15 9 2 5
9 5 1 10 11 14 8 15 2 13 12 16 6 7 4 3
10 7 16 14 3 2 12 4 9 1 6 13 5 8 11 15
5 6 4 13 14 9 11 1 3 15 7 8 10 2 12 16
1 15 2 3 10 7 5 8 16 12 11 14 9 4 13 6
12 8 9 11 13 15 6 16 4 10 2 5 14 3 7 1
14 11 7 15 8 3 1 12 13 9 16 10 4 6 5 2
13 12 3 9 16 6 14 11 7 4 5 2 1 15 8 10
8 10 5 16 9 4 15 2 12 6 1 11 13 14 3 7
4 2 6 1 5 10 7 13 15 14 8 3 11 12 16 9