16 16
12 16 3 6 11 13 9 1 10 5 8 2 14 7 15 4
9 13 2 11 4 8 16 10 15 3 14 7 6 12 5 1
4 14 5 15 2 3 6 7 13 1 12 9 11 8 16 10
8 10 7 1 12 15 14 5 11 16 6 4 13 9 3 2
11 9 16 2 5 4 12 13 6 15 1 10 7 3 14 8
1 3 6 12 8 7 15 14 2 13 5 11 10 4 9 16
13 8 14 4 10 6 2 11 7 9 16 3 12 5 1 15
10 5 15 7 9 16 1 3 8 12 4 14 2 13 11 6
6 7 12 5 3 10 8 16 4 2 9 1 15 11 13 14
14 15 10 13 1 9 4 12 3 6 11 8 16 2 7 5
2 1 4 16 6 5 11 15 14 7 13 12 9 10 8 3
3 11 8 9 13 14 7 2 16 10 15 5 1 6 4 12
16 4 1 3 7 11 13 8 12 14 10 6 5 15 2 9
15 2 9 10 14 12 5 4 1 11 3 13 8 16 6 7
5 12 13 14 15 2 3 6 9 8 7 16 4 1 10 11
7 6 11 8 16 1 10 9 5 4 2 15 3 14 12 13