16 16
2 8 9 6 15 4 12 14 11 5 1 10 13 16 3 7
14 15 12 7 1 6 2 10 13 3 16 9 5 8 4 11
3 11 1 13 7 9 5 16 2 4 15 8 6 12 14 10
5 16 10 4 11 8 13 3 6 12 14 7 1 15 9 2
11 13 15 3 5 14 16 12 8 10 6 2 9 7 1 4
16 12 4 10 9 2 8 11 7 13 3 1 15 6 5 14
9 5 2 14 6 15 7 1 4 11 12 16 8 3 10 13
1 6 7 8 10 13 3 4 14 15 9 5 2 11 16 12
12 10 6 9 13 16 11 15 3 8 5 14 4 2 7 1
13 4 11 2 8 3 10 9 12 1 7 6 14 5 15 16
7 1 14 16 2 5 4 6 10 9 11 15 12 13 8 3
15 3 8 5 12 1 14 7 16 2 4 13 11 10 6 9
8 2 16 11 3 10 9 5 15 14 13 4 7 1 12 6
4 7 13 15 16 12 1 2 9 6 8 3 10 14 11 5
6 9 5 12 14 7 15 13 1 16 10 11 3 4 2 8
10 14 3 1 4 11 6 8 5 7 2 12 16 9 13 15