16 16
1 2 13 4 11 9 15 8 6 10 16 7 14 12 3 5
6 14 11 16 5 4 10 13 1 3 12 9 8 15 7 2
3 15 7 9 12 1 14 2 4 13 8 5 16 11 6 10
5 8 10 12 6 16 3 7 11 14 2 15 9 13 4 1
12 11 16 1 9 3 6 5 7 2 13 10 15 4 14 8
13 7 9 15 1 8 2 10 5 4 14 3 11 16 12 6
4 3 5 6 16 13 11 14 15 12 1 8 10 9 2 7
8 10 2 14 4 15 7 12 16 6 9 11 3 1 5 13
9 16 8 5 2 14 4 11 3 7 10 1 12 6 13 15
2 6 14 3 10 12 1 15 8 11 4 13 7 5 9 16
7 13 4 10 3 5 8 6 9 16 15 12 1 2 11 14
15 12 1 11 13 7 9 16 14 5 6 2 4 10 8 3
16 4 15 13 14 2 12 9 10 8 7 6 5 3 1 11
11 9 6 7 15 10 13 3 12 1 5 14 2 8 16 4
10 5 3 8 7 6 16 1 2 9 11 4 13 14 15 12
14 1 12 2 8 11 5 4 13 15 3 16 6 7 10 9