16 16
15 6 8 2 14 12 10 13 5 4 1 9 16 7 3 11
4 14 16 3 11 7 2 6 12 8 13 10 9 15 5 1
10 5 11 13 1 3 9 4 2 7 15 16 12 8 6 14
7 12 1 9 5 8 15 16 6 11 3 14 4 2 10 13
5 13 14 8 10 9 12 1 7 2 6 15 3 16 11 4
16 10 3 15 4 2 6 5 9 14 11 12 7 1 13 8
12 11 9 1 3 15 16 7 4 10 8 13 14 5 2 6
6 2 7 4 8 11 13 14 3 5 16 1 10 9 15 12
9 8 15 12 13 6 5 11 14 1 7 3 2 4 16 10
1 16 10 14 15 4 3 2 11 6 12 5 8 13 9 7
11 3 4 6 7 16 1 9 10 13 2 8 5 12 14 15
2 7 13 5 12 10 14 8 16 15 9 4 6 11 1 3
3 9 5 11 6 1 8 10 13 12 4 2 15 14 7 16
13 4 2 16 9 14 7 12 15 3 10 11 1 6 8 5
14 1 6 10 16 13 4 15 8 9 5 7 11 3 12 2
8 15 12 7 2 5 11 3 1 16 14 6 13 10 4 9