16 16
3 4 13 1 9 5 2 12 7 8 16 11 6 15 10 14
11 16 15 10 8 6 1 13 4 14 5 3 2 12 7 9
12 8 2 5 10 14 7 11 6 15 13 9 3 16 4 1
7 9 6 14 4 16 15 3 10 2 1 12 5 8 11 13
1 14 7 2 12 10 5 15 3 16 9 13 11 6 8 4
4 10 11 6 3 1 13 8 5 7 15 14 16 9 12 2
5 13 8 12 16 2 11 9 1 10 4 6 7 14 15 3
15 3 16 9 14 4 6 7 2 12 11 8 10 1 13 5
10 15 3 4 13 9 12 14 11 6 7 2 8 5 1 16
13 6 5 7 11 15 10 16 8 9 14 1 4 3 2 12
16 12 14 8 1 7 4 2 15 5 3 10 9 13 6 11
9 2 1 11 5 8 3 6 16 13 12 4 15 10 14 7
6 1 9 3 7 11 14 5 13 4 10 15 12 2 16 8
14 11 4 13 2 12 8 10 9 3 6 16 1 7 5 15
8 5 12 15 6 3 16 1 14 11 2 7 13 4 9 10
2 7 10 16 15 13 9 4 12 1 8 5 14 11 3 6