16 16
11 6 13 8 3 2 7 14 12 16 15 5 9 10 1 4
9 4 5 2 6 16 10 8 13 14 1 11 15 3 12 7
15 12 14 16 4 13 1 5 7 10 3 9 8 2 6 11
10 1 7 3 9 11 15 12 4 2 6 8 14 13 5 16
16 5 11 6 2 7 8 4 3 15 12 1 13 9 14 10
1 7 15 13 10 3 14 16 11 8 9 6 4 12 2 5
12 2 10 4 11 5 6 9 14 7 13 16 3 1 8 15
14 8 3 9 12 15 13 1 10 5 2 4 11 7 16 6
6 14 9 5 13 12 16 10 15 11 4 3 1 8 7 2
4 3 12 1 14 8 11 6 2 13 10 7 16 5 15 9
7 11 16 15 5 9 3 2 1 6 8 12 10 4 13 14
8 13 2 10 15 1 4 7 5 9 16 14 6 11 3 12
13 15 1 7 16 4 9 3 6 12 5 10 2 14 11 8
3 16 6 12 8 14 2 11 9 4 7 13 5 15 10 1
2 9 8 11 7 10 5 13 16 1 14 15 12 6 4 3
5 10 4 14 1 6 12 15 8 3 11 2 7 16 9 13