16 16
8 13 7 15 4 6 14 3 5 1 10 2 9 16 11 12
14 9 12 6 8 11 10 1 4 16 15 13 2 5 3 7
1 16 5 3 9 12 13 2 8 6 7 11 10 4 15 14
10 4 11 2 16 7 15 5 9 12 14 3 8 1 6 13
5 15 6 10 3 2 16 9 12 11 8 4 13 7 14 1
2 1 4 13 10 15 5 12 3 7 9 14 11 8 16 6
9 8 3 14 1 4 7 11 6 5 13 16 15 10 12 2
11 7 16 12 6 13 8 14 2 10 1 15 3 9 5 4
12 6 9 8 15 10 1 16 14 13 11 5 4 2 7 3
15 14 10 11 7 3 4 6 1 8 2 12 5 13 9 16
4 2 1 5 11 9 12 13 10 3 16 7 6 14 8 15
16 3 13 7 5 14 2 8 15 9 4 6 1 12 10 11
7 11 2 9 14 8 6 15 16 4 5 1 12 3 13 10
13 12 15 4 2 5 9 7 11 14 3 10 16 6 1 8
3 5 14 1 12 16 11 10 13 2 6 8 7 15 4 9
6 10 8 16 13 1 3 4 7 15 12 9 14 11 2 5