16 16
6 13 1 5 15 10 11 8 3 2 12 7 16 14 4 9
16 15 11 7 6 1 14 12 9 8 5 4 2 10 3 13
3 9 12 8 16 13 2 4 11 1 10 14 15 7 6 5
4 2 14 10 3 7 9 5 6 15 16 13 8 12 11 1
15 6 5 12 14 9 3 1 8 16 11 10 4 13 7 2
10 16 4 3 5 6 12 7 13 9 1 2 14 8 15 11
9 1 13 14 4 11 8 2 15 6 7 12 3 16 5 10
11 8 7 2 13 15 16 10 14 4 3 5 6 1 9 12
14 10 9 11 7 5 4 3 2 12 8 1 13 15 16 6
13 3 8 6 9 14 10 11 16 5 4 15 1 2 12 7
12 4 16 1 8 2 13 15 7 11 9 6 10 5 14 3
5 7 2 15 1 12 6 16 10 13 14 3 9 11 8 4
7 14 6 4 12 8 15 9 1 10 2 11 5 3 13 16
8 5 15 9 10 3 1 13 12 7 6 16 11 4 2 14
2 12 10 13 11 16 5 14 4 3 15 9 7 6 1 8
1 11 3 16 2 4 7 6 5 14 13 8 12 9 10 15