16 16
15 7 12 5 1 10 8 14 4 3 9 2 11 16 13 6
6 14 11 13 16 2 9 4 10 8 15 12 3 1 7 5
2 10 1 3 6 13 7 15 5 16 14 11 9 12 4 8
8 9 16 4 3 11 5 12 7 13 6 1 2 10 14 15
3 1 4 15 9 7 13 10 14 11 5 6 12 2 8 16
16 11 6 10 15 3 4 8 2 12 13 9 5 14 1 7
14 12 13 2 11 6 1 5 15 7 8 16 10 4 9 3
7 5 8 9 2 12 14 16 1 4 10 3 13 15 6 11
9 8 5 1 14 4 10 13 11 2 7 15 6 3 16 12
13 6 14 12 8 9 3 7 16 10 4 5 15 11 2 1
10 16 3 11 12 15 6 2 13 9 1 14 7 8 5 4
4 15 2 7 5 1 16 11 3 6 12 8 14 13 10 9
1 3 9 8 7 16 11 6 12 14 2 13 4 5 15 10
5 4 7 14 13 8 12 1 9 15 11 10 16 6 3 2
11 13 15 16 10 5 2 9 6 1 3 4 8 7 12 14
12 2 10 6 4 14 15 3 8 5 16 7 1 9 11 13