16 16
8 10 15 4 3 9 14 2 7 1 13 5 6 11 16 12
5 12 6 7 4 8 15 10 9 3 16 11 14 2 13 1
16 3 11 14 5 12 1 13 15 4 6 2 10 7 8 9
9 13 1 2 11 16 7 6 8 14 10 12 3 4 5 15
14 5 12 11 10 2 3 9 4 6 1 13 8 16 15 7
4 2 10 13 12 11 5 14 16 7 15 8 1 3 9 6
3 16 9 1 7 6 8 15 2 10 5 14 12 13 4 11
15 8 7 6 13 4 16 1 3 11 12 9 2 10 14 5
6 4 3 12 1 7 9 5 10 13 11 16 15 8 2 14
10 9 5 8 6 3 4 12 14 15 2 7 13 1 11 16
11 14 13 15 8 10 2 16 12 5 3 1 7 9 6 4
7 1 2 16 14 15 13 11 6 8 9 4 5 12 3 10
13 7 8 3 16 1 11 4 5 12 14 6 9 15 10 2
1 15 4 5 9 14 10 8 11 2 7 3 16 6 12 13
12 11 16 10 2 5 6 7 13 9 8 15 4 14 1 3
2 6 14 9 15 13 12 3 1 16 4 10 11 5 7 8