16 16
4 1 11 10 8 12 3 13 2 7 5 9 15 14 6 16
16 5 2 3 4 1 10 6 8 14 11 15 7 12 9 13
12 9 14 8 11 16 7 15 3 10 6 13 5 2 4 1
15 7 13 6 2 9 14 5 4 1 16 12 10 11 3 8
13 8 1 11 15 4 5 14 6 12 3 7 2 16 10 9
3 15 16 14 6 8 12 10 5 13 9 2 1 4 11 7
7 2 5 12 13 11 16 9 10 8 4 1 6 15 14 3
10 4 6 9 3 7 1 2 14 11 15 16 12 8 13 5
2 16 15 4 12 3 11 7 13 5 14 6 9 1 8 10
11 13 12 7 16 6 15 1 9 4 10 8 14 3 5 2
8 3 10 5 14 13 9 4 7 2 1 11 16 6 15 12
14 6 9 1 10 5 2 8 16 15 12 3 11 13 7 4
1 11 4 15 5 14 8 3 12 9 2 10 13 7 16 6
6 10 8 16 9 15 13 12 1 3 7 14 4 5 2 11
9 14 7 13 1 2 4 16 11 6 8 5 3 10 12 15
5 12 3 2 7 10 6 11 15 16 13 4 8 9 1 14