16 16
10 5 7 6 13 11 8 14 4 2 3 12 1 16 15 9
2 4 12 8 5 10 6 7 1 15 16 9 13 14 3 11
13 14 1 9 2 15 3 16 6 5 7 11 4 10 12 8
3 11 16 15 4 1 12 9 13 8 14 10 5 6 7 2
1 8 11 5 14 7 16 3 9 4 15 13 6 12 2 10
12 10 9 3 1 6 13 2 14 7 11 16 8 4 5 15
16 6 14 2 10 5 15 4 3 1 12 8 11 13 9 7
15 7 4 13 11 12 9 8 5 6 10 2 16 1 14 3
6 1 8 4 16 2 14 12 11 3 13 7 9 15 10 5
5 15 10 11 9 8 1 13 12 14 2 6 3 7 4 16
14 12 3 7 15 4 11 10 16 9 1 5 2 8 6 13
9 2 13 16 7 3 5 6 15 10 8 4 12 11 1 14
7 9 6 1 3 14 2 11 8 16 4 15 10 5 13 12
11 13 2 14 6 16 4 15 10 12 5 3 7 9 8 1
8 16 5 10 12 9 7 1 2 13 6 14 15 3 11 4
4 3 15 12 8 13 10 5 7 11 9 1 14 2 16 6