16 16
16 5 8 13 10 3 15 4 11 9 7 14 1 12 6 2
1 11 7 9 16 13 5 6 15 3 2 12 10 8 14 4
15 12 14 3 7 1 9 2 8 10 4 6 13 11 5 16
2 6 4 10 8 14 11 12 13 16 5 1 7 9 15 3
9 1 5 8 6 10 2 16 7 11 3 4 14 13 12 15
10 15 12 14 3 7 1 5 2 8 16 13 11 4 9 6
3 16 6 7 9 4 13 11 5 12 14 15 2 1 8 10
4 13 11 2 14 15 12 8 9 1 6 10 3 7 16 5
7 3 16 12 2 8 10 9 14 5 13 11 6 15 4 1
5 2 13 11 15 12 7 3 6 4 1 9 8 16 10 14
6 14 15 4 13 5 16 1 3 7 10 8 12 2 11 9
8 9 10 1 4 11 6 14 12 2 15 16 5 3 7 13
13 8 3 6 11 16 4 7 10 14 9 2 15 5 1 12
11 4 9 15 12 6 3 10 1 13 8 5 16 14 2 7
12 10 2 5 1 9 14 13 16 15 11 7 4 6 3 8
14 7 1 16 5 2 8 15 4 6 12 3 9 10 13 11