16 16
5 2 14 13 9 4 1 10 7 12 6 8 11 15 16 3
11 8 12 15 14 2 6 7 1 3 16 13 9 5 10 4
10 3 16 7 5 8 15 13 2 9 4 11 6 14 1 12
9 4 6 1 3 16 12 11 15 14 10 5 2 8 7 13
16 9 4 5 13 10 2 8 11 7 15 3 12 1 6 14
8 15 11 3 16 9 7 1 4 6 14 12 10 2 13 5
2 1 7 10 15 6 14 12 16 5 13 9 3 4 11 8
6 14 13 12 11 5 4 3 8 1 2 10 16 7 9 15
7 10 9 4 12 1 8 2 5 16 11 14 13 3 15 6
14 11 5 16 10 13 9 6 3 8 7 15 4 12 2 1
1 6 15 2 7 11 3 14 9 13 12 4 5 10 8 16
12 13 3 8 4 15 16 5 10 2 1 6 7 11 14 9
3 12 1 9 2 14 10 4 13 11 8 16 15 6 5 7
13 7 10 11 6 12 5 9 14 15 3 1 8 16 4 2
4 16 2 14 8 3 13 15 6 10 5 7 1 9 12 11
15 5 8 6 1 7 11 16 12 4 9 2 14 13 3 10