16 16
5 8 6 1 4 14 10 16 13 7 11 9 3 12 15 2
10 15 16 4 6 7 1 11 5 2 3 12 8 14 13 9
13 11 14 9 12 5 3 2 1 4 15 8 10 7 16 6
7 3 2 12 8 9 15 13 10 6 16 14 1 4 5 11
8 2 3 11 9 6 7 12 4 13 10 16 14 15 1 5
6 9 15 14 11 8 13 10 3 5 2 1 4 16 12 7
1 5 10 16 3 15 14 4 9 11 12 7 13 6 2 8
4 7 12 13 1 2 16 5 15 14 8 6 11 9 3 10
16 4 13 7 14 1 9 3 2 8 5 10 15 11 6 12
14 12 8 5 13 4 11 7 6 9 1 15 2 3 10 16
9 6 1 2 5 10 12 15 16 3 14 11 7 13 8 4
15 10 11 3 2 16 8 6 7 12 13 4 9 5 14 1
11 1 5 8 15 3 6 9 14 16 7 2 12 10 4 13
12 13 9 10 16 11 4 1 8 15 6 3 5 2 7 14
3 14 4 6 7 13 2 8 12 10 9 5 16 1 11 15
2 16 7 15 10 12 5 14 11 1 4 13 6 8 9 3