16 16
15 3 5 11 8 7 4 12 6 1 9 10 13 2 16 14
9 14 12 2 5 3 11 15 13 8 4 16 1 10 6 7
7 1 13 4 14 16 10 6 15 5 12 2 8 11 3 9
8 6 10 16 1 9 2 13 14 11 7 3 15 12 4 5
16 11 14 8 10 6 9 2 12 13 15 4 5 7 1 3
3 15 9 12 7 5 14 4 2 16 11 1 6 13 8 10
5 10 2 1 16 11 13 8 7 3 6 9 4 15 14 12
4 7 6 13 12 15 3 1 8 14 10 5 11 9 2 16
2 13 3 7 9 14 5 16 11 12 8 6 10 4 15 1
1 5 11 10 2 13 15 7 9 4 3 14 16 6 12 8
12 8 4 14 3 1 6 10 16 2 13 15 7 5 9 11
6 16 15 9 4 12 8 11 1 10 5 7 3 14 13 2
10 2 16 3 11 8 12 5 4 6 14 13 9 1 7 15
14 4 1 6 15 2 7 3 5 9 16 11 12 8 10 13
13 12 7 5 6 10 1 9 3 15 2 8 14 16 11 4
11 9 8 15 13 4 16 14 10 7 1 12 2 3 5 6