16 16
11 6 2 3 4 14 9 5 8 12 1 15 13 10 16 7
12 14 5 16 11 15 7 2 6 13 3 10 8 1 4 9
4 1 15 13 16 6 10 8 5 14 7 9 2 11 12 3
7 9 10 8 3 1 13 12 16 2 4 11 14 6 15 5
3 8 1 14 9 2 15 10 12 6 16 13 4 7 5 11
16 7 12 6 13 8 11 4 15 10 5 2 9 14 3 1
15 2 9 4 7 16 5 3 11 8 14 1 12 13 6 10
10 5 13 11 14 12 6 1 7 4 9 3 16 8 2 15
5 4 14 1 2 10 16 9 13 15 11 7 6 3 8 12
9 12 7 2 1 11 14 15 3 16 8 6 5 4 10 13
13 3 6 10 5 4 8 7 14 9 2 12 1 15 11 16
8 16 11 15 12 13 3 6 4 1 10 5 7 2 9 14
6 13 16 9 10 5 1 14 2 11 15 8 3 12 7 4
1 15 4 7 6 9 2 16 10 3 12 14 11 5 13 8
2 10 3 12 8 7 4 11 1 5 13 16 15 9 14 6
14 11 8 5 15 3 12 13 9 7 6 4 10 16 1 2