16 16
5 9 6 16 11 1 8 12 4 7 2 15 3 13 10 14
7 14 2 4 6 16 5 3 1 11 13 10 15 12 9 8
11 12 3 1 7 15 13 10 6 8 9 14 16 5 4 2
8 15 10 13 2 4 14 9 12 16 3 5 11 1 6 7
1 6 14 11 13 12 4 16 3 9 8 2 5 10 7 15
12 7 5 10 14 6 1 11 13 4 15 16 2 9 8 3
9 8 13 2 5 7 3 15 14 12 10 1 6 11 16 4
3 4 16 15 8 10 9 2 11 5 7 6 1 14 12 13
15 11 9 6 16 3 12 13 7 1 4 8 10 2 14 5
13 2 12 14 9 11 15 7 16 10 5 3 4 8 1 6
10 5 4 7 1 14 2 8 15 13 6 11 12 16 3 9
16 1 8 3 10 5 6 4 9 2 14 12 13 7 15 11
4 16 7 12 3 2 10 6 5 14 11 9 8 15 13 1
14 13 1 8 15 9 11 5 10 3 12 4 7 6 2 16
6 10 11 9 4 8 7 1 2 15 16 13 14 3 5 12
2 3 15 5 12 13 16 14 8 6 1 7 9 4 11 10