16 16
4 15 10 2 9 5 3 1 8 11 7 16 13 14 12 6
1 8 7 14 15 2 4 11 5 6 13 12 3 9 16 10
13 6 16 3 7 10 14 12 15 1 9 2 11 8 4 5
5 11 9 12 16 8 13 6 10 3 4 14 1 2 15 7
2 13 12 1 10 15 16 4 9 8 5 3 7 11 6 14
6 9 15 16 3 7 8 2 1 4 14 11 12 5 10 13
7 5 4 11 12 9 1 14 16 13 10 6 2 3 8 15
14 3 8 10 5 11 6 13 12 15 2 7 4 16 9 1
10 4 5 7 8 16 9 3 14 12 6 1 15 13 2 11
3 2 14 6 4 12 10 7 11 16 15 13 9 1 5 8
11 12 13 15 14 1 2 5 4 10 8 9 16 6 7 3
8 16 1 9 13 6 11 15 7 2 3 5 10 12 14 4
12 10 11 8 2 3 5 9 6 7 1 4 14 15 13 16
9 1 6 5 11 4 12 10 13 14 16 15 8 7 3 2
15 14 3 4 6 13 7 16 2 9 11 8 5 10 1 12
16 7 2 13 1 14 15 8 3 5 12 10 6 4 11 9