16 16
11 3 2 4 6 16 15 10 7 12 8 9 1 13 14 5
16 15 12 9 3 11 13 8 2 14 1 5 6 10 7 4
7 6 1 8 9 2 5 14 11 10 4 13 16 15 12 3
5 14 10 13 7 4 1 12 3 16 6 15 8 9 11 2
12 5 15 1 2 14 6 7 9 3 10 16 11 8 4 13
14 7 13 6 15 12 4 11 8 2 5 1 10 3 9 16
8 9 11 10 16 5 3 1 14 6 13 4 15 12 2 7
4 16 3 2 8 13 10 9 12 15 11 7 5 6 1 14
6 1 14 15 11 8 9 4 10 5 2 3 7 16 13 12
2 11 16 3 14 1 12 15 13 9 7 8 4 5 10 6
10 8 5 7 13 3 2 6 1 4 16 12 9 14 15 11
13 4 9 12 5 10 7 16 15 11 14 6 3 2 8 1
3 2 4 16 10 7 11 13 5 8 9 14 12 1 6 15
15 13 6 14 1 9 16 3 4 7 12 10 2 11 5 8
1 10 7 5 12 15 8 2 6 13 3 11 14 4 16 9
9 12 8 11 4 6 14 5 16 1 15 2 13 7 3 10