16 16
10 15 13 2 4 7 6 14 3 8 16 9 11 12 1 5
14 8 5 16 13 9 15 2 12 6 1 11 10 7 4 3
11 7 6 3 10 5 12 1 15 14 2 4 8 16 9 13
4 12 9 1 3 8 16 11 10 5 7 13 15 2 14 6
8 13 10 4 14 6 2 7 11 3 5 12 9 15 16 1
3 1 7 6 12 13 4 5 14 16 9 15 2 8 10 11
12 16 14 9 8 1 11 15 6 10 4 2 5 3 13 7
2 5 11 15 9 10 3 16 7 1 13 8 6 14 12 4
5 14 2 11 16 3 13 8 4 12 10 7 1 6 15 9
6 3 1 12 5 11 10 4 16 9 15 14 7 13 8 2
7 4 8 10 1 15 14 9 2 13 6 5 12 11 3 16
15 9 16 13 6 2 7 12 1 11 8 3 14 4 5 10
9 11 15 7 2 14 8 13 5 4 3 1 16 10 6 12
16 2 12 5 7 4 1 6 13 15 14 10 3 9 11 8
13 6 3 8 15 12 5 10 9 2 11 16 4 1 7 14
1 10 4 14 11 16 9 3 8 7 12 6 13 5 2 15