16 16
5 13 3 7 11 2 4 16 9 8 15 6 12 1 10 14
8 9 6 4 13 5 7 3 12 10 1 14 11 16 15 2
11 16 12 14 8 10 15 1 7 13 3 2 9 5 6 4
15 2 1 10 9 12 6 14 11 4 16 5 13 7 3 8
12 4 2 13 16 3 1 15 14 9 10 11 7 6 8 5
6 5 14 15 12 7 11 8 16 3 2 1 4 9 13 10
1 7 16 8 5 13 10 9 15 12 6 4 2 11 14 3
10 3 9 11 2 6 14 4 13 7 5 8 1 12 16 15
7 12 4 9 1 8 16 6 2 15 11 3 14 10 5 13
13 10 5 2 14 4 12 11 6 16 8 7 15 3 9 1
16 6 15 3 10 9 2 5 1 14 12 13 8 4 7 11
14 8 11 1 3 15 13 7 10 5 4 9 6 2 12 16
3 14 7 12 15 16 8 2 4 1 9 10 5 13 11 6
2 11 8 16 7 1 9 10 5 6 13 15 3 14 4 12
4 1 13 5 6 14 3 12 8 11 7 16 10 15 2 9
9 15 10 6 4 11 5 13 3 2 14 12 16 8 1 7