16 16
6 2 10 7 15 13 12 16 14 5 8 1 4 11 9 3
4 14 8 5 6 7 2 9 12 13 3 11 15 10 1 16
12 11 1 13 8 4 5 3 10 15 16 9 7 14 2 6
3 9 16 15 10 1 14 11 7 6 2 4 8 5 12 13
5 4 2 10 9 15 3 6 8 14 13 16 1 7 11 12
15 12 11 1 13 8 4 2 3 10 6 7 14 16 5 9
13 6 9 8 5 16 7 14 2 11 1 12 3 4 10 15
16 7 14 3 1 12 11 10 5 4 9 15 13 8 6 2
8 13 6 11 3 10 15 5 1 2 7 14 9 12 16 4
2 3 7 14 12 11 8 13 9 16 4 5 10 6 15 1
9 1 12 16 7 2 6 4 13 8 15 10 11 3 14 5
10 5 15 4 16 14 9 1 11 3 12 6 2 13 8 7
7 10 13 9 14 6 16 8 15 1 5 3 12 2 4 11
14 16 5 12 11 9 13 15 4 7 10 2 6 1 3 8
11 15 3 2 4 5 1 7 6 12 14 8 16 9 13 10
1 8 4 6 2 3 10 12 16 9 11 13 5 15 7 14