16 16
10 2 3 13 6 11 1 9 5 8 7 12 14 16 4 15
14 11 6 1 16 15 5 4 2 10 9 3 12 8 7 13
16 7 12 9 14 8 3 10 6 15 4 13 11 2 5 1
5 15 8 4 2 12 7 13 1 16 11 14 6 10 3 9
11 12 5 15 1 4 13 6 16 3 8 9 7 14 2 10
3 10 4 14 11 16 9 7 15 13 12 2 1 6 8 5
9 13 1 7 3 2 8 14 10 6 5 4 16 12 15 11
8 6 2 16 15 10 12 5 14 11 1 7 13 3 9 4
6 16 7 5 9 3 2 15 12 4 13 1 8 11 10 14
2 1 13 11 5 6 4 12 8 14 15 10 3 9 16 7
15 4 14 3 10 1 16 8 7 9 2 11 5 13 12 6
12 8 9 10 13 7 14 11 3 5 16 6 15 4 1 2
13 14 11 2 12 5 15 3 4 1 10 16 9 7 6 8
4 3 15 8 7 9 6 2 11 12 14 5 10 1 13 16
7 9 16 6 8 14 10 1 13 2 3 15 4 5 11 12
1 5 10 12 4 13 11 16 9 7 6 8 2 15 14 3