16 16
3 9 13 4 1 6 8 15 16 12 10 7 11 14 2 5
5 11 10 15 12 2 3 13 9 14 4 6 16 7 1 8
2 7 6 12 14 4 16 9 11 5 1 8 15 13 10 3
1 16 14 8 11 10 5 7 13 15 2 3 4 12 9 6
9 8 12 16 13 1 15 10 6 7 5 2 3 4 11 14
13 3 4 14 2 9 11 6 10 8 12 1 7 5 15 16
10 6 1 5 4 3 7 14 15 16 9 11 2 8 12 13
7 15 11 2 8 5 12 16 3 13 14 4 1 9 6 10
14 13 7 10 15 16 1 8 2 6 11 12 5 3 4 9
12 1 9 6 3 13 10 2 5 4 8 15 14 16 7 11
15 4 8 11 6 14 9 5 7 3 16 10 12 2 13 1
16 2 5 3 7 11 4 12 14 1 13 9 10 6 8 15
8 5 15 1 10 12 13 3 4 9 7 14 6 11 16 2
6 14 3 7 16 8 2 11 12 10 15 13 9 1 5 4
11 12 16 13 9 15 6 4 1 2 3 5 8 10 14 7
4 10 2 9 5 7 14 1 8 11 6 16 13 15 3 12