16 16
1 15 11 13 7 3 12 4 16 9 5 10 6 8 2 14
3 12 6 16 14 8 10 13 1 2 11 7 15 9 4 5
5 10 14 4 11 16 2 9 3 6 15 8 7 1 13 12
8 2 7 9 1 15 6 5 4 13 14 12 10 11 16 3
11 9 10 2 6 7 4 16 5 12 3 15 8 14 1 13
15 16 5 3 2 12 14 11 13 1 8 4 9 7 10 6
13 6 8 14 9 1 15 10 2 7 16 11 12 5 3 4
7 4 12 1 5 13 8 3 6 10 9 14 16 2 15 11
4 14 16 15 13 2 3 7 8 5 6 1 11 12 9 10
10 7 13 5 16 14 9 12 11 15 4 2 1 3 6 8
6 3 1 12 10 4 11 8 7 14 13 9 2 15 5 16
2 11 9 8 15 6 5 1 12 16 10 3 13 4 14 7
12 8 4 6 3 9 16 14 15 11 2 13 5 10 7 1
16 13 15 11 8 10 7 2 14 4 1 5 3 6 12 9
9 5 2 7 4 11 1 6 10 3 12 16 14 13 8 15
14 1 3 10 12 5 13 15 9 8 7 6 4 16 11 2