16 16
2 14 16 12 1 8 7 13 11 10 4 3 9 6 5 15
11 7 3 4 16 9 2 5 6 14 1 15 12 8 10 13
8 9 5 6 3 4 15 10 13 2 16 12 7 1 11 14
13 15 10 1 6 11 12 14 8 9 7 5 3 16 2 4
5 16 15 13 14 3 11 1 9 6 12 8 2 7 4 10
3 1 4 9 5 15 6 8 16 7 10 2 13 14 12 11
7 11 6 8 10 12 9 2 3 4 14 13 5 15 16 1
14 2 12 10 7 13 16 4 5 15 11 1 8 9 6 3
15 3 11 5 4 2 1 7 12 8 6 10 14 13 9 16
10 12 1 7 11 16 13 6 14 3 5 9 4 2 15 8
6 8 2 16 15 14 3 9 4 1 13 11 10 5 7 12
9 4 13 14 8 5 10 12 15 16 2 7 1 11 3 6
12 6 14 3 9 1 5 16 2 13 15 4 11 10 8 7
1 10 8 2 13 6 4 3 7 11 9 16 15 12 14 5
16 5 7 11 2 10 8 15 1 12 3 14 6 4 13 9
4 13 9 15 12 7 14 11 10 5 8 6 16 3 1 2