16 16
1 10 11 3 13 4 7 9 12 14 2 5 15 8 16 6
9 13 14 16 2 1 6 5 4 8 15 3 11 12 10 7
12 2 7 4 16 8 14 15 10 9 11 6 1 3 5 13
8 15 5 6 10 3 11 12 16 7 1 13 2 9 14 4
16 9 2 11 6 5 4 3 14 13 8 1 10 7 12 15
14 4 10 13 15 2 12 1 9 3 16 7 5 11 6 8
7 3 8 1 9 10 16 11 15 6 5 12 13 2 4 14
6 5 12 15 7 14 13 8 2 10 4 11 9 1 3 16
11 6 13 9 8 7 3 16 1 5 12 4 14 10 15 2
10 7 3 14 4 11 5 2 6 15 9 8 12 16 13 1
2 1 15 5 12 6 9 14 13 11 10 16 8 4 7 3
4 12 16 8 1 15 10 13 3 2 7 14 6 5 9 11
3 16 6 10 5 9 2 7 8 1 13 15 4 14 11 12
13 11 1 2 3 12 15 10 7 4 14 9 16 6 8 5
5 8 4 12 14 13 1 6 11 16 3 10 7 15 2 9
15 14 9 7 11 16 8 4 5 12 6 2 3 13 1 10