16 16
11 12 14 9 1 13 16 5 2 6 10 8 7 15 3 4
16 4 3 13 9 8 10 11 7 15 1 14 5 12 6 2
8 10 6 1 15 7 2 4 3 13 12 5 16 11 14 9
7 2 15 5 6 3 14 12 11 4 9 16 13 8 10 1
5 13 11 14 2 6 8 7 10 1 3 12 4 16 9 15
9 8 4 15 11 5 12 13 6 16 7 2 14 10 1 3
10 16 2 12 14 1 3 9 4 5 15 13 11 6 7 8
1 6 7 3 16 15 4 10 8 14 11 9 12 2 13 5
12 9 10 4 13 16 5 14 15 8 2 1 3 7 11 6
15 14 5 6 10 11 9 1 16 7 13 3 2 4 8 12
2 1 8 11 3 12 7 15 14 10 4 6 9 5 16 13
3 7 13 16 4 2 6 8 12 9 5 11 1 14 15 10
14 3 1 10 7 9 15 16 5 12 8 4 6 13 2 11
6 15 9 8 12 4 11 2 13 3 14 7 10 1 5 16
13 5 12 2 8 14 1 6 9 11 16 10 15 3 4 7
4 11 16 7 5 10 13 3 1 2 6 15 8 9 12 14