16 16
5 15 4 8 11 12 9 14 10 2 1 6 16 7 13 3
10 2 16 12 13 4 6 15 7 11 3 9 8 14 5 1
7 11 14 13 16 3 10 1 12 15 5 8 4 6 9 2
3 1 9 6 8 2 5 7 14 13 16 4 12 10 11 15
8 12 3 9 14 5 11 10 13 4 2 1 7 15 6 16
16 10 6 11 2 1 7 3 5 9 8 15 14 13 4 12
15 13 1 7 12 9 8 4 6 16 14 11 5 2 3 10
4 14 2 5 15 13 16 6 3 7 10 12 1 9 8 11
6 9 12 10 4 7 3 13 16 1 15 14 11 8 2 5
11 5 13 15 6 16 12 8 2 10 4 7 3 1 14 9
14 3 8 2 10 15 1 9 11 12 13 5 6 4 16 7
1 4 7 16 5 14 2 11 9 8 6 3 10 12 15 13
2 16 10 3 7 6 4 5 15 14 12 13 9 11 1 8
13 8 5 14 1 11 15 12 4 3 9 10 2 16 7 6
9 7 15 1 3 10 14 2 8 6 11 16 13 5 12 4
12 6 11 4 9 8 13 16 1 5 7 2 15 3 10 14