16 16
8 9 7 14 10 13 3 2 16 4 12 15 11 6 1 5
4 16 6 15 1 14 9 12 5 10 11 13 7 8 2 3
2 5 12 3 8 15 11 16 9 7 6 1 4 13 10 14
13 10 11 1 7 6 4 5 8 3 2 14 16 9 12 15
9 3 14 5 2 7 6 4 1 11 16 10 13 12 15 8
11 6 15 12 5 16 1 10 7 8 13 2 3 14 9 4
1 7 10 13 12 3 8 15 14 5 9 4 2 11 6 16
16 2 4 8 14 11 13 9 6 12 15 3 10 5 7 1
3 1 13 10 4 5 15 6 12 2 14 16 8 7 11 9
12 8 9 6 16 2 14 11 4 1 7 5 15 3 13 10
7 4 2 16 9 12 10 13 3 15 8 11 14 1 5 6
14 15 5 11 3 1 7 8 13 6 10 9 12 16 4 2
6 11 8 4 15 9 5 14 2 13 3 7 1 10 16 12
10 14 1 7 13 4 16 3 15 9 5 12 6 2 8 11
5 13 16 2 11 8 12 1 10 14 4 6 9 15 3 7
15 12 3 9 6 10 2 7 11 16 1 8 5 4 14 13