16 16
11 1 5 13 16 14 2 3 15 8 4 12 10 9 6 7
12 2 6 3 4 15 7 5 11 16 9 10 13 8 14 1
15 14 9 8 10 11 6 12 13 7 1 2 4 3 5 16
10 4 16 7 1 9 8 13 14 5 6 3 15 12 11 2
9 13 1 10 3 4 14 7 8 2 15 6 16 11 12 5
7 16 2 12 15 8 11 6 1 3 5 9 14 4 13 10
3 15 4 11 2 12 5 10 16 14 13 7 9 6 1 8
6 5 8 14 13 16 1 9 12 10 11 4 3 7 2 15
8 7 12 4 11 2 9 15 10 6 16 13 1 5 3 14
14 6 13 5 7 1 3 16 4 11 12 8 2 15 10 9
16 10 15 2 6 5 12 4 3 9 14 1 8 13 7 11
1 3 11 9 14 13 10 8 7 15 2 5 12 16 4 6
4 9 7 1 5 3 15 14 2 12 8 11 6 10 16 13
2 11 10 15 9 6 4 1 5 13 3 16 7 14 8 12
5 8 14 16 12 10 13 2 6 4 7 15 11 1 9 3
13 12 3 6 8 7 16 11 9 1 10 14 5 2 15 4