16 16
14 10 2 7 12 8 4 15 11 16 5 6 3 13 9 1
4 12 1 6 2 13 14 9 8 15 3 10 16 11 7 5
13 8 16 3 6 1 11 5 4 9 2 7 10 14 15 12
9 15 11 5 10 16 7 3 14 1 13 12 4 8 2 6
3 2 15 11 9 10 16 1 12 6 14 5 7 4 13 8
16 4 5 10 7 11 15 2 3 13 8 1 14 6 12 9
12 7 6 14 13 3 5 8 2 4 9 15 1 16 11 10
8 1 9 13 14 6 12 4 7 10 11 16 5 15 3 2
6 16 12 2 3 15 1 13 10 8 4 11 9 7 5 14
15 9 14 8 5 4 2 16 13 7 6 3 12 10 1 11
11 3 10 4 8 12 9 7 15 5 1 14 6 2 16 13
7 5 13 1 11 14 10 6 16 2 12 9 15 3 8 4
5 6 4 12 16 2 13 14 9 3 7 8 11 1 10 15
1 14 7 16 15 5 8 11 6 12 10 13 2 9 4 3
2 13 3 15 1 9 6 10 5 11 16 4 8 12 14 7
10 11 8 9 4 7 3 12 1 14 15 2 13 5 6 16