16 16
15 13 9 2 6 10 12 7 16 1 8 11 5 4 3 14
4 7 14 6 3 2 11 13 5 12 15 10 1 16 9 8
8 5 12 11 9 16 14 1 4 13 6 3 2 15 10 7
3 10 16 1 4 8 15 5 7 2 14 9 11 13 6 12
6 4 10 7 12 1 3 16 13 11 9 15 14 8 5 2
12 11 2 16 14 5 13 9 8 6 3 4 10 1 7 15
1 3 13 9 8 15 4 2 14 5 10 7 6 12 11 16
14 8 5 15 10 7 6 11 2 16 12 1 3 9 13 4
16 14 4 5 2 13 8 10 9 7 1 6 15 11 12 3
7 1 3 13 11 9 5 12 15 8 2 14 16 10 4 6
9 2 15 10 16 3 1 6 11 4 13 12 7 14 8 5
11 12 6 8 15 4 7 14 10 3 5 16 9 2 1 13
5 15 11 12 7 14 10 8 6 9 4 2 13 3 16 1
10 16 8 4 13 11 2 3 1 15 7 5 12 6 14 9
13 6 7 14 1 12 9 15 3 10 16 8 4 5 2 11
2 9 1 3 5 6 16 4 12 14 11 13 8 7 15 10