16 16
12 11 7 16 14 3 5 15 8 10 1 2 9 13 6 4
4 2 8 9 16 7 6 10 5 13 15 12 1 11 14 3
5 10 3 14 11 1 8 13 6 16 9 4 2 12 7 15
6 1 15 13 2 12 9 4 14 11 3 7 16 8 10 5
2 12 5 15 8 6 7 14 13 3 16 9 10 1 4 11
1 13 16 8 5 10 3 12 4 7 11 15 14 2 9 6
9 3 11 7 4 15 16 2 10 14 6 1 12 5 13 8
10 6 14 4 13 9 11 1 12 2 5 8 7 3 15 16
13 8 6 5 15 11 10 7 2 9 4 14 3 16 1 12
14 7 12 2 3 13 4 6 16 1 10 5 11 15 8 9
16 4 9 11 1 5 14 8 3 15 12 13 6 10 2 7
3 15 10 1 12 16 2 9 11 8 7 6 13 4 5 14
8 16 4 6 10 2 13 5 9 12 14 3 15 7 11 1
7 5 1 3 9 14 12 11 15 4 13 10 8 6 16 2
11 14 2 10 7 4 15 3 1 6 8 16 5 9 12 13
15 9 13 12 6 8 1 16 7 5 2 11 4 14 3 10