16 16
3 15 9 11 16 10 14 4 8 2 5 6 7 13 12 1
13 2 8 16 5 12 6 1 9 7 10 14 3 15 11 4
4 10 5 7 9 2 11 3 13 1 12 15 8 14 16 6
14 1 12 6 8 13 7 15 4 16 3 11 2 5 10 9
11 12 1 4 13 5 15 2 16 9 8 7 10 6 14 3
8 13 7 10 14 9 3 12 6 11 2 1 16 4 5 15
5 14 16 2 4 8 1 6 10 13 15 3 12 7 9 11
9 6 3 15 11 16 10 7 5 12 14 4 13 2 1 8
7 4 6 9 15 14 13 5 3 8 16 12 11 1 2 10
15 5 14 3 7 1 2 8 11 10 13 9 6 12 4 16
1 8 10 12 3 11 4 16 7 14 6 2 5 9 15 13
16 11 2 13 12 6 9 10 1 15 4 5 14 3 8 7
2 3 11 1 6 15 8 13 12 5 9 10 4 16 7 14
6 9 4 5 2 7 16 11 14 3 1 8 15 10 13 12
10 16 15 8 1 4 12 14 2 6 7 13 9 11 3 5
12 7 13 14 10 3 5 9 15 4 11 16 1 8 6 2