16 16
4 11 14 8 7 5 6 15 9 13 2 1 16 12 3 10
6 16 10 5 4 3 2 13 7 12 8 11 1 9 15 14
13 12 9 15 16 10 11 1 4 5 14 3 2 7 8 6
2 7 3 1 12 14 8 9 16 10 6 15 4 13 5 11
9 8 5 2 15 1 12 16 10 3 4 7 11 14 6 13
1 13 7 11 2 8 9 10 15 14 16 6 3 4 12 5
16 4 15 6 13 7 14 3 5 9 11 12 8 2 10 1
3 14 12 10 5 11 4 6 1 2 13 8 15 16 9 7
10 5 16 4 8 2 13 12 6 11 3 9 7 1 14 15
8 6 2 3 14 15 7 5 13 4 1 10 9 11 16 12
7 1 13 9 3 16 10 11 2 15 12 14 5 6 4 8
12 15 11 14 9 6 1 4 8 16 7 5 13 10 2 3
14 3 1 16 6 4 5 8 12 7 9 13 10 15 11 2
11 10 8 7 1 9 16 14 3 6 15 2 12 5 13 4
15 9 6 13 10 12 3 2 11 1 5 4 14 8 7 16
5 2 4 12 11 13 15 7 14 8 10 16 6 3 1 9