16 16
7 4 9 13 11 16 5 2 10 1 3 15 14 6 8 12
14 11 5 15 7 9 6 3 12 2 13 8 1 16 10 4
10 12 3 2 14 4 1 8 5 9 16 6 11 15 7 13
8 1 6 16 10 15 12 13 7 11 14 4 2 3 5 9
11 7 13 3 6 12 10 9 2 14 5 16 8 4 15 1
16 14 8 10 13 7 3 15 4 12 9 1 6 2 11 5
12 9 4 6 8 5 2 1 11 7 15 3 10 14 13 16
5 2 15 1 4 11 14 16 6 8 10 13 7 9 12 3
6 16 12 5 15 13 8 10 1 3 2 9 4 11 14 7
4 10 2 7 12 6 16 5 14 13 8 11 9 1 3 15
3 8 14 9 2 1 4 11 15 5 12 7 16 13 6 10
13 15 1 11 9 3 7 14 16 4 6 10 12 5 2 8
15 6 7 8 3 2 11 12 9 16 1 5 13 10 4 14
2 13 11 12 16 10 9 4 3 15 7 14 5 8 1 6
1 3 16 4 5 14 13 6 8 10 11 12 15 7 9 2
9 5 10 14 1 8 15 7 13 6 4 2 3 12 16 11