16 16
7 14 8 16 4 11 1 6 13 2 5 15 3 12 10 9
9 6 3 10 12 15 5 13 11 1 7 8 2 4 14 16
15 11 4 2 9 10 14 7 16 12 6 3 5 8 13 1
1 5 12 13 2 3 16 8 14 10 9 4 15 11 6 7
2 4 13 7 5 14 10 11 6 3 16 9 8 15 1 12
12 3 9 11 7 2 13 1 15 8 10 5 16 6 4 14
6 8 10 15 3 9 4 16 7 14 1 12 11 13 5 2
14 16 1 5 15 8 6 12 4 13 11 2 10 7 9 3
5 1 16 4 6 13 11 10 3 15 14 7 9 2 12 8
10 9 6 8 1 5 2 14 12 11 13 16 7 3 15 4
11 12 2 3 8 7 9 15 10 5 4 6 14 1 16 13
13 7 15 14 16 4 12 3 2 9 8 1 6 10 11 5
4 2 5 1 14 12 3 9 8 6 15 10 13 16 7 11
16 13 14 6 10 1 8 4 5 7 3 11 12 9 2 15
3 10 7 12 11 16 15 5 9 4 2 13 1 14 8 6
8 15 11 9 13 6 7 2 1 16 12 14 4 5 3 10