16 16
5 14 2 8 1 11 13 6 10 7 16 12 3 4 9 15
12 15 3 10 8 5 2 14 11 1 9 4 13 6 16 7
9 1 4 13 12 15 7 16 2 8 3 6 14 10 5 11
11 16 7 6 4 9 10 3 5 13 14 15 1 8 12 2
13 12 15 4 14 6 1 11 8 3 7 16 5 9 2 10
8 6 14 16 15 4 12 13 9 10 2 5 7 1 11 3
1 9 11 7 10 3 5 2 6 14 12 13 15 16 8 4
2 5 10 3 16 8 9 7 1 4 15 11 6 14 13 12
3 8 1 15 7 10 11 12 14 16 4 9 2 5 6 13
14 11 12 5 3 1 8 15 13 2 6 10 16 7 4 9
4 13 16 2 5 14 6 9 15 12 1 7 10 11 3 8
10 7 6 9 13 2 16 4 3 5 11 8 12 15 1 14
16 10 5 1 9 7 4 8 12 15 13 3 11 2 14 6
7 2 8 12 11 13 14 5 4 6 10 1 9 3 15 16
15 4 9 14 6 12 3 10 16 11 5 2 8 13 7 1
6 3 13 11 2 16 15 1 7 9 8 14 4 12 10 5