16 16
9 14 12 13 11 15 8 1 10 6 4 2 5 7 16 3
3 4 10 8 9 14 13 16 11 7 12 5 6 15 2 1
15 2 7 11 12 3 6 5 8 13 16 1 4 10 9 14
5 6 1 16 10 2 7 4 9 14 3 15 13 12 8 11
1 11 14 12 5 9 4 7 16 15 8 6 10 3 13 2
8 5 3 7 16 11 15 13 4 1 2 10 14 9 12 6
6 10 4 15 1 12 3 2 13 11 9 14 16 5 7 8
13 9 16 2 8 6 14 10 7 12 5 3 15 11 1 4
10 3 5 9 15 8 12 6 1 4 7 16 2 14 11 13
12 1 15 6 3 16 5 14 2 9 13 11 7 8 4 10
11 8 13 4 7 1 2 9 6 10 14 12 3 16 5 15
7 16 2 14 13 4 10 11 3 5 15 8 12 1 6 9
14 12 9 5 4 7 11 8 15 2 10 13 1 6 3 16
16 13 11 3 2 5 1 15 14 8 6 7 9 4 10 12
2 7 6 1 14 10 9 3 12 16 11 4 8 13 15 5
4 15 8 10 6 13 16 12 5 3 1 9 11 2 14 7