16 16
15 7 2 6 16 12 13 3 4 8 5 11 1 9 10 14
1 11 8 9 2 7 5 4 13 14 10 6 16 15 3 12
3 14 10 4 15 11 9 6 7 16 12 1 5 2 13 8
16 12 5 13 14 10 8 1 9 2 3 15 7 11 4 6
10 16 12 15 6 3 7 11 1 4 9 14 8 13 5 2
11 9 1 14 10 16 4 13 12 5 2 8 3 7 6 15
7 13 4 3 9 5 2 8 10 15 6 16 14 12 1 11
5 2 6 8 1 15 12 14 11 13 7 3 10 4 16 9
4 3 16 12 8 13 11 7 15 10 1 2 6 14 9 5
2 1 15 10 3 6 16 5 14 11 4 9 12 8 7 13
13 5 9 7 4 1 14 2 16 6 8 12 15 3 11 10
8 6 14 11 12 9 10 15 3 7 13 5 4 1 2 16
14 8 13 16 7 2 3 12 6 1 11 10 9 5 15 4
6 4 3 1 5 8 15 16 2 9 14 13 11 10 12 7
12 10 7 2 11 14 6 9 5 3 15 4 13 16 8 1
9 15 11 5 13 4 1 10 8 12 16 7 2 6 14 3