16 16
12 5 8 16 4 10 1 9 2 13 11 3 14 7 6 15
11 15 9 7 8 5 16 12 14 4 1 6 13 3 2 10
10 13 14 1 15 6 3 2 12 8 9 7 4 16 5 11
4 2 3 6 13 11 7 14 15 16 10 5 12 9 1 8
6 16 15 4 3 2 11 7 9 14 12 1 8 10 13 5
5 12 11 9 10 8 15 1 7 6 16 13 2 14 4 3
8 3 7 13 6 16 14 4 10 5 2 11 1 12 15 9
1 10 2 14 9 12 5 13 4 15 3 8 16 11 7 6
7 14 5 10 11 15 8 6 16 9 4 2 3 1 12 13
13 8 16 3 7 14 12 10 11 1 5 15 6 2 9 4
9 4 1 15 5 13 2 3 6 7 14 12 10 8 11 16
2 6 12 11 1 9 4 16 13 3 8 10 5 15 14 7
3 7 6 5 16 4 9 8 1 2 15 14 11 13 10 12
15 1 13 2 12 7 10 5 8 11 6 16 9 4 3 14
14 9 10 8 2 3 13 11 5 12 7 4 15 6 16 1
16 11 4 12 14 1 6 15 3 10 13 9 7 5 8 2