16 16
7 13 1 11 3 8 6 15 16 5 10 2 4 9 12 14
5 8 15 12 7 2 14 1 13 4 11 9 16 10 3 6
3 10 2 4 12 13 9 16 15 8 14 6 1 7 5 11
14 6 9 16 11 10 4 5 12 1 3 7 8 13 2 15
11 16 10 8 6 1 2 9 5 13 12 4 3 14 15 7
12 14 5 13 4 16 7 3 2 9 15 1 6 8 11 10
2 1 6 3 14 12 15 11 7 16 8 10 5 4 13 9
9 15 4 7 8 5 13 10 14 3 6 11 12 16 1 2
15 3 8 10 1 9 12 6 4 2 7 14 13 11 16 5
6 5 14 1 10 7 8 2 11 12 16 13 15 3 9 4
4 11 13 9 15 3 16 14 8 6 1 5 10 2 7 12
16 12 7 2 5 4 11 13 3 10 9 15 14 1 6 8
13 4 12 6 9 15 10 8 1 7 2 16 11 5 14 3
10 2 3 14 13 6 1 12 9 11 5 8 7 15 4 16
1 9 11 5 16 14 3 7 10 15 4 12 2 6 8 13
8 7 16 15 2 11 5 4 6 14 13 3 9 12 10 1