16 16
5 9 11 14 3 15 8 10 12 13 4 7 6 16 1 2
10 12 4 16 9 14 5 13 15 2 6 1 8 3 7 11
6 2 7 8 4 11 16 1 9 10 3 14 13 12 5 15
15 13 3 1 7 12 6 2 11 8 5 16 10 14 9 4
14 6 1 10 11 9 7 5 3 12 15 8 4 13 2 16
2 3 9 7 8 4 12 14 10 5 16 13 1 15 11 6
4 15 5 13 1 3 10 16 7 6 11 2 14 8 12 9
16 8 12 11 15 13 2 6 1 9 14 4 5 7 3 10
11 5 15 4 12 7 3 8 16 1 2 10 9 6 14 13
8 14 16 2 5 1 11 4 13 7 9 6 3 10 15 12
13 1 6 9 16 10 14 15 5 11 12 3 7 2 4 8
12 7 10 3 6 2 13 9 4 14 8 15 11 1 16 5
1 11 13 12 14 8 15 3 2 4 10 5 16 9 6 7
3 10 2 15 13 5 1 11 6 16 7 9 12 4 8 14
9 16 8 5 2 6 4 7 14 3 13 12 15 11 10 1
7 4 14 6 10 16 9 12 8 15 1 11 2 5 13 3