12 12
3 4 4 2 2 3 5 4 3 1 4 3
3 4 4 2 2 3 4 3 4 2 5 2
3 3 3 4 2 4 2 4 2 4 5 2
3 3 3 4 3 2 3 1 5 3 5 3
1 2 2 9 12 12 13 13 14 14 15 16
1 3 3 9 11 17 17 18 18 19 15 16
4 4 8 8 11 24 22 22 21 19 20 20
5 7 7 10 10 24 23 23 21 33 33 34
5 6 27 27 26 25 25 31 32 32 35 34
43 6 28 28 26 29 30 31 37 37 35 36
43 42 42 41 40 29 30 39 39 38 38 36
44 44 45 41 40 46 47 47 48 48 49 50
51 51 45 52 52 46 53 54 55 55 49 50
56 57 57 58 59 59 53 54 60 61 61 63
56 64 64 58 65 66 66 67 60 62 62 63
68 68 69 69 65 70 70 67 71 71 72 72