12 12
5 5 4 5 4 4 3 3 5 4 4 4
6 4 4 5 3 3 5 3 4 5 3 5
5 5 3 5 3 6 4 3 2 5 4 5
4 5 4 5 5 3 5 2 4 3 5 5
1 2 2 5 6 7 8 8 10 10 11 12
1 3 4 5 6 7 9 9 13 14 11 12
16 3 4 18 19 19 21 21 13 14 15 15
16 17 17 18 20 20 22 22 23 24 25 26
27 27 28 29 29 31 31 33 23 24 25 26
37 38 28 30 30 32 32 33 34 34 35 36
37 38 40 41 42 43 44 45 46 46 35 36
39 39 40 41 42 43 44 45 47 47 48 49
50 51 52 53 53 55 55 56 57 58 48 49
50 51 52 54 54 61 62 56 57 58 59 60
63 63 65 65 67 61 62 69 70 71 59 60
64 64 66 66 67 68 68 69 70 71 72 72