12 12
-1 -1 5 -1 6 -1 5 3 5 6 5 6
-1 -1 -1 2 5 -1 -1 5 5 5 6 5
6 5 6 -1 -1 4 5 4 -1 -1 5 -1
5 6 4 -1 5 -1 -1 3 -1 5 -1 3
1 1 2 2 3 4 4 5 6 6 7 7
8 9 10 11 3 12 13 5 14 14 15 16
8 9 10 11 17 12 13 18 18 19 15 16
20 20 21 21 17 22 22 23 23 19 24 25
26 26 27 28 29 29 30 30 31 31 24 25
32 32 27 28 33 34 34 35 35 36 37 38
39 39 40 40 33 41 41 42 42 36 37 38
43 44 44 45 46 46 47 47 48 49 50 51
43 52 53 45 54 54 55 56 48 49 50 51
57 52 53 58 59 60 55 56 61 61 62 62
57 63 63 58 59 60 64 65 66 66 67 67
68 68 69 69 70 70 64 65 71 71 72 72