12 12
5 -1 -1 -1 4 -1 -1 6 -1 -1 2 -1
6 5 -1 -1 -1 3 -1 5 -1 -1 -1 -1
6 5 5 5 -1 4 6 4 4 6 -1 5
6 -1 4 6 -1 -1 5 6 -1 5 -1 6
1 1 2 3 3 4 4 5 6 6 7 7
8 8 2 9 9 10 10 5 11 11 12 13
14 15 16 16 17 18 18 19 19 20 12 13
14 15 21 22 17 23 23 24 25 20 26 26
27 28 21 22 29 30 30 24 25 31 31 32
27 28 33 33 29 34 34 35 35 36 36 32
37 37 38 38 39 40 40 41 41 42 43 44
45 46 47 47 39 48 49 50 50 42 43 44
45 46 51 51 52 48 49 53 54 54 55 55
56 57 57 58 52 59 59 53 60 60 61 61
56 62 62 58 63 64 65 66 67 68 68 69
70 70 71 71 63 64 65 66 67 72 72 69