12 12
-1 5 2 -1 3 5 5 6 5 5 4 6
4 -1 -1 3 -1 -1 5 -1 -1 -1 4 6
-1 5 -1 6 -1 -1 -1 6 -1 -1 -1 6
-1 5 1 4 -1 -1 -1 -1 4 -1 -1 6
1 2 3 3 4 4 5 6 7 7 8 9
1 2 10 10 11 12 5 6 13 13 8 9
14 14 15 15 11 12 16 16 17 17 18 18
19 19 20 21 22 23 23 24 25 25 26 27
28 29 20 21 22 30 31 24 32 33 26 27
28 29 34 35 36 30 31 37 32 33 38 38
39 40 34 35 36 41 41 37 42 43 43 44
39 40 45 46 46 47 48 49 42 50 50 44
51 52 45 53 53 47 48 49 54 55 56 57
51 52 58 58 59 59 60 60 54 55 56 57
61 62 62 63 63 64 64 65 66 67 68 68
61 69 69 70 70 71 71 65 66 67 72 72