12 12
-1 -1 -1 -1 2 5 5 -1 4 6 -1 6
5 5 -1 4 -1 -1 -1 -1 6 5 -1 -1
6 -1 5 -1 -1 6 3 -1 5 6 5 5
6 -1 4 -1 3 6 4 -1 5 5 5 -1
1 1 2 2 3 4 4 5 5 6 7 8
9 10 11 12 3 13 13 14 14 6 7 8
9 10 11 12 15 16 17 17 18 19 20 20
21 21 22 22 15 16 23 23 18 19 24 24
25 26 26 27 28 28 29 29 30 30 31 32
25 33 33 27 34 35 36 37 37 38 31 32
39 39 40 40 34 35 36 41 42 38 43 44
45 46 47 48 49 49 50 41 42 51 43 44
45 46 47 48 52 53 50 54 54 51 55 55
56 56 57 58 52 53 59 60 61 62 62 63
64 65 57 58 66 66 59 60 61 67 67 63
64 65 68 68 69 69 70 70 71 71 72 72