12 12
5 5 - - - 4 5 - 4 4 - -
6 - 4 5 - - - 5 5 6 4 -
4 - - - - 5 - 5 5 3 - -
6 - 6 4 - 5 3 6 4 - - 5
1 1 2 3 4 5 5 6 6 7 8 8
9 10 2 3 4 11 11 12 13 7 14 14
9 10 15 15 16 17 17 12 13 18 18 19
20 20 21 21 16 22 22 23 23 24 24 19
25 26 27 27 28 29 30 30 31 31 32 32
25 26 33 34 28 29 35 35 36 36 37 38
39 39 33 34 40 40 41 41 42 42 37 38
43 44 44 45 45 46 46 47 47 48 49 49
43 50 50 51 51 52 53 53 54 48 55 56
57 57 58 58 59 52 60 60 54 61 55 56
62 62 63 63 59 64 64 65 65 61 66 67
68 68 69 69 70 70 71 71 72 72 66 67