12 12
6 3 5 - 6 - 6 - - 5 5 4
5 5 - - 5 - 5 3 4 - - 3
- - 6 - - - 6 2 5 - 5 5
5 5 5 4 - 5 5 4 5 - - 4
1 2 2 3 3 4 4 5 6 7 7 8
1 9 10 10 11 11 12 5 6 13 13 8
14 9 15 15 16 16 12 17 18 18 19 20
14 21 21 22 22 23 23 17 24 24 19 20
25 26 27 27 28 29 29 30 31 31 32 32
25 26 33 34 28 35 35 30 36 36 37 37
38 38 33 34 39 39 40 40 41 42 42 43
44 45 45 46 47 47 48 48 41 49 50 43
44 51 52 46 53 53 54 55 56 49 50 57
58 51 52 59 60 61 54 55 56 62 62 57
58 63 63 59 60 61 64 65 66 66 67 67
68 68 69 69 70 70 64 65 71 71 72 72