12 12
6 - 5 - 5 5 6 - 3 5 5 5
5 5 - - - - - - 3 - - 6
5 - - 5 - 4 - 5 6 - - -
4 6 - - - - 0 6 - - 4 5
1 1 2 3 3 4 5 5 6 7 8 8
9 10 2 11 11 4 12 12 6 7 13 14
9 10 15 15 16 17 18 19 20 21 13 14
22 22 23 24 16 17 18 19 20 21 25 26
27 28 23 24 29 30 31 32 33 33 25 26
27 28 34 34 29 30 31 32 35 36 37 38
39 40 41 41 42 42 43 43 35 36 37 38
39 40 44 44 45 46 47 47 48 49 49 50
51 51 52 53 45 46 54 55 48 56 56 50
57 58 52 53 59 60 54 55 61 61 62 62
57 58 63 63 59 60 64 65 65 66 66 67
68 68 69 69 70 70 64 71 71 72 72 67