12 12
5 - 4 6 - - 4 - 3 5 5 6
4 - - 4 6 5 - - - 5 6 5
4 4 5 - 4 - 5 6 - 6 5 6
- 4 - - - 4 - - 5 - 5 5
1 1 2 2 3 3 4 4 5 6 6 7
8 8 9 9 10 10 11 11 5 12 13 7
14 14 15 16 16 17 18 19 19 12 13 20
21 22 15 23 24 17 18 25 26 27 27 20
21 22 28 23 24 29 29 25 26 30 31 31
32 32 28 33 34 35 36 36 37 30 38 38
39 40 41 33 34 35 42 43 37 44 45 45
39 40 41 46 47 47 42 43 48 44 49 49
50 51 51 46 52 52 53 53 48 54 54 55
50 56 56 57 58 58 59 59 60 61 61 55
62 62 63 57 64 64 65 65 60 66 66 67
68 68 63 69 69 70 70 71 71 72 72 67