12 12
5 3 5 - - - 5 3 5 - - 6
5 - - - 6 - 6 - 4 - 5 6
- 5 - - 5 6 6 - - - 5 5
4 - - 3 4 5 6 - 4 5 6 -
1 1 2 2 3 4 4 5 6 6 7 7
8 8 9 9 3 10 11 5 12 13 13 14
15 15 16 17 17 10 11 18 12 19 19 14
20 21 16 22 22 23 24 18 25 25 26 26
20 21 27 28 28 23 24 29 29 30 30 31
32 32 27 33 33 34 35 35 36 37 37 31
38 39 39 40 41 34 42 42 36 43 44 44
38 45 45 40 41 46 46 47 47 43 48 48
49 49 50 50 51 51 52 52 53 53 54 55
56 57 58 58 59 59 60 60 61 61 54 55
56 57 62 62 63 64 65 65 66 67 67 68
69 69 70 70 63 64 71 71 66 72 72 68