12 12
6 - 4 5 5 - 5 - 2 6 5 6
- - 4 6 6 5 - - - 4 - 5
6 4 - 6 - 4 - - 4 6 - 5
- - 4 6 - - - 5 - 5 - -
1 1 2 3 4 5 5 6 6 7 7 8
9 10 2 3 4 11 11 12 12 13 13 8
9 10 14 14 15 15 16 17 18 19 20 20
21 22 23 23 24 24 16 17 18 19 25 25
21 22 26 27 28 28 29 29 30 30 31 31
32 32 26 27 33 33 34 34 35 36 37 38
39 40 41 42 43 43 44 44 35 36 37 38
39 40 41 42 45 46 46 47 48 49 49 50
51 52 52 53 45 54 54 47 48 55 55 50
51 56 56 53 57 57 58 59 60 60 61 61
62 63 63 64 65 66 58 59 67 68 69 70
62 71 71 64 65 66 72 72 67 68 69 70