12 12
- - - - 6 2 - 4 2 - - 6
- - 6 - 5 - - - - 3 - 5
6 5 6 4 - - - 5 - 5 - 4
5 5 5 - 4 3 5 5 4 - - 5
1 1 2 2 3 3 4 5 5 6 6 7
8 8 9 9 10 10 4 11 12 13 13 7
14 15 15 16 17 17 18 11 12 19 19 20
14 21 21 16 22 22 18 23 23 24 24 20
25 25 26 26 27 28 28 29 30 30 31 31
32 33 34 34 27 35 36 29 37 37 38 38
32 33 39 39 40 35 36 41 41 42 43 44
45 46 47 47 40 48 49 49 50 42 43 44
45 46 51 52 52 48 53 53 50 54 54 55
56 56 51 57 58 59 60 61 61 62 62 55
63 64 65 57 58 59 60 66 66 67 68 69
63 64 65 70 70 71 71 72 72 67 68 69