12 12
- - 5 - - 5 5 5 1 4 - 6
5 5 6 - 4 6 - 6 - 5 - 6
5 - 3 5 4 - - - 5 - 4 -
6 - - 5 - - - - 5 - - -
1 1 2 2 3 4 5 5 6 6 7 7
8 9 9 10 3 4 11 12 12 13 13 14
8 15 16 10 17 17 11 18 18 19 19 14
20 15 16 21 21 22 22 23 24 24 25 25
20 26 27 28 29 30 30 23 31 32 32 33
34 26 27 28 29 35 35 36 31 37 37 33
34 38 38 39 39 40 40 36 41 42 43 43
44 44 45 45 46 47 48 49 41 42 50 50
51 52 53 54 46 47 48 49 55 55 56 56
51 52 53 54 57 57 58 58 59 59 60 60
61 62 62 63 63 64 65 66 67 68 69 69
61 70 70 71 71 64 65 66 67 68 72 72