12 12
4 5 - 6 6 6 - 4 - 4 5 5
- - - 5 6 5 4 4 4 4 - 6
5 - - 5 3 - - - - 3 - -
6 - 5 4 4 5 - - - 3 - -
1 1 2 2 3 3 4 4 5 6 7 8
9 9 10 11 11 12 13 14 5 6 7 8
15 15 10 16 17 12 13 14 18 18 19 19
20 21 21 16 17 22 22 23 23 24 24 25
20 26 27 28 28 29 30 30 31 32 33 25
34 26 27 35 35 29 36 36 31 32 33 37
34 38 38 39 40 41 42 43 44 45 46 37
47 47 48 39 40 41 42 43 44 45 46 49
50 51 48 52 52 53 53 54 54 55 55 49
50 51 56 56 57 57 58 59 60 60 61 61
62 63 64 65 65 66 58 59 67 67 68 68
62 63 64 69 69 66 70 70 71 71 72 72