12 12
- 5 4 - 3 - - 6 2 - - -
- - - 3 4 6 6 6 3 2 - -
4 6 - - - 4 5 - 4 - - 6
- 6 - 5 3 - 5 - 5 - - 5
1 2 2 3 4 4 5 5 6 6 7 7
1 8 8 3 9 10 10 11 12 13 14 14
15 16 17 17 9 18 18 11 12 13 19 19
15 16 20 20 21 21 22 22 23 24 25 25
26 26 27 28 28 29 30 30 23 24 31 31
32 32 27 33 33 29 34 34 35 36 36 37
38 39 40 40 41 42 43 43 35 44 44 37
38 39 45 45 41 42 46 46 47 48 48 49
50 51 51 52 52 53 54 54 47 55 55 49
50 56 56 57 57 53 58 59 59 60 61 61
62 63 64 65 66 66 58 67 67 60 68 69
62 63 64 65 70 70 71 71 72 72 68 69