12 12
5 - 3 - - 2 5 5 5 2 - 5
- - - - - 0 - - 4 - - -
4 6 5 - 5 6 5 4 5 3 - 3
- 5 - - - 5 6 - - - - 4
1 2 2 3 4 5 6 6 7 8 9 10
1 11 11 3 4 5 12 13 7 8 9 10
14 15 16 16 17 17 12 13 18 18 19 19
14 15 20 21 21 22 22 23 23 24 24 25
26 26 20 27 27 28 29 29 30 31 32 25
33 34 34 35 35 28 36 36 30 31 32 37
33 38 39 40 40 41 42 42 43 43 44 37
45 38 39 46 47 41 48 48 49 49 44 50
45 51 51 46 47 52 52 53 53 54 55 50
56 56 57 57 58 58 59 59 60 54 55 61
62 63 63 64 65 66 66 67 60 68 68 61
62 69 69 64 65 70 70 67 71 71 72 72