12 12
6 - 5 4 6 2 5 5 6 - 4 -
5 - - - - - - - 4 - 5 -
6 5 - 5 - 5 - - 3 6 - -
5 5 5 - - - 4 - - 6 - 5
1 2 2 3 3 4 4 5 5 6 7 7
1 8 9 9 10 10 11 11 12 6 13 13
14 8 15 15 16 16 17 17 12 18 18 19
14 20 20 21 22 23 24 25 26 27 27 19
28 29 29 21 22 23 24 25 26 30 30 31
28 32 32 33 34 34 35 36 36 37 37 31
38 38 39 33 40 41 35 42 43 43 44 44
45 45 39 46 40 41 47 42 48 48 49 49
50 50 51 46 52 52 47 53 53 54 54 55
56 56 51 57 58 59 59 60 60 61 61 55
62 63 64 57 58 65 65 66 67 68 68 69
62 63 64 70 70 71 71 66 67 72 72 69