12 12
- 5 - 3 - 5 6 5 5 - 4 3
5 6 4 5 4 6 4 6 - - - -
- 4 - 3 6 5 - 4 5 6 5 6
- - 5 2 5 6 - 3 - 6 6 5
1 2 3 3 4 5 6 6 7 8 8 9
1 2 10 10 4 5 11 11 7 12 12 9
13 14 15 16 16 17 18 19 20 21 21 22
13 14 15 23 23 17 18 19 20 24 24 22
25 26 27 28 29 29 30 30 31 32 33 34
25 26 27 28 35 35 36 36 31 32 33 34
37 37 38 39 39 40 41 41 42 42 43 43
44 45 38 46 46 40 47 47 48 48 49 49
44 45 50 50 51 52 52 53 53 54 54 55
56 57 57 58 51 59 59 60 61 61 62 55
56 63 63 58 64 64 65 60 66 66 62 67
68 68 69 69 70 70 65 71 71 72 72 67