12 12
- 3 5 3 6 6 5 2 4 - 3 -
5 - - 3 6 - - 1 4 - - -
4 5 - - 5 - 6 4 - - 4 6
- 5 - 2 - - 5 - - - 4 6
1 1 2 2 3 3 4 4 5 5 6 6
7 8 9 10 11 12 13 14 14 15 15 16
7 8 9 10 11 12 13 17 17 18 18 16
19 19 20 21 22 22 23 23 24 24 25 25
26 26 20 21 27 28 28 29 29 30 31 31
32 32 33 33 27 34 34 35 35 30 36 36
37 38 39 39 40 40 41 42 43 43 44 44
37 38 45 45 46 46 41 42 47 48 49 49
50 51 51 52 52 53 53 54 47 48 55 55
50 56 57 58 58 59 59 54 60 60 61 62
63 56 57 64 65 66 66 67 68 68 61 62
63 69 69 64 65 70 70 67 71 71 72 72