12 12
- 6 5 5 - 4 2 - 4 6 6 6
5 6 - 6 - - 3 - - 6 - 6
5 6 - - 3 6 - 5 3 6 - 6
6 5 - 3 - - 6 - 4 4 - 5
1 2 3 4 4 5 6 7 8 9 10 10
1 2 3 11 11 5 6 7 8 9 12 13
14 15 16 16 17 18 19 20 20 21 12 13
14 15 22 23 17 18 19 24 25 21 26 27
28 28 22 23 29 30 31 24 25 32 26 27
33 33 34 35 29 30 31 36 37 32 38 38
39 39 34 35 40 41 41 36 37 42 42 43
44 45 45 46 40 47 47 48 48 49 49 43
44 50 50 46 51 52 52 53 53 54 55 55
56 56 57 58 51 59 59 60 61 54 62 62
63 63 57 58 64 64 65 60 61 66 67 68
69 69 70 70 71 71 65 72 72 66 67 68