12 12
4 4 4 6 5 5 4 6 3 4 5 6
4 4 4 5 6 5 6 4 4 3 6 5
6 5 4 5 4 4 5 4 2 5 6 6
4 6 3 4 5 5 6 4 2 5 6 6
1 2 2 3 3 4 4 5 6 7 7 8
1 9 10 11 11 12 12 5 6 13 13 8
14 9 10 15 16 16 17 17 18 18 19 19
14 20 21 15 22 23 23 24 24 25 26 26
27 20 21 28 22 29 29 30 31 25 32 32
27 33 34 28 35 35 36 30 31 37 38 39
40 33 34 41 41 42 36 43 44 37 38 39
40 45 45 46 46 42 47 43 44 48 49 50
51 52 52 53 54 55 47 56 56 48 49 50
51 57 57 53 54 55 58 58 59 59 60 61
62 63 63 64 64 65 66 67 68 69 60 61
62 70 70 71 71 65 66 67 68 69 72 72