12 12
5 4 3 5 1 5 3 6 5 4 5 5
4 5 4 4 5 2 4 3 6 4 5 5
5 4 5 3 4 5 5 6 2 4 5 3
4 5 3 4 5 4 6 6 1 4 4 5
1 2 3 3 4 4 5 5 6 6 7 7
1 2 8 8 9 9 10 10 11 11 12 13
14 15 15 16 17 17 18 18 19 20 12 13
14 21 21 16 22 22 23 24 19 20 25 26
27 28 29 29 30 30 23 24 31 31 25 26
27 28 32 33 34 35 35 36 36 37 37 38
39 40 32 33 34 41 41 42 42 43 43 38
39 40 44 44 45 46 47 47 48 48 49 49
50 50 51 52 45 46 53 54 54 55 55 56
57 58 51 52 59 59 53 60 60 61 62 56
57 58 63 63 64 64 65 66 66 61 62 67
68 68 69 69 70 70 65 71 71 72 72 67