12 12
4 4 5 5 5 4 5 5 6 4 5 5
4 5 4 5 4 5 5 6 5 5 4 5
5 5 4 6 5 6 5 4 2 5 4 6
6 4 5 5 6 5 5 4 3 4 5 5
1 2 2 3 3 4 4 5 6 6 7 7
1 8 8 9 9 10 10 5 11 12 12 13
14 14 15 16 17 17 18 18 11 19 19 13
20 20 15 16 21 21 22 22 23 23 24 24
25 25 26 26 27 28 28 29 29 30 31 31
32 32 33 33 27 34 34 35 35 30 36 37
38 38 39 39 40 40 41 42 43 43 36 37
44 45 45 46 47 48 41 42 49 49 50 50
44 51 51 46 47 48 52 53 53 54 54 55
56 57 57 58 59 60 52 61 61 62 63 55
56 64 64 58 59 60 65 65 66 62 63 67
68 68 69 69 70 70 71 71 66 72 72 67