12 12
5 3 5 5 3 5 3 6 4 6 5 6
5 3 5 6 2 4 4 5 6 5 6 5
6 5 6 5 5 3 0 6 5 6 4 5
4 6 5 5 5 4 3 5 6 4 6 3
1 2 2 3 3 4 4 5 6 6 7 7
1 8 9 9 10 11 11 5 12 13 14 15
16 8 17 17 10 18 18 19 12 13 14 15
16 20 20 21 22 22 23 19 24 25 26 26
27 28 28 21 29 30 23 31 24 25 32 33
27 34 34 35 29 30 36 31 37 37 32 33
38 39 39 35 40 40 36 41 41 42 43 43
38 44 45 45 46 47 47 48 48 42 49 50
51 44 52 53 46 54 55 55 56 56 49 50
51 57 52 53 58 54 59 60 61 61 62 62
63 57 64 64 58 65 59 60 66 67 67 68
63 69 69 70 70 65 71 71 66 72 72 68