12 12
3 5 4 5 4 6 4 6 5 4 2 6
4 3 5 5 6 5 4 5 6 3 3 5
5 5 5 6 3 4 1 3 5 6 5 6
4 4 6 5 4 4 3 2 6 5 5 6
1 1 2 3 4 4 5 6 7 7 8 8
9 9 2 3 10 11 5 6 12 13 13 14
15 16 17 18 10 11 19 19 12 20 21 14
15 16 17 18 22 23 23 24 25 20 21 26
27 28 28 29 22 30 30 24 25 31 31 26
27 32 33 29 34 35 35 36 37 38 39 39
40 32 33 41 34 42 42 36 37 38 43 44
40 45 45 41 46 47 48 48 49 49 43 44
50 51 52 52 46 47 53 54 54 55 55 56
50 51 57 58 58 59 53 60 61 62 63 56
64 64 57 65 65 59 66 60 61 62 63 67
68 68 69 69 70 70 66 71 71 72 72 67