12 12
6 6 3 2 3 5 3 6 5 6 3 6
6 6 4 2 4 3 5 5 6 4 5 4
6 4 4 2 5 4 6 4 4 5 4 6
4 5 5 3 4 5 5 5 3 5 5 5
1 2 2 3 3 4 5 6 7 7 8 8
1 9 9 10 10 4 5 6 11 12 13 13
14 14 15 15 16 16 17 17 11 12 18 18
19 20 20 21 21 22 23 24 24 25 26 27
19 28 28 29 29 22 23 30 30 25 26 27
31 32 32 33 34 34 35 35 36 36 37 37
31 38 38 33 39 39 40 41 42 42 43 43
44 44 45 46 47 47 40 41 48 48 49 49
50 51 45 46 52 52 53 53 54 54 55 55
50 51 56 56 57 58 59 59 60 61 61 62
63 63 64 64 57 58 65 66 60 67 67 62
68 68 69 69 70 70 65 66 71 71 72 72