12 12
5 5 6 5 5 2 3 5 6 5 6 4
5 5 6 6 4 3 2 5 5 6 4 6
3 5 5 5 5 5 5 6 5 5 2 6
4 5 5 4 6 5 5 5 6 4 3 5
1 2 3 4 4 5 5 6 6 7 7 8
1 2 3 9 10 10 11 12 13 13 14 8
15 16 16 9 17 17 11 12 18 18 14 19
15 20 21 21 22 23 23 24 24 25 25 19
26 20 27 27 22 28 29 30 31 31 32 32
26 33 34 35 36 28 29 30 37 38 38 39
40 33 34 35 36 41 42 42 37 43 43 39
40 44 44 45 45 41 46 46 47 48 49 49
50 51 51 52 52 53 54 54 47 48 55 55
50 56 57 57 58 53 59 59 60 60 61 61
62 56 63 63 58 64 64 65 66 66 67 67
62 68 68 69 69 70 70 65 71 71 72 72