12 12
3 3 6 2 5 4 6 6 4 5 3 6
4 2 5 3 4 5 6 6 4 4 5 5
4 5 6 1 5 4 2 5 5 5 5 6
4 6 4 3 4 4 4 5 5 3 6 5
1 1 2 2 3 4 5 6 7 7 8 8
9 9 10 11 3 4 5 6 12 13 14 15
16 17 10 11 18 18 19 20 12 13 14 15
16 17 21 21 22 22 19 20 23 24 24 25
26 27 27 28 29 30 31 31 23 32 32 25
26 33 33 28 29 30 34 34 35 35 36 36
37 37 38 39 39 40 40 41 41 42 43 43
44 45 38 46 47 48 48 49 50 42 51 52
44 45 53 46 47 54 54 49 50 55 51 52
56 56 53 57 57 58 58 59 59 55 60 60
61 61 62 63 64 64 65 66 66 67 68 69
70 70 62 63 71 71 65 72 72 67 68 69