12 12
5 2 5 4 5 6 6 2 6 4 5 4
4 4 4 5 4 6 5 3 5 5 4 5
6 3 5 4 6 6 6 2 4 4 3 5
6 4 4 4 6 6 6 3 3 4 3 5
1 1 2 2 3 3 4 4 5 6 7 8
9 10 10 11 11 12 12 13 5 6 7 8
9 14 15 15 16 17 17 13 18 18 19 19
20 14 21 21 16 22 22 23 23 24 24 25
20 26 26 27 27 28 29 30 31 32 33 25
34 35 36 37 37 28 29 30 31 32 33 38
34 35 36 39 40 41 41 42 42 43 43 38
44 45 46 39 40 47 48 49 50 50 51 52
44 45 46 53 53 47 48 49 54 54 51 52
55 55 56 56 57 57 58 58 59 59 60 60
61 61 62 63 63 64 65 66 67 68 69 69
70 70 62 71 71 64 65 66 67 68 72 72