12 12
- 4 - 6 6 6 - - - 5 3 4
- - 2 - 6 5 4 3 5 5 - 5
- 5 - 6 - - 5 5 5 - 4 -
- - - - 5 4 6 - 5 - 4 4
1 2 3 3 4 4 5 5 6 6 7 7
1 2 8 9 9 10 10 11 11 12 12 13
14 14 8 15 16 17 18 18 19 20 21 13
22 23 23 15 16 17 24 25 19 20 21 26
22 27 27 28 28 29 24 25 30 30 31 26
32 32 33 33 34 29 35 35 36 36 31 37
38 38 39 39 34 40 40 41 41 42 42 37
43 43 44 44 45 45 46 47 47 48 49 49
50 51 52 53 53 54 46 55 55 48 56 56
50 51 52 57 58 54 59 59 60 60 61 62
63 64 64 57 58 65 66 66 67 67 61 62
63 68 68 69 69 65 70 70 71 71 72 72