12 12
5 6 - 4 - 5 - - - 6 6 5
6 5 - - - 5 - 3 4 6 - 6
- 6 - 6 - - - 3 4 5 - -
- 5 - - 4 - 5 4 5 4 3 6
1 1 2 2 3 3 4 4 5 5 6 6
7 8 9 10 10 11 11 12 12 13 13 14
7 8 9 15 15 16 17 17 18 18 19 14
20 20 21 22 23 16 24 24 25 25 19 26
27 27 21 22 23 28 28 29 29 30 31 26
32 33 34 35 36 37 38 38 39 30 31 40
32 33 34 35 36 37 41 41 39 42 42 40
43 43 44 45 45 46 47 47 48 48 49 49
50 50 44 51 52 46 53 53 54 55 56 56
57 58 59 51 52 60 60 61 54 55 62 62
57 58 59 63 63 64 64 61 65 66 67 68
69 69 70 70 71 71 72 72 65 66 67 68