12 12
5 2 3 3 - - 6 - 5 6 - -
5 1 - - - - 4 - 3 6 - 5
- - 5 4 - 5 5 1 5 4 - 4
- 5 6 4 - - 4 1 - - 4 -
1 1 2 3 3 4 4 5 5 6 6 7
8 8 2 9 10 10 11 11 12 12 13 7
14 15 15 9 16 16 17 18 18 19 13 20
14 21 22 22 23 24 17 25 25 19 26 20
27 21 28 28 23 24 29 30 31 31 26 32
27 33 34 34 35 36 29 30 37 37 38 32
39 33 40 40 35 36 41 41 42 42 38 43
39 44 45 45 46 46 47 48 48 49 49 43
50 44 51 51 52 52 47 53 53 54 55 55
50 56 56 57 57 58 58 59 59 54 60 60
61 62 62 63 64 64 65 65 66 67 68 68
61 69 69 63 70 70 71 71 66 67 72 72