12 12
- - - 4 5 4 - 6 3 - 3 6
5 6 6 4 4 - - 5 - 3 3 6
6 - - - - 5 5 - - - - 5
- - - 6 4 - 5 - - 3 5 5
1 1 2 3 4 5 6 7 7 8 9 9
10 11 2 3 4 5 6 12 12 8 13 13
10 11 14 14 15 16 17 17 18 18 19 19
20 21 21 22 15 16 23 23 24 25 25 26
20 27 27 22 28 29 30 30 24 31 31 26
32 33 34 34 28 29 35 35 36 36 37 38
32 33 39 39 40 40 41 41 42 42 37 38
43 44 45 45 46 46 47 47 48 48 49 49
43 44 50 51 52 53 53 54 55 55 56 56
57 58 50 51 52 59 59 54 60 60 61 61
57 58 62 62 63 64 64 65 66 66 67 68
69 69 70 70 63 71 71 65 72 72 67 68