12 12
4 4 4 4 4 - 4 6 - 4 - 5
5 5 3 - - - 5 5 - - 3 6
- 4 - 4 0 4 - - - 3 5 -
4 - 6 4 1 4 - - - 4 5 5
1 1 2 2 3 3 4 4 5 5 6 6
7 7 8 8 9 10 10 11 11 12 13 14
15 16 16 17 9 18 19 20 20 12 13 14
15 21 22 17 23 18 19 24 24 25 26 26
27 21 22 28 23 29 29 30 31 25 32 32
27 33 33 28 34 34 35 30 31 36 36 37
38 38 39 40 41 42 35 43 43 44 44 37
45 46 39 40 41 42 47 48 48 49 50 50
45 46 51 52 52 53 47 54 54 49 55 56
57 58 51 59 59 53 60 60 61 61 55 56
57 58 62 63 64 64 65 66 66 67 68 69
70 70 62 63 71 71 65 72 72 67 68 69