12 12
4 5 - 5 6 4 - - - 5 - 4
- 4 - 6 4 5 5 5 - 5 - -
- - 6 5 - 4 3 - 6 5 5 -
- - 5 4 - 4 4 5 6 - - 6
1 2 2 3 4 4 5 5 6 6 7 7
1 8 8 3 9 9 10 11 11 12 12 13
14 15 16 16 17 17 10 18 18 19 19 13
14 15 20 20 21 22 22 23 23 24 24 25
26 27 28 29 21 30 31 32 32 33 33 25
26 27 28 29 34 30 31 35 36 37 37 38
39 40 40 41 34 42 42 35 36 43 44 38
39 45 45 41 46 46 47 47 48 43 44 49
50 50 51 52 53 54 54 55 48 56 56 49
57 57 51 52 53 58 58 55 59 59 60 60
61 61 62 63 64 64 65 66 67 67 68 68
69 69 62 63 70 70 65 66 71 71 72 72