12 12
- 3 6 - - - 5 - 5 6 5 -
3 - 6 6 - 5 - 0 - - 6 6
- 4 - 3 5 5 5 4 5 - 6 -
- - - - 5 - - 5 4 - 5 -
1 1 2 2 3 4 5 5 6 6 7 7
8 9 10 10 3 4 11 11 12 13 13 14
8 9 15 16 16 17 17 18 12 19 19 14
20 20 15 21 21 22 23 18 24 25 25 26
27 27 28 28 29 22 23 30 24 31 31 26
32 32 33 33 29 34 35 30 36 37 38 38
39 40 40 41 41 34 35 42 36 37 43 44
39 45 45 46 47 47 48 42 49 49 43 44
50 51 52 46 53 53 48 54 55 56 56 57
50 51 52 58 58 59 59 54 55 60 61 57
62 63 63 64 64 65 65 66 66 60 61 67
62 68 68 69 69 70 70 71 71 72 72 67