12 12
4 4 5 - 5 - - - 4 5 - -
5 - - - 6 2 5 - 5 4 - 5
5 - 2 - 6 6 - 4 4 - 5 -
5 - - 6 6 5 - - 5 4 5 -
1 2 2 3 3 4 5 6 6 7 8 8
1 9 10 11 11 4 5 12 12 7 13 14
15 9 10 16 17 18 19 19 20 20 13 14
15 21 21 16 17 18 22 22 23 24 24 25
26 27 28 29 30 30 31 31 23 32 32 25
26 27 28 29 33 34 34 35 35 36 37 37
38 38 39 39 33 40 40 41 41 36 42 42
43 44 44 45 46 47 48 48 49 50 50 51
43 52 52 45 46 47 53 53 49 54 54 51
55 55 56 56 57 58 59 59 60 60 61 61
62 63 64 65 57 58 66 67 67 68 68 69
62 63 64 65 70 70 66 71 71 72 72 69