12 12
- - - - 5 6 - - 4 - 5 6
5 - 5 5 - - 6 4 - 5 5 6
5 - 6 5 6 6 - - 4 5 4 -
5 - 6 6 - 5 4 3 - 5 5 5
1 2 3 3 4 5 6 7 8 9 10 11
1 2 12 12 4 5 6 7 8 9 10 11
13 14 15 16 17 18 18 19 20 21 22 22
13 14 15 16 17 23 23 19 20 21 24 25
26 27 28 28 29 30 30 31 32 32 24 25
26 27 33 33 29 34 35 31 36 36 37 37
38 39 39 40 40 34 35 41 41 42 42 43
38 44 44 45 45 46 47 47 48 48 49 43
50 51 51 52 53 46 54 54 55 55 49 56
50 57 57 52 53 58 59 59 60 61 61 56
62 63 64 65 65 58 66 66 60 67 68 69
62 63 64 70 70 71 71 72 72 67 68 69