12 12
4 5 2 5 - - 5 - - 2 - 5
- 5 - - - 3 - 0 - 2 - 6
5 - 4 6 - - 5 - 6 - - 3
5 - 5 5 - 3 3 4 4 - 3 5
1 2 2 3 3 4 4 5 6 7 8 9
1 10 10 11 11 12 13 5 6 7 8 9
14 15 15 16 16 12 13 17 17 18 18 19
14 20 20 21 22 22 23 23 24 25 25 19
26 27 27 21 28 29 30 30 24 31 32 32
26 33 34 34 28 29 35 36 37 31 38 38
39 33 40 40 41 41 35 36 37 42 42 43
39 44 44 45 45 46 46 47 47 48 48 43
49 49 50 51 52 53 53 54 54 55 55 56
57 57 50 51 52 58 59 60 61 61 62 56
63 64 65 65 66 58 59 60 67 67 62 68
63 64 69 69 66 70 70 71 71 72 72 68