12 12
- - - 6 - - 2 - - - 6 6
- 4 - - - - 2 - - 5 5 6
5 - 4 4 - 6 6 4 4 - - -
4 - 4 4 - 6 - 3 5 - 4 6
1 2 2 3 4 5 6 6 7 8 9 10
1 11 12 3 4 5 13 13 7 8 9 10
14 11 12 15 16 17 17 18 18 19 19 20
14 21 22 15 16 23 24 24 25 26 27 20
28 21 22 29 29 23 30 31 25 26 27 32
28 33 33 34 34 35 30 31 36 37 37 32
38 39 40 40 41 35 42 42 36 43 44 44
38 39 45 46 41 47 47 48 48 43 49 50
51 51 45 46 52 53 54 54 55 56 49 50
57 57 58 59 52 53 60 60 55 56 61 61
62 62 58 59 63 64 64 65 65 66 67 67
68 68 69 69 63 70 70 71 71 66 72 72