12 12
5 - 6 5 - - - - 4 - 6 -
- - 5 6 - 4 1 4 4 4 6 6
5 - - - 2 - 5 - 5 6 5 5
5 5 1 - - - 6 - - 5 - -
1 1 2 2 3 4 5 5 6 7 8 9
10 10 11 11 3 4 12 13 6 7 8 9
14 15 16 16 17 18 12 13 19 19 20 20
14 15 21 22 17 18 23 23 24 25 26 27
28 28 21 22 29 30 31 32 24 25 26 27
33 34 34 35 29 30 31 32 36 36 37 37
33 38 38 35 39 40 41 41 42 43 44 44
45 46 47 47 39 40 48 48 42 43 49 49
45 46 50 51 52 52 53 53 54 55 55 56
57 57 50 51 58 58 59 59 54 60 60 56
61 61 62 62 63 64 65 65 66 66 67 67
68 68 69 69 63 64 70 70 71 71 72 72