12 12
5 - 4 5 - 5 6 4 - 5 - 6
6 - - - 3 5 6 - 4 5 - 5
- 5 - - - 6 2 5 3 - - 5
5 - - 5 - 6 2 - - - 5 -
1 2 2 3 4 5 5 6 7 7 8 8
1 9 9 3 4 10 10 6 11 12 12 13
14 14 15 16 17 18 18 19 11 20 20 13
21 21 15 16 17 22 22 19 23 23 24 24
25 26 27 28 28 29 30 31 31 32 33 34
25 26 27 35 35 29 30 36 37 32 33 34
38 38 39 40 40 41 41 36 37 42 43 43
44 45 39 46 47 47 48 49 49 42 50 51
44 45 52 46 53 53 48 54 54 55 50 51
56 57 52 58 58 59 59 60 61 55 62 62
56 57 63 64 64 65 65 60 61 66 67 67
68 68 63 69 69 70 70 71 71 66 72 72