12 12
5 - 5 4 5 - 4 6 - 5 - -
6 - 5 4 4 - - 6 - 3 - 4
- 6 5 6 6 - - - 3 2 5 -
- 5 6 - 6 - - - 4 2 6 5
1 2 2 3 4 4 5 5 6 6 7 8
1 9 10 3 11 11 12 12 13 13 7 8
14 9 10 15 16 16 17 17 18 18 19 19
14 20 20 15 21 22 22 23 24 24 25 25
26 26 27 27 21 28 28 23 29 30 31 32
33 34 34 35 36 36 37 37 29 30 31 32
33 38 38 35 39 39 40 41 41 42 42 43
44 45 46 47 47 48 40 49 49 50 51 43
44 45 46 52 52 48 53 54 55 50 51 56
57 57 58 58 59 59 53 54 55 60 60 56
61 62 62 63 64 65 66 67 68 69 70 70
61 71 71 63 64 65 66 67 68 69 72 72