12 12
5 - - - - - 5 6 4 - 4 -
- - 4 5 - 4 6 - - - 5 -
- 6 5 6 5 2 - - - - 6 6
6 6 6 - 3 - - 4 - 3 - 6
1 1 2 3 4 4 5 5 6 7 7 8
9 9 2 3 10 11 12 12 6 13 14 8
15 15 16 16 10 11 17 18 18 13 14 19
20 21 22 23 24 25 17 26 26 27 27 19
20 21 22 23 24 25 28 28 29 30 31 32
33 33 34 35 35 36 37 37 29 30 31 32
38 39 34 40 40 36 41 42 42 43 44 44
38 39 45 46 46 47 41 48 49 43 50 50
51 52 45 53 53 47 54 48 49 55 55 56
51 52 57 57 58 59 54 60 60 61 61 56
62 63 64 65 58 59 66 66 67 67 68 69
62 63 64 65 70 70 71 71 72 72 68 69