12 12
- 2 - 2 4 4 - 5 - - - -
- 1 5 - - 4 - - - 5 6 4
5 5 2 - 2 5 4 6 6 5 - 3
- 6 - - - 2 - 6 6 6 - -
1 1 2 3 4 5 5 6 7 7 8 9
10 11 2 3 4 12 12 6 13 13 8 9
10 11 14 15 16 17 17 18 19 19 20 21
22 23 14 15 16 24 25 18 26 26 20 21
22 23 27 28 28 24 25 29 30 31 31 32
33 33 27 34 35 35 36 29 30 37 37 32
38 39 39 34 40 40 36 41 42 43 44 44
38 45 45 46 46 47 48 41 42 43 49 49
50 50 51 51 52 47 48 53 54 54 55 56
57 58 58 59 52 60 60 53 61 62 55 56
57 63 63 59 64 65 65 66 61 62 67 68
69 69 70 70 64 71 71 66 72 72 67 68