12 12
4 4 5 4 4 5 5 4 5 5 3 6
5 5 5 4 2 5 4 5 5 6 3 5
5 4 4 4 4 6 6 2 5 4 6 4
4 6 3 5 4 5 4 5 3 5 4 6
01 02 02 03 03 04 05 05 06 07 07 08
01 09 10 10 11 04 12 12 06 13 13 08
14 09 15 15 11 16 16 17 18 18 19 20
14 21 21 22 23 24 24 17 25 26 19 20
27 27 28 22 23 29 30 30 25 26 31 31
32 33 28 34 34 29 35 35 36 37 37 38
32 33 39 39 40 41 42 42 36 43 44 38
45 45 46 46 40 41 47 48 48 43 44 49
50 50 51 52 53 54 47 55 56 57 57 49
58 58 51 52 53 54 59 55 56 60 61 61
62 63 63 64 65 65 59 66 66 60 67 68
62 69 69 64 70 70 71 71 72 72 67 68