12 12
5 6 5 3 4 3 6 5 4 3 5 5
5 5 5 4 4 4 5 5 4 2 6 5
4 5 5 5 4 5 5 2 3 6 5 5
4 5 5 5 4 4 5 3 5 3 5 6
01 01 02 03 03 04 04 05 06 06 07 08
09 14 02 10 11 11 12 05 13 13 07 08
09 14 15 10 16 16 12 17 18 19 20 20
21 21 15 22 22 23 23 17 18 19 24 24
25 25 26 27 28 28 29 29 30 31 31 32
33 33 26 27 34 35 35 36 30 37 38 32
39 40 40 41 34 42 42 36 43 37 38 44
39 45 45 41 46 46 47 47 43 48 48 44
49 49 50 50 51 52 53 53 54 55 55 56
57 58 58 59 51 52 60 60 54 61 61 56
57 62 62 59 63 64 64 65 65 66 67 67
68 68 69 69 63 70 70 71 71 66 72 72