12 12
4 6 4 4 3 3 4 2 3 4 3 5
5 4 6 3 3 3 3 5 3 2 3 5
3 4 3 3 3 6 3 5 4 2 5 4
5 4 2 2 5 4 5 1 4 2 5 6
1 2 2 3 3 4 5 5 6 7 7 8
1 9 10 10 11 4 12 12 6 13 14 8
15 9 16 16 11 17 17 18 18 13 14 19
15 20 20 21 21 22 23 23 24 25 25 19
26 26 27 27 28 22 29 30 24 31 31 32
33 34 34 35 28 36 29 30 37 37 38 32
33 40 41 35 42 36 43 43 44 45 38 46
39 40 41 47 42 48 49 49 44 45 50 46
39 51 51 47 52 48 53 54 54 55 50 56
57 57 58 58 52 59 53 60 60 55 61 56
62 63 63 64 64 59 65 65 66 66 61 67
62 68 68 69 69 70 70 71 71 72 72 67